0.9999776296080478 -0.0024404660419853354 0.0062277129805334225 0.017625603824853897 0.0024341709840445024 0.9999965190408708 0.0010181933812777797 -0.006934124045073986 -0.006230176168490253 -0.0010030112856585856 0.999980089238416 0.4347207248210907
0.9998630836796809 -0.0025219447399578276 0.01635401141274204 0.04466760043124371 0.002517083992173679 0.9999967816413382 0.0003177973286446074 -0.011108777037931164 -0.016354760246969104 -0.00027658939666892345 0.9998662137083989 0.8968840390539589
0.9997363647887768 -0.003064078607894141 0.02275549035302784 0.06333850497739049 0.0030835053120867 0.9999949108692305 -0.0008186761447899724 -0.017474756472693122 -0.022752866059299666 0.0008886269883143158 0.9997407251023451 1.2887948175958375
0.9997745539411692 -0.004874221293358254 0.020665992802663284 0.06936391629588869 0.004914676769598515 0.9999861040784104 -0.0019072499398117785 -0.025622993630285584 -0.020656409271379347 0.0020083866325775815 0.9997846163745203 1.663349184494663
0.9998349328348569 -0.006861208459980908 0.016823522270498527 0.07677659749411274 0.006908448746226404 0.9999723509566181 -0.002751482911931823 -0.03172415114178846 -0.016804178618368602 0.0028672531737843473 0.999854688662407 2.0449435187296294
0.9999437627487158 -0.00784320404442025 0.007138311443025186 0.07251595344677955 0.00787490610296171 0.9999592066679343 -0.004423895783645836 -0.03942807861296094 -0.007103322730213727 0.004479860528254515 0.999964736206151 2.4438411621014726
0.9999593908099272 -0.00753866248251223 -0.004938147326087569 0.06556231161724546 0.00751785773740362 0.999962843750205 -0.00421816714257356 -0.04835063817626262 0.00496976318143467 0.0041808715571384405 0.9999789106610911 2.8179532240855427
0.9997083119607341 -0.003901179180198083 -0.02383425680871786 0.04590112882169029 0.0038103940097653517 0.9999853165757371 -0.0038532493317623407 -0.058000123309390916 0.02384893905628232 0.003761307475648807 0.9997084978492294 3.162741132327742
0.9985768051208952 -0.002195605491352882 -0.05328736802538041 0.009062682184499453 0.001916227645460946 0.9999841539811494 -0.005293378714516453 -0.06530427952154032 0.053298145804115564 0.005183734477272703 0.9985651889339582 3.5341025254745784
0.9974000312395346 -0.0020917048223055776 -0.07203334265680189 -0.028246886548102937 0.001728582035908453 0.9999854855541123 -0.005103007471210605 -0.07229440238009464 0.07204297111808355 0.004965224269098048 0.9973891702141324 3.908169148769794
0.9959045206434305 -0.0038499025212712936 -0.09032919800682412 -0.06896908651587348 0.003488113481051489 0.9999852521846957 -0.004162748785781244 -0.0787716063390016 0.09034389202554112 0.003830621840762319 0.995903262124384 4.293858977771155
0.994202414435435 -0.006109396721730203 -0.10735098696541412 -0.12244966975626997 0.005822407777337273 0.9999785896762671 -0.0029865961792740815 -0.08448201945712266 0.1073669348469369 0.0023442399109656785 0.9942166996388727 4.716118608056334
0.9918886164143805 -0.006563016522465457 -0.12694053506146977 -0.1970372079944391 0.0062632923150642145 0.9999765761066733 -0.0027601462551658977 -0.09223221650151658 0.12695567650539474 0.001942691972417194 0.9919064886121861 5.203313210945736
0.9902335346682721 -0.008849319174042827 -0.13913747291271386 -0.2819831424627439 0.00858093488985125 0.9999599858401227 -0.0025286903798778073 -0.0989561714552547 0.13915428263189167 0.0013100644171456185 0.9902698467369515 5.768683426169787
0.9883121660430334 -0.007950525472395702 -0.15223617045906193 -0.37391647479591045 0.007705589987632482 0.9999678939932827 -0.002198832777029967 -0.10553519576322425 0.1522487646395538 0.0010000636737880469 0.9883416987754675 6.268427179620312
0.9864236929678235 -0.008782407480441966 -0.16398526540689187 -0.4723977217265261 0.008494093172817511 0.9999609003423677 -0.0024593022694581437 -0.11201443131780003 0.1640004522338056 0.0010330079034277053 0.9864597227265681 6.782999941564263
0.985000501511311 -0.011989702092433743 -0.17213442150308175 -0.5597412435649509 0.01141343884728446 0.9999254586807955 -0.004337106832904185 -0.12019690032204895 0.17217359099509189 0.0023074067121806466 0.98506392200614 7.279149835093848
0.983585060414675 -0.011411962721028377 -0.18008385834358995 -0.6586585671114445 0.010525495420530004 0.999927332791863 -0.005877336293196736 -0.1281039874415394 0.18013784409505038 0.0038853883467144445 0.9836337025957284 7.789293682277263
0.9823817720104095 -0.011882342172347174 -0.18650700782058352 -0.7734441846973777 0.010709519883636328 0.9999160434476511 -0.007294672018468944 -0.13629864156529742 0.18657802712417637 0.005168752315046216 0.9824265488034997 8.360641376693835
0.9813442997966118 -0.013249359734116955 -0.1918015112644683 -0.8920128801584077 0.011560363357786577 0.999883945560217 -0.009922369171168293 -0.14827883680192389 0.19191071688609232 0.007519965263813786 0.9813835778464487 8.955404015583483
0.9806695523753308 -0.0159103890658213 -0.19502330261725784 -1.0255698626095255 0.014044777619439971 0.9998414601794637 -0.01094526051851398 -0.16595114680327303 0.19516652701113668 0.007994624817454355 0.9807375350767599 9.628957228588625
0.978962758452376 -0.020713463219784126 -0.20298490092801877 -1.1325135551613246 0.018706190032399855 0.999755359614594 -0.011802515679508623 -0.18081458716009163 0.20317971359805248 0.007757149175821805 0.9791107346050685 10.166904107457311
0.9772477192616691 -0.021203327187146074 -0.21103865549718812 -1.2541263648507532 0.018738283461201665 0.9997309172769422 -0.013673689097347105 -0.19499383550346341 0.21127179634488277 0.009408079336298414 0.9773820727394213 10.723931821806286
0.9758639828767919 -0.01801531170420371 -0.21763486730771087 -1.3954540450154134 0.014479493075172092 0.999736173603702 -0.017830520702262317 -0.21454461656745244 0.21789867187325979 0.0142489203951788 0.9758673767799805 11.341497478010771
0.974742362375474 -0.015628223604873998 -0.22278484153468908 -1.550974239235199 0.01120109648601154 0.9997141657833967 -0.021121604331055026 -0.23801124058714326 0.22305125515941732 0.01809268799716177 0.9746388008964372 11.99170273221852
0.9729358204453289 -0.017443028803384084 -0.23041621045520955 -1.749172651260816 0.01261612306228551 0.9996693595247624 -0.02240546956053043 -0.2746666829877659 0.2307308447807799 0.018892124642689107 0.9728341918812433 12.802723409849852
0.9707776265978203 -0.019251347592032144 -0.23920741065651438 -1.9018513449378103 0.013825416689036467 0.9996081251962718 -0.024340375818142496 -0.2967834703408134 0.23958225633480879 0.02032195013980357 0.9706633612082185 13.436560853725508
0.968982044231012 -0.019485317006646585 -0.2463617672834812 -2.0512378182073845 0.013421527928262783 0.9995648127732603 -0.02626875812876409 -0.3209719234343351 0.24676640886871226 0.022147403610968418 0.9688218783488178 14.04026996935788
0.966898147585467 -0.020556808435911025 -0.254333225951157 -2.213853657345415 0.013364078371216035 0.9994612590026781 -0.029976543531048012 -0.34735443421367324 0.2548124282782945 0.025585335247169976 0.9666519627121273 14.671591056749952
0.9644199232978893 -0.021292037599889752 -0.2635163385464718 -2.3992132894549534 0.01244178996264298 0.9993025301899853 -0.03520873497327127 -0.379023295376324 0.26408220956478545 0.03067739054641806 0.9640121805769064 15.348701702898078
0.96262471107515 -0.022172716831378426 -0.2699296876147565 -2.567204374996738 0.011100506852024801 0.9990357905841903 -0.042476674533781976 -0.40375451132799434 0.2706112421447279 0.037892740203582534 0.9619426676599546 15.957550677953346
0.961327745958451 -0.02232513863248846 -0.2745005519766479 -2.7471847954139874 0.008732942582198318 0.9986788427844404 -0.050638964134210686 -0.4334508862136151 0.27526841548623066 0.046283443689617794 0.9602526450241773 16.592924767557367
0.9596599938303224 -0.022716622818261714 -0.28024391392021125 -2.9571904372463247 0.006440344628301141 0.9982452483486446 -0.05886379286471931 -0.47293420892179083 0.2810893420296375 0.05468435971175579 0.9581223317511494 17.296610342026277
0.9584530985015465 -0.022044376854455212 -0.2843970875763038 -3.1443049129469394 0.0026837726652077136 0.9976621217130005 -0.06828680885349832 -0.5140722113696718 0.28523754194892786 0.06468644640271633 0.9562715139094758 17.9276922875722
0.9575729997379377 -0.020528864964347856 -0.2874587202993905 -3.3533837330758356 -0.0012154414005668256 0.9971631100036141 -0.07526124334689621 -0.5708268540942378 0.2881882594331166 0.07241752378530016 0.9548315188417876 18.607252317553122
0.9560606227906666 -0.019137354973451426 -0.29254375261444726 -3.5479091144144994 -0.0051257454634363354 0.9966234577528732 -0.08194760637230157 -0.6254057800752775 0.2931242267069829 0.07984638439732719 0.9527343504965623 19.23420649645926
0.9546672524269546 -0.017910058733354613 -0.2971357718951677 -3.77976933234802 -0.008590300948912388 0.9961150603436507 -0.08764127615553591 -0.6939638714520567 0.2975510777550239 0.08622074200986433 0.950804574964851 19.937855005941316
0.9530165456676155 -0.017759050422000617 -0.30239722189840745 -4.003107303501993 -0.010785827885311985 0.9956575635012836 -0.09246449134405331 -0.7640429046427751 0.30272616272894887 0.09138179452601555 0.9486865857745698 20.61048353102438
0.9513523927192916 -0.01548056143248778 -0.3077157407170033 -4.244134709680092 -0.014663823879998117 0.995330180215149 -0.09540861922328693 -0.8400408619932496 0.3077557426539677 0.09527950761109513 0.9466827442669963 21.328734440566407
0.9497654427006691 -0.014957770865629603 -0.3126049726769131 -4.461184660079744 -0.0161299411166016 0.9951901401476448 -0.09662510001280576 -0.9102927100343796 0.3125466826750478 0.09681348069169436 0.9449559360653706 21.97421895734306
0.947544849754246 -0.015029188887275956 -0.3192692925816609 -4.7285665254002245 -0.016204071428062735 0.9953505179388057 -0.09494616636865465 -0.9967245557646408 0.3192118196015894 0.09513921336830881 0.9428957229229015 22.76311018387932
0.9451984525623321 -0.014980856181858005 -0.32615250914538607 -4.994408095735867 -0.016402149470113935 0.9955067201140001 -0.09325952873902361 -1.078929427385488 0.32608412222390165 0.09349836445587283 0.9407056931248708 23.520053865461804
0.9423339770440833 -0.015879526408791353 -0.3342970480714923 -5.250735642459455 -0.015364502375841783 0.9957678813447371 -0.09061047703745294 -1.1614361429114963 0.33432111476097887 0.09052163897789597 0.9381019268191123 24.244528028646602
0.9395134261656919 -0.01546519821231079 -0.3421627532310569 -5.523997195164626 -0.015314768925864473 0.9960842255152894 -0.08707280592901384 -1.241343535196976 0.3421695192549305 0.08704621372499939 0.9355976575264555 24.97573680773726
0.9354195568306076 -0.016830866288873685 -0.3531387470085884 -5.8014303422180244 -0.012759317365315357 0.9966082526958576 -0.08129692785634254 -1.3197317609111239 0.3533092873378799 0.08055254557414222 0.9320320997059728 25.699002870763508
0.9318018605815299 -0.013828235978704657 -0.3627038358034231 -6.11270304852158 -0.014904703879594855 0.9969734342068379 -0.07630086033645914 -1.4017774505271572 0.3626611950830424 0.07650327689412731 0.9287755951818497 26.464640127710638
0.9284262631663723 -0.011450526091461417 -0.3713402204382863 -6.427205466929659 -0.016572017957724488 0.9972536181717034 -0.07218441150451772 -1.4741917847947679 0.37114692789208814 0.07317176023353174 0.9256866918242862 27.20738553232401
0.924591884439401 -0.011117548256529306 -0.380796858376696 -6.793185913051502 -0.017052982721887693 0.9973643113138947 -0.07052394130822626 -1.5558138803610198 0.3805772497261028 0.07169958603871356 0.9219653607119912 28.07314710183907
0.9209385797982668 -0.01169034562030024 -0.38953237100198707 -7.1302074777344275 -0.017002584831358972 0.9973928953093111 -0.07013076711087958 -1.6265024797422354 0.38933667223651547 0.07120918624577813 0.9183388304139216 28.8451728894634
0.9174496249600534 -0.01121219646866866 -0.39769394301523564 -7.485332992920098 -0.01766869131306542 0.9974683406135446 -0.06888197747556182 -1.7004678048186934 0.39745943567607095 0.0702224759176731 0.9149288501670774 29.643353779240574
0.9135689087843291 -0.010553052999912733 -0.4065470230797315 -7.849130424179195 -0.018265870243963554 0.9975897116797022 -0.06694120655499228 -1.772951715733977 0.4062735616390032 0.06858134019679474 0.9111741836169251 30.438218832301516
0.9096630326962033 -0.010570629471629305 -0.4152125103347927 -8.230797591903935 -0.01799020052012248 0.9977351647216489 -0.06481430214936366 -1.8450353884412014 0.41495725036585646 0.06642893097466458 0.9074126280245227 31.262607467847857
0.9057764429966072 -0.009319613034417605 -0.4236533726117417 -8.6129987553642 -0.017997149340924643 0.9980100236830098 -0.06043256774155445 -1.9120241534002478 0.42337352057965844 0.06236294926577663 0.9038062428589767 32.06244559784817
0.9017621740281785 -0.007980975417383664 -0.4321588660705236 -9.001810051868288 -0.01742331360806299 0.9983456868553164 -0.05479340909544297 -1.9738013068517437 0.43188124482881657 0.05694026316037368 0.9001313219727103 32.85587437699152
0.8969957295839893 -0.008355740417837078 -0.4419602275207091 -9.39205178765298 -0.015797239351253784 0.9985767170706024 -0.050941018377889606 -2.033239509612551 0.44175684299959167 0.05267562744350575 0.8955870532429926 33.62595290561721
0.892942295405905 -0.00860487635316686 -0.45008889475100455 -9.770348673967344 -0.014846476351979927 0.9987105150776212 -0.0485478033830743 -2.084942987302201 0.44992625975282174 0.05003262112200652 0.8916631076861362 34.356041654232975
0.889903499265241 -0.009825382043771667 -0.45604300659386726 -10.175737520525988 -0.013152071587704053 0.9987996541509807 -0.047183406837916816 -2.13932808911602 0.4559591922622368 0.04798658912211202 0.8887060831658543 35.138586867540276
0.8864372783863801 -0.009382912238430846 -0.46275361959132644 -10.623448449175322 -0.012966569020771807 0.9988986694628833 -0.04509230791509693 -2.196513039476692 0.46266707206670443 0.04597182945246207 0.8853393537632995 35.98938175500584
0.8835384198886393 -0.01052945299847957 -0.4682403135145884 -11.078952291587843 -0.011507656031179899 0.9989573945721767 -0.04417802261572582 -2.251710710673906 0.46821729403489 0.044421328763560704 0.8824960686130705 36.84216058368251
0.8802424397535432 -0.011277886742406673 -0.47439019438364866 -11.5887064160717 -0.010570664485539732 0.9990034213109303 -0.04336387046135406 -2.3163824290367145 0.47440648004539726 0.043185338712118444 0.8792459941400108 37.77201540395224
0.8778804118253667 -0.01210204142811607 -0.47872698182429335 -12.071649283728519 -0.010150301993023038 0.9989857960006043 -0.043867422519321374 -2.3707809700901583 0.47877234036938143 0.04336957438470426 0.8768672226254753 38.64975968161649
0.8762038425815374 -0.01236283732592826 -0.4817820944146861 -12.560271335987682 -0.010202824160358696 0.9989710511478845 -0.04418983308005219 -2.42653505026484 0.4818326769994963 0.04363483954070087 0.8751761377881349 39.54643763769981
0.8746637727434035 -0.012550704410525838 -0.48456760567445684 -13.018490801026854 -0.009437663648834676 0.9990343143715487 -0.04291117818262111 -2.480841800082066 0.4846382312149207 0.04210603907955251 0.8737006731815562 40.38135552508307
0.8740596457892688 -0.012475028040674832 -0.4856584286081349 -13.511300469798936 -0.008726065791246783 0.9991058504818898 -0.0413685304146256 -2.5389070664028477 0.4857402509351521 0.04039645044113838 0.8731692478627568 41.29229407441277
0.873411377720465 -0.013196510908211147 -0.4868042906223087 -13.996620748947032 -0.0075180534190457384 0.9991482497184756 -0.04057405522368174 -2.5930704729257066 0.48692509089307284 0.03909766213414131 0.8725682372596528 42.17419579031053
0.8725387418244673 -0.014779344083907719 -0.48832132351948904 -14.482360781267802 -0.006046780726180537 0.9991390418110229 -0.041044019927385184 -2.650307295681256 0.4885075029702457 0.038765269474099674 0.8716981549965426 43.054574348126756
0.8710803726813574 -0.016036365361640076 -0.49087861973740066 -14.971350966288508 -0.004799764559500013 0.9991411226043941 -0.04115798076926519 -2.706326989333862 0.49111703960408465 0.03820801102933555 0.8702552506613808 43.93463166179306
0.8692197916435978 -0.01631499017244161 -0.494156629937041 -15.46356295994104 -0.0034497860672591603 0.9992309666979766 -0.03905859915455137 -2.762827674596619 0.494413847693559 0.035655242076010514 0.8684950494512631 44.810468826115226
0.8660922813588543 -0.0167611331649756 -0.4996030670298581 -15.950752859023527 -0.0009561797445259053 0.9993803339051504 -0.0351857062445076 -2.8145669559472792 0.4998832322562041 0.03095177892552507 0.8655395666810592 45.64970703178736
0.8630678559778395 -0.0174282266738355 -0.5047872154609507 -16.494010876993414 0.001947029213939972 0.9995118869864114 -0.031180071361392177 -2.87023203304965 0.5050842356033832 0.025927681883786923 0.8626805145922097 46.57501111373956
0.8588655840524543 -0.017954967261581214 -0.5118862448639069 -17.07941741766843 0.0035051719027201795 0.9995680331349394 -0.029179803026741162 -2.9284152883989303 0.5121890493754893 0.02326727928621174 0.8585575178253643 47.55206972039185
0.8532610223048416 -0.020468674132557613 -0.5210822019552686 -17.640274056096555 0.0049960948238769445 0.999504394304172 -0.03108061780530481 -2.9810529156826187 0.5214601296856797 0.02391650363041736 0.8529404047190466 48.460379312039514
0.8474595756438223 -0.024792862246092777 -0.530280663074978 -18.222274684394343 0.007686059485713471 0.9993771511183313 -0.034441752455248775 -3.033625216643692 0.5308042879811478 0.02511222419963688 0.8471222958089197 49.38330671731305
0.8393632089738323 -0.025943346317091998 -0.5429515136759651 -18.808365683838375 0.0090187916408363 0.9993875710849202 -0.03381041493861744 -3.094477811691944 0.5434961497733801 0.023482451806694556 0.8390831363093044 50.278252953136175
0.8331412217561304 -0.022452667625391557 -0.5526043632900537 -19.34271933356876 0.007657764876960557 0.9995481334865466 -0.02906694825138562 -3.1367346255719353 0.553007290411067 0.019985158494823935 0.8329366903865788 51.06020317639669
0.8278402007574952 -0.018254059900836377 -0.5606669165439728 -19.963527724933318 0.005403120074388334 0.9996835204018841 -0.024569601754121227 -3.181181853858763 0.560937971885707 0.017310353376839296 0.8276768351009465 51.95548340493956
0.8235295166107489 -0.018551129553651177 -0.5669700087863108 -20.58321581846134 0.004701071519700738 0.999654000354427 -0.025880098569304157 -3.2231772496614797 0.56725394242564 0.018647658503787808 0.8233317858766873 52.824456775115934
0.819994673638021 -0.021076584189406042 -0.571982965484272 -21.183105629032706 0.0043651231398143826 0.9995230093123015 -0.030572856511193118 -3.2726526333002766 0.5723545063203821 0.02257280341886283 0.8196955457000883 53.67255021076099
0.8169936652961316 -0.023244760693720848 -0.5761779516488669 -21.71560954225637 0.0016758303143131791 0.9992787020903233 -0.03793767443367506 -3.3189068937406065 0.5766442078602273 0.030029263210567522 0.8164433237477554 54.40925317728554
0.8135485132527586 -0.02408657336039411 -0.5809979806918267 -22.343454706117594 0.001928065688602207 0.9992479964974177 -0.038726270910019484 -3.3689735569487764 0.5814938513406015 0.03038549785095086 0.8129831624169256 55.27393738588153
0.8093690995507689 -0.02216865760555832 -0.586881769449644 -22.97303358646448 0.0018260082688155031 0.9993774967197502 -0.03523187113916791 -3.424863970186504 0.5872974769111298 0.027443936855564958 0.8089057447834636 56.127515922022
0.8053396968829047 -0.019356866985619753 -0.5924974973154336 -23.63580935461446 0.002038323606493578 0.9995512728729803 -0.029884747529118724 -3.4787697138715528 0.5928101026985164 0.022859671880956212 0.8050177746733735 57.01861870420165
0.8018577055263919 -0.01843812203946644 -0.5972304879555362 -24.29024083800816 0.002694470134679321 0.9996251964004143 -0.02724346806347985 -3.5237623513694443 0.5975089622078004 0.02023616507864735 0.8016068473411814 57.88346792507652
0.7979175551389567 -0.018853294381650405 -0.6024716827304242 -24.962016423319678 0.0026499738170466833 0.9996107871147507 -0.027771422768684835 -3.5653818807407944 0.6027607757973625 0.02056277157357169 0.7976569560816076 58.76412738474521
0.7936861412823221 -0.02021427443330158 -0.6079915231691255 -25.622570158552257 0.00319230859921874 0.999572394209422 -0.02906609537332231 -3.6069676817124594 0.6083190925017764 0.021128460511331253 0.7934112866945097 59.61720357682179
0.7899101547151182 -0.022641367618559286 -0.6128044679588257 -26.28782245093579 0.004042416103583741 0.999488697793373 -0.031717532302385436 -3.64840162540547 0.6132092679909389 0.022576790198534234 0.7895977977390446 60.45737941345742
0.7854500033334996 -0.02427819887989925 -0.6184487539987072 -26.98262290293697 0.00543632216911246 0.9994624255695295 -0.03233119663647024 -3.6933710834806726 0.6189012349839661 0.022032451834068448 0.7851597496060926 61.33259382870672
0.7804511003163813 -0.024763153396590055 -0.6247262330403666 -27.679974127074267 0.006340351472034284 0.9994774170264294 -0.03169688939608188 -3.7400903486745487 0.6251846766821464 0.020776888314502844 0.7802002569557431 62.192664140175445
0.7739061205361931 -0.024983683161213018 -0.6328073420657501 -28.368295102233343 0.006991068528867641 0.999497691598829 -0.030910992372237604 -3.7943128068523855 0.633261748061134 0.01949820669477004 0.7736920436312149 63.02279095758879
0.7680996502235014 -0.02670744408358485 -0.6397731158442473 -29.07844982537681 0.00796885601307163 0.9994511257716856 -0.032155007814535494 -3.845257274940876 0.6402807389422056 0.019599990414081687 0.7678908878970969 63.85943200638577
0.7619275948898152 -0.027930315205219824 -0.6470596863025533 -29.798477047479278 0.008603492554382496 0.9994180220988793 -0.03300904451556114 -3.9022470755116996 0.6476050648823616 0.019583528704007272 0.7617244681262462 64.69046699246378
0.7564274355734399 -0.02918983671230808 -0.6534259622516526 -30.52613766965712 0.00921832358898778 0.9993802413650514 -0.033972866810730425 -3.9580961316297496 0.6540126583041016 0.019674516559237423 0.7562277144988563 65.51619657022665
0.7512985419520464 -0.030404155408694112 -0.6592617751656872 -31.262391804923002 0.009740340447335174 0.9993402682535281 -0.03498791241180313 -4.014691895184254 0.659890617169769 0.0198649334469053 0.7510990332775382 66.34015069921887
0.7467928653601623 -0.03206016423620861 -0.6642834952912091 -32.02392002073256 0.01099753715126342 0.9992961201079524 -0.03586528284844094 -4.07093562733576 0.6649657663547535 0.019478454926903734 0.7466197957259753 67.18881728730156
0.7407924712127003 -0.032754082384844056 -0.6709349332697676 -32.792076432471525 0.011861198966152169 0.9992925944593511 -0.035687849722049546 -4.129092802704382 0.6716292329504915 0.01847919765100985 0.740656933202215 68.0252880062263
0.7342590505159193 -0.032730632854879135 -0.6780799011977716 -33.51631113176583 0.013016108526298677 0.9993322004029311 -0.03414284927575545 -4.18222921127607 0.6787445967772353 0.016243734507632286 0.7341947380872155 68.79774013525738
0.7277042031523554 -0.032737319473306555 -0.6851093785871697 -34.29970437981463 0.01362483809922672 0.9993531521318489 -0.033281242628643376 -4.243960920044835 0.6857557557185828 0.014884395783485145 0.7276795299175297 69.60527143804502
0.7211133459858642 -0.03373649545183444 -0.6919952247781044 -35.0545428486779 0.014422015814140163 0.999328239574089 -0.0336908748715155 -4.301962985660619 0.6926669818180503 0.014314973432730343 0.721115478848356 70.3678129790868
0.7139141419002505 -0.034667136702056504 -0.6993745689026084 -35.85314582250858 0.014242117456274425 0.9992859950219001 -0.03499517457381884 -4.364375200419283 0.7000883944797186 0.01502297527027513 0.7138981370817825 71.1543055142258
0.7074556232310615 -0.034031711032812134 -0.7059379461418184 -36.666223813082546 0.01293916198031903 0.9992962788961481 -0.0352068895467633 -4.430441214806663 0.7066393134025284 0.01577306655314989 0.7073981136004774 71.94244672950444
0.701719609476027 -0.033089972265876136 -0.7116843706392989 -37.48219640162185 0.012754641551508055 0.9993442210027321 -0.03388874543759905 -4.493118054559757 0.7123390406230055 0.014703118168789674 0.7016814872293635 72.72302122906636
0.6958979598908644 -0.0328369405638923 -0.7173895488185867 -38.31809538872368 0.012691861142288933 0.9993604077116623 -0.03343190331291412 -4.556195903040186 0.7180285134174526 0.014160184772190788 0.6958696308122243 73.51536664586392
0.6905155889771036 -0.03387857853763661 -0.722523676633418 -39.12444428000884 0.01335666861270229 0.9993294145532066 -0.03409282347232609 -4.617465757147894 0.723194179168481 0.013891116766261877 0.6905050442189498 74.26842626010514
0.684918159080345 -0.03583012987349014 -0.7277384950346101 -39.988200502320154 0.013370948646266007 0.9992400538658888 -0.036613282868295405 -4.684748338985672 0.7284973116589306 0.01534654825502218 0.6848767409996983 75.06323756439296
0.6788264160217541 -0.03923349770765535 -0.733249909354705 -40.82035372133482 0.015325613099194455 0.9991110762290907 -0.039270637115804176 -4.750680573301459 0.7341388305315238 0.015420441432422648 0.6788242684906282 75.82733925675797
0.6725908899349297 -0.04002892939118001 -0.7389311061177046 -41.66533972294363 0.016180505441830226 0.9990927244583836 -0.03939440541461231 -4.817954730824699 0.7398376078709336 0.014540039412596403 0.6726283529808237 76.57948221019505
0.6671212523241753 -0.03960055914367788 -0.7438958464818386 -42.533251762300885 0.016717828780573835 0.9991304395800245 -0.03819527333964458 -4.886354609031122 0.7447615382780493 0.013044555191144508 0.6672031854552102 77.34116764728407
0.6614692236791038 -0.039496583385015355 -0.7489315629790704 -43.407268823022655 0.017352202329836718 0.9991509549555806 -0.03736670022433421 -4.954487733339403 0.7497715433381471 0.011721310176826504 0.6615929592189386 78.09805266192718
0.6567383260281472 -0.040197744946743406 -0.7530464211633587 -44.28496007425704 0.018192339945615865 0.9991322117894227 -0.03746814823391525 -5.019121524807728 0.7538990714233895 0.01090709246188278 0.6568997072925056 78.85214464036787
0.6517828715473332 -0.041085001291863606 -0.7572919589077646 -45.18230257149897 0.019616172922428596 0.9991107746246739 -0.037321117196046145 -5.086736267101406 0.7581518938295867 0.009470094916694151 0.6520092201686111 79.61438098625831
0.646471148964478 -0.0415214259282887 -0.7618077347634563 -46.0635466382232 0.020374040971463767 0.999101412193307 -0.0371653953003677 -5.149748610579911 0.762666343830013 0.008505253801099098 0.6467361971056975 80.35349741189535
0.6424757188526509 -0.04246545831012437 -0.7651285091638397 -46.96636235464808 0.021925028599076638 0.9990732631822558 -0.03703927530728151 -5.213140603041754 0.7659923262054901 0.007021370583440919 0.6428113693374071 81.10443148379122
0.638809840945288 -0.04559919228610697 -0.768012174886772 -47.885227247555854 0.02526396685640056 0.9989469942813612 -0.03829666558478241 -5.280761430955173 0.7689497506925489 0.005061252719298267 0.6392891870122459 81.86472982538018
0.6342054035270345 -0.050082354917908495 -0.7715408374564415 -48.79267367725809 0.02875878473818955 0.9987373409685715 -0.0411904850106133 -5.349123906007023 0.7726295609394532 0.003934651306498036 0.6348449260107574 82.60935358518805
0.6299493247661055 -0.05288287451463481 -0.7748336917105478 -49.697560531680885 0.03172249473504155 0.998598497635778 -0.04236418118354403 -5.420926755737192 0.7759881001371809 0.0021076296250219094 0.6307440260064713 83.34183384499454
0.6230345874188525 -0.056671213077916796 -0.7801386264556427 -50.64728209326772 0.037145458775759074 0.9983903032677683 -0.04286043902285336 -5.49869288857436 0.7813117929304262 -0.0022750712451909956 0.6241367688885763 84.10853841283695
0.6137916487877939 -0.05939706760074409 -0.7872304619606595 -51.55327491976027 0.04036942941752425 0.9982225525418911 -0.043841130975998885 -5.5711331778696636 0.7884352357973757 -0.0048707245029658165 0.6150984921099649 84.81587555921182
0.6055862800320646 -0.06051879050187681 -0.7934750994411325 -52.519576143301265 0.04364884701927612 0.9981290883609694 -0.04281473019403192 -5.648046237221016 0.7945816733293137 -0.008706260040330533 0.6070948570407246 85.55782625352094
0.5968057487239303 -0.0590619082056837 -0.8002090909813333 -53.493569908827396 0.045005943368290606 0.9981812579059505 -0.040107872379675794 -5.724094278545198 0.8011225645003378 -0.012077556226220875 0.5983784498826847 86.28488670083095
0.5871376275613025 -0.05933982769036261 -0.8073092289521796 -54.48175277445271 0.04575505961933636 0.9981478991902827 -0.040090470953284336 -5.797841814091994 0.8081929725139382 -0.01339985789862073 0.5887652868396555 87.00193737375629
0.5769612122429565 -0.06187170212902318 -0.814424736880453 -55.468476344181425 0.046773015445750285 0.9979932498720221 -0.042682059884585115 -5.870049144014019 0.8154312016309218 -0.01346720778547381 0.5786973213357863 87.69812168161954
0.5666249815515468 -0.06414282949157443 -0.8214753968966592 -56.475523621584884 0.04752792082933614 0.9978498113289516 -0.04513148316215569 -5.944081612768913 0.8226039308338788 -0.013470391812801437 0.5684552062573278 88.39281555947986
0.5566355751983 -0.0655703441045467 -0.8281650598749434 -57.49515845044851 0.04783456842149389 0.9977561035007659 -0.04684668601830988 -6.022519326566796 0.8293784965186802 -0.013538386202942435 0.5585230716912543 89.07998635758439
0.5464299033677313 -0.06616878850622375 -0.8348868498983261 -58.51489167515509 0.05074852319572941 0.9976582337932719 -0.045854508370954075 -6.103689760296012 0.8359658773532468 -0.017313000089759344 0.5485082605840216 89.75577778267352
0.5355855669706268 -0.06616506686150761 -0.8418849591125643 -59.56452336977638 0.052346309313766895 0.9976099641766862 -0.04510236442381448 -6.1838520932354575 0.8428570248588898 -0.019913395054669745 0.5377689953348167 90.4328020491615
0.5254935047052741 -0.0662985237161426 -0.8482105176579855 -60.614933631665295 0.052688266986874455 0.99758156635788 -0.045331721618298605 -6.264176257462125 0.8491646030272854 -0.020869216947915322 0.5277157878531721 91.08830058083439
0.5149940573617297 -0.06752066273460776 -0.8545303277157473 -61.66827971350978 0.0526367158589249 0.9975025816167945 -0.04709539055382818 -6.344123961229632 0.8555761199482426 -0.02072582378845649 0.5172619676746016 91.7250629187834
0.5045119935565553 -0.06843104000395758 -0.8606885854486317 -62.721060359777375 0.052211217597037826 0.9974479110012439 -0.048699626243846564 -6.425123169536884 0.8618245976500232 -0.020368053496402996 0.5067973019680981 92.3439043115311
0.4948785303108312 -0.06935381474364288 -0.866190099584321 -63.81679382513666 0.05129579287542653 0.9974031949466481 -0.050553025067755074 -6.511403800414402 0.8674468178918362 -0.019414301190725153 0.497150986158736 92.96872230742154
0.48444607215341845 -0.06973714054416097 -0.8720371175608574 -64.90166019921574 0.05177416900195725 0.9973558938634198 -0.050996631261847156 -6.597934962944498 0.8732877181085744 -0.02044387939271739 0.48677572782144274 93.57825128442235
0.47549334786733377 -0.06743998914336988 -0.8771305056821685 -66.01649243959979 0.05198658846238952 0.9974688611784205 -0.0485104689677244 -6.685514544091939 0.8781819121081667 -0.02253261733062882 0.477795783156649 94.18679105270716
0.4679441681070865 -0.06527286219844221 -0.8813442624735182 -67.12981151957482 0.05241461046817416 0.9975630428958631 -0.046050885526962945 -6.769413758606429 0.8822023374170095 -0.024646072887400342 0.4702250598885534 94.7820622203911
0.46126133238035544 -0.06565416107729374 -0.8848319130682027 -68.23332964776677 0.0531995743479667 0.9975107908665632 -0.04628204180845871 -6.853492360559542 0.8856679900165146 -0.025724564874872468 0.4636059298823787 95.36014325141278
0.4542010636786611 -0.06890832490960355 -0.888230283491463 -69.3692513674829 0.0549495540803816 0.9972728353172627 -0.049269041442231584 -6.938316835184295 0.8892029803478724 -0.026429806969057196 0.4567488643051445 95.9458736529548
0.44751782557485564 -0.07128817490532459 -0.8914290728439478 -70.48422250635859 0.054834856692302 0.9971293637289221 -0.05221274251646766 -7.026387314297848 0.8925922553351483 -0.025515252462480074 0.4501422415275966 96.50967331335733
0.4410489282163771 -0.07424955736071948 -0.8944064211257217 -71.60888787240447 0.05600857726496651 0.9969065388822713 -0.05513974978657447 -7.117854560713913 0.8957337116531554 -0.02577510359841425 0.443843172576252 97.07072965137176
0.4354406134348794 -0.07767698633662397 -0.8968599433384877 -72.75622972207991 0.057987688558332195 0.9966215204020644 -0.05816333077756606 -7.212910668469439 0.8983478725678138 -0.02668015864155648 0.4384737950981158 97.63607702220929
0.4314092249185562 -0.07856049725726703 -0.8987292856727553 -73.8812878246028 0.06078119280254658 0.9964687667722429 -0.057927915972405146 -7.309001378220185 0.9001065088402981 -0.02963520065896811 0.43466081905922155 98.18587185928317
0.42772137421101314 -0.07543801258145451 -0.9007571994165811 -74.98725205546035 0.06240536206079238 0.9965980741056815 -0.05383167724406331 -7.404246086756865 0.9017538449206098 -0.033187120191542574 0.4309740342808243 98.7154849937883
0.4244109771208825 -0.07322188714484164 -0.9025042258860871 -76.1627653987461 0.06455409522369032 0.9966355098116945 -0.05050177593150182 -7.499960388438246 0.903165594611059 -0.0368268356682048 0.42770982322775747 99.2782256770089
0.4205239790313397 -0.07266250372132795 -0.9043670403174792 -77.28216821280263 0.06631040300412831 0.9965834434127367 -0.049237899722099604 -7.589805678473635 0.9048549682203655 -0.03926322539681935 0.42390551496572915 99.80491111939386
0.41732722269626094 -0.07214687181815715 -0.9058878617596547 -78.39903254676994 0.06798524964512892 0.9965287664980688 -0.04804605470304496 -7.6760203417864705 0.90620968601495 -0.04153608586148776 0.42078350555124316 100.32808495053413
0.4146622614434138 -0.07116033814059464 -0.9071887428811878 -79.48973525924796 0.06978473855571288 0.9964885387301804 -0.04626750959476414 -7.759974713992712 0.9072955963738302 -0.044122539082729756 0.41817209656497784 100.83193547129005
0.4123199482876349 -0.07012532831336767 -0.9083362255095984 -80.59531762500634 0.07144083317272693 0.996451729518494 -0.04449896734970191 -7.842234103966174 0.9082337075883432 -0.046544484834893415 0.41586673746740865 101.33960667641719
0.41059637899699025 -0.07059602027354074 -0.9090802029942667 -81.67244138722684 0.07362893729697442 0.9963095308896346 -0.04411460360239003 -7.923776026432395 0.9088395860365446 -0.0488213127641567 0.4142789956936112 101.833908453403
0.4086855160863776 -0.07077212330775322 -0.9099271704393286 -82.7971547169826 0.07599355617824342 0.9961656250066008 -0.04334774474634461 -8.01072393498656 0.9095059803874821 -0.05143300611205077 0.4124966878917736 102.34366321289954
0.40712339316204754 -0.06982288004744308 -0.9107004491939712 -83.90185470904045 0.07891611382387723 0.996034214599221 -0.041086376411791706 -8.095250656474835 0.9099575757798588 -0.05514171533054577 0.4110189795024656 102.84321427543435
0.4060115483854561 -0.06889895761366885 -0.9112670059962634 -84.98542468746064 0.08112142917664816 0.9959347521007035 -0.03915716136864108 -8.172850135975137 0.9102603673158478 -0.05802502217028094 0.4099501927016949 103.32801812038208
0.40405428006772454 -0.06980626698086989 -0.9120675544328654 -86.06868556905097 0.08319419564312074 0.9957559222873392 -0.039355673555231015 -8.247052913790668 0.9109439415080637 -0.059976898218291184 0.4081469185353071 103.80979924873189
0.40241930137177445 -0.07089669951471177 -0.912706066530388 -87.15601227875256 0.08478526919837834 0.9955979173875951 -0.03995303518436494 -8.322388962271738 0.9115207973548443 -0.061306157043197876 0.4066588141159418 104.28837719613279
0.4021030452672478 -0.07201807621544933 -0.912757655506121 -88.22697557229226 0.08479182933315957 0.9955466862857917 -0.04119637245822235 -8.398359976218474 0.911659742812603 -0.06082920452879486 0.40641889868859804 104.7560117036275
0.4009440750238139 -0.07382749712030459 -0.9131228555743465 -89.28079998266513 0.08464245408661214 0.995469269979624 -0.04331959709451105 -8.471776945243379 0.912183919870052 -0.05992022359092474 0.4053764462019474 105.21667799880869
0.4026961392980021 -0.07381557996118146 -0.9123524974205297 -90.32502223376642 0.08332223744752006 0.995560909877581 -0.043770760451045845 -8.545762804735968 0.9115334465291015 -0.058392935178137456 0.4070590141245609 105.66293705266519
0.4071465526436582 -0.07368265638043757 -0.9103859350951696 -91.33633737945104 0.08172924212433193 0.9956813080419503 -0.044034802118936824 -8.613595302151863 0.9096988598718624 -0.05647653463690865 0.41141023976469 106.1045109682717
0.4113479905078206 -0.07301253566283619 -0.9085493934515944 -92.32749989368368 0.07987831453674729 0.9958391256523156 -0.043862178318011126 -8.681330208846632 0.9079715224454704 -0.05453077531188783 0.4154685414949474 106.54547304892084
0.41750898807905074 -0.07272396547115538 -0.9057579531637336 -93.35008976234647 0.07892365872499375 0.9959274574085424 -0.04358389235965096 -8.748999311426328 0.9052388088049843 -0.05328906478731924 0.4215483063747569 107.01323839339042
0.4246816572004312 -0.07130646423429816 -0.9025302644210317 -94.33306364453195 0.07829090090111561 0.9960515146318311 -0.04185588412311683 -8.811790366030168 0.9019512319818551 -0.05288448125905017 0.4285874552158228 107.47503645844617
0.4328898529913024 -0.06939844150578847 -0.8987715123955229 -95.27428458409106 0.07638924519826973 0.9962700090278822 -0.04013417907000077 -8.87077485208002 0.8982043522468628 -0.05128279856006205 0.4365764723122878 107.9286808183979
0.4391440739696251 -0.06824504279422348 -0.8958209064491485 -96.23452041653874 0.0767574329953725 0.9963149372991088 -0.03827325691177049 -8.929389386862423 0.8951317102959319 -0.05195343923830334 0.44276411482186717 108.40104372657066
0.4465675122397742 -0.06694925402087411 -0.8922417017815445 -97.1631708089077 0.07595491653703851 0.9964337184369727 -0.036751808332653665 -8.98656444041186 0.8915202228025055 -0.05135798037225624 0.4500600517556 108.86897385759659
0.45675863256233734 -0.0671068865839351 -0.8870559268461 -98.10318796425749 0.07476383938393337 0.9965186573651718 -0.03689083685265962 -9.043620041577975 0.8864434104331509 -0.04946949864438685 0.4601856677510903 109.35472414421939
0.4664436788624772 -0.06823263475670503 -0.8819153031915227 -99.07457977382057 0.07248414039468577 0.9966157375760942 -0.03877010455107953 -9.10738943007304 0.8815760567531767 -0.04584080245606775 0.46981089492443984 109.86178987621442
0.4779485722370431 -0.06861677928549834 -0.8757036598627735 -99.91567568416508 0.07050371615843395 0.9967243991597081 -0.03961941604277437 -9.152853108019809 0.8755537609447072 -0.04280431894335732 0.48122074142265886 110.32597110242502
0.48970186673011473 -0.06735910475094986 -0.8692840920712805 -100.81751526829474 0.06901630680587065 0.99687750670157 -0.038366470092252476 -9.203626661979182 0.8691540893972238 -0.04120664557583299 0.4928216525726826 110.84297813628147
0.5007993788267487 -0.0646778208889505 -0.8631435347911716 -101.70020824818955 0.06701845924565385 0.9971081229987484 -0.03583178993927604 -9.250187329853587 0.8629649519459524 -0.039902011665711695 0.5036857365242233 111.35935832159038
0.5120315981115129 -0.06181030377440018 -0.8567398256662787 -102.59965150514358 0.06608712282425401 0.997285961629517 -0.0324530881966971 -9.290877076216349 0.8564205361457541 -0.0400024634742286 0.5147267898446826 111.90418367477488
0.5216713014784617 -0.06034509673339866 -0.8510097076496859 -103.52054969617097 0.0657221440112073 0.9973736788082564 -0.030435909827964815 -9.335757935502127 0.8506113407428428 -0.04005264186945254 0.5242672342221479 112.47231026691738
0.5313229615418528 -0.059933612433281096 -0.8450466689118958 -104.41712622283877 0.06517600749156292 0.9974298604157593 -0.029761747234661563 -9.368930391747316 0.8446585100416931 -0.039263668342341566 0.5338636209393268 113.0385069837718
