0.9999766354388482 -0.0034774114175282135 0.005885251586303399 0.018134139478206635 0.003472868459993756 0.9999936638369109 0.0007819659140493447 -0.005745348986238241 -0.005887933513587161 -0.000761508939145726 0.9999823760162351 0.29179608821868896
0.9999273914962439 -0.005869052822263232 0.010524540583175706 0.0330658696414939 0.0058609925171197825 0.9999825069940257 0.0007965379199506558 -0.011684429296110284 -0.01052903140045153 -0.0007347958309199869 0.9999442982350842 0.5805030137354834
0.9998968431096046 -0.008961987769098902 0.011224344732479873 0.04454463867834632 0.008966670440475234 0.9999597312798155 -0.00036693325200047025 -0.01743093452508353 -0.01122060429116608 0.0004675404004336421 0.9999369377342329 0.9164591054694984
0.999911670375368 -0.010572480443900797 0.008054446250682894 0.04936748590384179 0.010587360073202455 0.9999423196395875 -0.0018069865748712478 -0.02064996613009639 -0.008034877337095013 0.0018921022870716088 0.9999659297671663 1.222762102856053
0.9999129487483873 -0.012940070941523892 0.002578660375886296 0.05247664446152549 0.012949146628680578 0.9999099094653012 -0.0035344808221854625 -0.026536381576148925 -0.002532691630413691 0.0035675645925190083 0.999990428932189 1.5794718095512288
0.9998435792311593 -0.01492858994449942 -0.009484422623133081 0.04889617525923915 0.014878698919699456 0.9998752101623395 -0.0053092769069403595 -0.033775086925913425 0.009562499081419141 0.005167330557127802 0.9999409269083006 1.9459247120020453
0.9995774309835199 -0.013759852555988382 -0.0256051933408995 0.0369111421782702 0.013598957751567208 0.9998867442851372 -0.0064472436699818956 -0.03970664836975167 0.025691006528714942 0.0060963153221016576 0.9996513427805893 2.2510333456162157
0.9989634942379894 -0.009178943224436764 -0.044583451875221336 0.010397418952142336 0.008869016432587596 0.999935146579883 -0.007144451118662345 -0.04962475991519143 0.04464613899707455 0.006741634486608627 0.9989801162371067 2.580370959294563
0.9980997903262516 -0.005729165620218654 -0.06135132608175336 -0.017552983574846748 0.005218230346670409 0.999950386088031 -0.008485012342201462 -0.05937033405857363 0.061396894243459996 0.008148743688098654 0.998080166797018 2.89894308522101
0.9967322083924754 -0.005640778699446398 -0.0805796895546511 -0.0535375250655408 0.00493668808777573 0.9999479017097548 -0.008934370542079444 -0.0676193890273867 0.0806258882976435 0.008507378087462403 0.9967081271135966 3.2514863131178044
0.994762263790695 -0.007495782909527068 -0.10194043249165759 -0.09460075307938787 0.0066648718206461415 0.999941755568221 -0.008489108007274964 -0.0774146403358909 0.10199812753980982 0.007765224382982423 0.9947542828601721 3.6165328569547914
0.9926976917466267 -0.00833323394826319 -0.12034055847005189 -0.15114872974988913 0.007480181095096392 0.9999436062241013 -0.007538651227152428 -0.08786882328556817 0.12039659335589617 0.006583432501636059 0.9927040438745034 4.000648993361882
0.9905764022827332 -0.007169045454719658 -0.13677352093101183 -0.22595362708686245 0.006296877494411653 0.9999569970812592 -0.006808327404840405 -0.09804275841438916 0.1368164484790412 0.005882922360467811 0.990578947207179 4.427628832583477
0.9887429209090671 -0.007280271746897951 -0.14944709430262815 -0.307178939702097 0.006372588616560115 0.9999582325324062 -0.006551587974748321 -0.10760376535348604 0.14948854961678967 0.005525471378814456 0.9887480177980186 4.869534664595407
0.9868109209198207 -0.006594389675521086 -0.16174275989417097 -0.4000123893267217 0.00559549246018061 0.9999623622240617 -0.006630580623398539 -0.1159990867379095 0.16178039688881993 0.005638098977732393 0.9868106784091939 5.3418221291138215
0.9848353699047426 -0.006779358800897068 -0.17335897576658102 -0.4844898918096535 0.005515708386654024 0.9999546015791652 -0.007769925459583808 -0.12810371343043786 0.17340378065539022 0.006695899857584012 0.9848280529003602 5.780255474927712
0.983024235785095 -0.01031581292327614 -0.1831855230711815 -0.5817955027188193 0.008705878246407478 0.9999161105636889 -0.009590595348789933 -0.13804990382486007 0.1832690905283515 0.007832996803106135 0.983031578647397 6.287581616140653
0.9814594262798219 -0.009813960295216832 -0.19141860084591428 -0.6918468251173825 0.007737532482170234 0.9999028728330873 -0.011592044307496802 -0.14832314966271062 0.19151377276209375 0.00989601351370924 0.9814400357428698 6.809979507356241
0.979681463498922 -0.010049077170208004 -0.2003078783389159 -0.7979566778602221 0.007501263536731779 0.9998810784007841 -0.013474423974263735 -0.1628204992332556 0.20041946293202964 0.011698081215007837 0.9796403389887146 7.3165550665965515
0.978170398227116 -0.010532234317482203 -0.20753733175621034 -0.9102541980660342 0.0074530295127310485 0.9998503287246883 -0.015613215562970559 -0.1793489210439346 0.20767071142385002 0.013725603426264221 0.9781024912693437 7.841687753903304
0.9764150874829375 -0.0139883062235242 -0.21544814741529997 -1.0309618483868213 0.01051548541145472 0.999795790818206 -0.017256918286875315 -0.19294548804657183 0.21564554598286828 0.014584373527694724 0.9763627883868552 8.389448085341058
0.9745841357505818 -0.02018049140409343 -0.2231109815988028 -1.142805160885453 0.016410959475626045 0.9996897595863156 -0.0187367282988256 -0.2075184649904225 0.22341987993994922 0.014599052878319307 0.9746129615917667 8.909611083505718
0.9728554832610764 -0.020388861579924304 -0.230513563619004 -1.2647025650189345 0.015939728685630032 0.9996493042805384 -0.02114695015513878 -0.22421128378518007 0.23086388573851557 0.016898602750230782 0.9728392999292346 9.417674021848727
0.9711127465327306 -0.016338253039961993 -0.23806111612201422 -1.40484090756314 0.010589668347168117 0.9996211124543738 -0.025406504280937495 -0.2438080995290262 0.2383860156258204 0.022151591885967967 0.9709178206887354 9.960156185885586
0.9693302059376723 -0.01325738722346452 -0.24540414328376253 -1.5410634488102952 0.006368501366437117 0.9995636395585584 -0.028843936326273287 -0.265259936286898 0.2456794538563939 0.026396442117367604 0.9689916582697543 10.481514684042724
0.9674026214161066 -0.015243706831972462 -0.25278409261515333 -1.7144366432220222 0.007620734850133934 0.9994869816835635 -0.031107842185276968 -0.29286813674325296 0.2531286085719855 0.028167407532483684 0.9670224943998508 11.138052395472478
0.9648338750452475 -0.018969086966723635 -0.2621750699529247 -1.860659081597912 0.010726562714994413 0.9994032365977858 -0.032834608726032735 -0.3239788168447369 0.2626414560146462 0.02886770544257455 0.9644615706003984 11.712911332755539
0.9628835530810957 -0.01806059659001566 -0.2693122315394123 -2.02147244738905 0.00878960329622157 0.9993277858714914 -0.03559099969203106 -0.35229506173090597 0.2697739907400643 0.03190284056311942 0.9623950346319248 12.285350566557508
0.9608959419842709 -0.01666643928864898 -0.2764077033651549 -2.1908156275485404 0.005915870961835968 0.9991948360219183 -0.03968226477780157 -0.3823678591717571 0.2768465118958961 0.03649533488776916 0.9602208596893244 12.8742944470751
0.9587273124732728 -0.018014595161195048 -0.28375590686178653 -2.3656403316138963 0.005500631254261383 0.9989791980107442 -0.04483642489779555 -0.41463927798301425 0.2842739583106079 0.041425068533307983 0.9578477333707219 13.480096167043571
0.957436910321225 -0.018879088380882873 -0.2880245523847829 -2.5534089313187986 0.003989301142786146 0.9986288970938068 -0.05219589414503589 -0.4439646696217774 0.2886150519826363 0.04882525894569773 0.9561994801598388 14.116677827418524
0.9563156673854228 -0.01939868988045188 -0.29169167822222253 -2.736748036265951 0.0018266714861043855 0.9981729561850604 -0.060393814352630144 -0.4762867877596759 0.29233030562098133 0.05722272600724429 0.954603871793868 14.727351996523026
0.9552324223398457 -0.019706565000799356 -0.29519937433304516 -2.927481301984664 -0.0005590645073999636 0.997657171577288 -0.06840946898846038 -0.5147455960469248 0.29585588849578204 0.06551197826562577 0.9529834594294361 15.350751890383902
0.9539788600080887 -0.018739865661426915 -0.29928774130034225 -3.128811086079899 -0.004599449552604726 0.9970136356081798 -0.07708862091886928 -0.5581862234076451 0.2998385894468588 0.07491747357160247 0.951043738443278 15.993126465002986
0.9528323221978822 -0.018304886749272962 -0.30294470930532685 -3.339328999332361 -0.00732630538110849 0.9965013659307872 -0.08325474729730765 -0.6189736669242758 0.3034087853448799 0.08154727965525338 0.9493646033829007 16.648780552241174
0.9512962389573402 -0.016279004934307135 -0.3078481114835193 -3.5676570733033524 -0.01197380270001121 0.9959000921036166 -0.08966400948490902 -0.6814963556537681 0.30804560343319576 0.08898314754130385 0.9472010904022022 17.33104513723544
0.9501409019175423 -0.015520904957404123 -0.31143437191906737 -3.7954614897151044 -0.014972756262605528 0.9953375019260438 -0.09528417407693619 -0.7549163264133971 0.3114612063696237 0.09519642203846998 0.9454784810654614 18.00690108453562
0.9484967699506763 -0.013008984285849911 -0.3165195787324783 -4.052078370439765 -0.01998174181835991 0.994709997690324 -0.10076085792022887 -0.8358572138498078 0.31615598584723864 0.10189596077748442 0.9432192776815972 18.735536444664078
0.9466854316613363 -0.010066421917197501 -0.3220021127725336 -4.305436124712392 -0.024814025330162838 0.9942639541049962 -0.1040358289937283 -0.9161224980888619 0.3212023624245382 0.10647937226187613 0.9410054121287573 19.438000270376797
0.9448592923313196 -0.007328247356690471 -0.3273945853031755 -4.557548726241983 -0.02894105684479034 0.9939691322528237 -0.10577229957448808 -0.9967562649104755 0.32619523743283796 0.10941508542814278 0.9389488836762555 20.13527366703191
0.9423353719127283 -0.006829738467328042 -0.33460036090023726 -4.808618495502226 -0.03003643026111691 0.9940310354970637 -0.10488142507519828 -1.080190508818997 0.3333194559266981 0.10888367711049833 0.9365054645647436 20.834138473537397
0.93968796694642 -0.006746659065533523 -0.3419663833881316 -5.081074039550671 -0.03070934484455516 0.9941032117531434 -0.10399875249878487 -1.1670146227576255 0.3406515241640982 0.10822793989325848 0.9339396405074246 21.575024990646096
0.9373017470958681 -0.00609005686103431 -0.34846570290125206 -5.363973011551895 -0.03167409068191625 0.994221105971951 -0.10257262997205632 -1.2562476312879065 0.34707662968069153 0.10717883955025824 0.9316922826138208 22.312476616446965
0.9344448301333078 -0.005571253581837199 -0.3560643489183683 -5.6477703420967185 -0.032197535091643165 0.9944604793880976 -0.10005835132170478 -1.3420487529096687 0.35464937356656495 0.10496340347341139 0.9290890731033923 23.047708424206785
0.9314415054761832 -0.0028755978601785123 -0.36387972300364474 -5.955902758102581 -0.03375326788598615 0.9949749899046394 -0.09426285785652637 -1.4365441094967975 0.3623222857944007 0.10008246800119071 0.9266639416830198 23.796654236898412
0.9286450979959817 -5.70863191175666e-05 -0.3709693770504342 -6.275388280393155 -0.03538617286264077 0.995426487962774 -0.088735144290372 -1.5273556354167197 0.36927780970181545 0.09553064326827278 0.9243959083956288 24.55071931079359
0.9250520137409577 0.0036878244503357016 -0.37982255307528023 -6.605109911040018 -0.03863764565222393 0.9956796828450153 -0.08443400682250889 -1.6161854890175371 0.3778702213885789 0.09278129725582514 0.9211979845110781 25.310648041229165
0.9220011145250291 0.004361064375779677 -0.38716266081857137 -6.925415343759352 -0.039454794051495566 0.9957896665405838 -0.08274212492646987 -1.6951885941986988 0.38517173318009695 0.0915637544474 0.918291247279716 26.046780513814586
0.9185941302243071 0.004910895493236406 -0.395171743705069 -7.266211257202037 -0.04055370569242976 0.995815660645793 -0.08189363203079456 -1.776356813412248 0.39311603995774824 0.09125268827841666 0.9149495756651841 26.80743941219197
0.914879449564603 0.005109741405831189 -0.40369478979438955 -7.601403631943435 -0.041174873309487214 0.9958869815275472 -0.08070780527247014 -1.855469765561025 0.4016219896523576 0.09045999428872853 0.9113269264435048 27.543229611243156
0.9112483996640626 0.005967922892734749 -0.4118139604312039 -7.964541915046996 -0.04211584115133973 0.9960036786420261 -0.07875866971747957 -1.9350748657758612 0.4096981938376125 0.08911260308114823 0.9078581023146185 28.32175422682903
0.9073297551248335 0.005954878756132271 -0.42037751472231666 -8.311042414512888 -0.04195707134678769 0.9961904545778052 -0.07644725222051184 -2.0060160242816267 0.4183208333673 0.08700067601499273 0.9041230904826082 29.058691971317533
0.9042201463066506 0.006765612437516293 -0.42701306010651124 -8.692657000836821 -0.04187256438387413 0.9964613987910265 -0.07287914016609555 -2.0831060614160233 0.4250089591586276 0.08377891863575461 0.901303765346137 29.854260073541933
0.9002357682475984 0.008600685491659711 -0.4353178031929454 -9.088638666019687 -0.042000039481799124 0.9968577772422414 -0.06716076708306142 -2.1589655105999013 0.4333723090498349 0.07874388967235138 0.8977682560594821 30.655659098863275
0.8966681799927035 0.00865896227913007 -0.4426185687031479 -9.48268129549776 -0.04082496964869828 0.997165733252393 -0.0631966951699266 -2.2272735071288663 0.440816851812357 0.07473635527282786 0.8944802850587468 31.440701764318472
0.8929763911520201 0.008107155999470275 -0.4500304865969824 -9.887817810532239 -0.04000718213432389 0.9973099889071201 -0.06141833117035632 -2.293725482412999 0.4483219716038771 0.07284957136236811 0.8908986192208024 32.23355830802984
0.8891499303420493 0.007659475000502579 -0.4575518919373491 -10.27751632296175 -0.039739421092480576 0.9973750939270086 -0.0605285091946396 -2.351069455333813 0.4558872445945 0.07200176703948118 0.8871203783924859 32.977589312560724
0.8860356322765207 0.007192091078252998 -0.46356135749463656 -10.707241218415351 -0.038766681306260584 0.997527313994762 -0.05862083464856952 -2.4177769430327896 0.46199350943151457 0.06991088370431459 0.8841235578712036 33.798855946630646
0.883127210319432 0.006193133859725072 -0.46909271523486173 -11.169188723921804 -0.03742206335252736 0.9976565260963013 -0.057280407749071144 -2.4866165809471052 0.4676386634655638 0.06814030400912464 0.8812893845960508 34.6659007933807
0.8799865957935498 0.005215277454803548 -0.4749698854714379 -11.630866652220247 -0.03659037798175405 0.9977127544385577 -0.056836641964310354 -2.5509019618407365 0.4735870938516311 0.06739481071786044 0.8781646793315425 35.524566521998615
0.8776508151412344 0.004235170428181282 -0.47928186906388726 -12.131267569894662 -0.03629745992251591 0.9976767192218233 -0.05765117801010738 -2.620838690495283 0.477924200145904 0.06799431780835791 0.8757655118013468 36.43900710981624
0.8765458394160712 0.00436218313411681 -0.48129862119133665 -12.620097592005555 -0.03666864873128902 0.9976580567039206 -0.05773917295890926 -2.6904466780248804 0.4799195782655658 0.06825960190377549 0.8746529741247899 37.332736678074276
0.8762061045378097 0.004318222436070621 -0.4819172287080757 -13.089769377678053 -0.036216499513122016 0.9977223538721531 -0.05690755439154644 -2.760292420655252 0.48057385232001026 0.06731610163106137 0.8743668079973658 38.20326809674304
0.8756997859874405 0.004490882657121384 -0.48283508239823764 -13.57601618988991 -0.035636156207196124 0.99783080960812 -0.05535105931760612 -2.83419129086951 0.48153914606429365 0.06567729721726363 0.8739602642213813 39.10785267960865
0.875256991902615 0.0029343127605394 -0.4836492406012969 -14.063508271724297 -0.03384623553460509 0.9979016589245011 -0.055197023976529744 -2.904769099664416 0.48247241420181086 0.06468128728119814 0.8735197196457124 40.00505785209002
0.8746692709452044 0.0007360712432950254 -0.4847196351122075 -14.571998129941129 -0.031731245199382516 0.997940795612466 -0.055743129894689054 -2.9781177042952764 0.4836804673979334 0.064137560379892 0.8728915046019368 40.931842844116005
0.8736790995152649 -0.001675405354208025 -0.4864997678181329 -15.088704770441938 -0.02917123461528678 0.9980143871578312 -0.055824027953915986 -3.052856670073111 0.48562729550676814 0.06296408534139741 0.8718954374326683 41.86897228512527
0.8719685278322266 -0.00249785303506863 -0.4895555608920371 -15.609584145750706 -0.027506254737250733 0.9981573867389645 -0.054085462453157554 -3.1300303726783487 0.48878859686006504 0.060626661038338824 0.8702931204777571 42.808596173853815
0.8691627852193791 -0.002473214249090576 -0.4945199045548845 -16.143545376525147 -0.025646801708510372 0.998416371318664 -0.0500698616434771 -3.2024718585190546 0.49386060214580607 0.05620171433462394 0.8677229240685255 43.748890552458235
0.8663083448757161 -0.0025045345668648676 -0.4995033322264259 -16.682575713333193 -0.02380143534967172 0.9986445830374477 -0.046287022428089554 -3.272355104977204 0.49894222438474284 0.051987730057836114 0.8650745243326955 44.68521998701751
0.8628328472212475 -0.0023231647586441245 -0.5054840063360877 -17.230783743302677 -0.023267340838796276 0.9987470103758636 -0.0443062085442548 -3.339233395753707 0.5049535707432604 0.049990120731799585 0.8616976727500498 45.614865703394145
0.8581770757772818 -0.00552579293065747 -0.5133240421243134 -17.804111510843093 -0.021575401665323075 0.998670299027179 -0.0468202507890109 -3.4111995980622045 0.5129001936569494 0.051255238302571456 0.8569167356827682 46.565245711467256
0.8537220779692996 -0.00861904783302411 -0.5206575895943859 -18.378079388347324 -0.020977533817356578 0.9984820966229809 -0.05092588534643808 -3.4830984687139948 0.5203062143226098 0.05439866485336683 0.852245403976722 47.4905528470483
0.8480698889012707 -0.008503503123910237 -0.529816151106788 -18.945836695250325 -0.021437566277919644 0.9985020000118162 -0.050340706436078755 -3.5511558426290373 0.5294505588731293 0.054050406168920664 0.8466171858059026 48.38350071212495
0.8428140935174496 -0.005455123087533195 -0.538177150574476 -19.519752383699473 -0.022527475672260718 0.9987147371580518 -0.045402495781176555 -3.6114768237401074 0.5377331276834244 0.05038963599217507 0.8416079657277362 49.251831484062706
0.8376110660495192 -0.0020052464833001313 -0.5462633806305633 -20.09904540985977 -0.024067288659296516 0.9988867906266599 -0.04057024929873888 -3.6707819019676027 0.5457366284646656 0.04712916823065019 0.8366303687136315 50.10493831213096
0.8342337589108858 -0.0014672929421628788 -0.5514089975189365 -20.68398083984156 -0.025779854848159926 0.998799181314578 -0.04166046674410574 -3.727371568766194 0.5508079834002266 0.04896981168792468 0.8331941688261059 50.95786193845562
0.8304427031069278 -0.004521081937772826 -0.5570856995782367 -21.289836337545918 -0.02535290204024444 0.998624366038059 -0.04589777677865032 -3.793324699554044 0.556526861179763 0.05223921298408866 0.8291856953736023 51.84122081178227
0.8268261164576008 -0.0061712714098607485 -0.5624237624361457 -21.920138043053235 -0.028320768647152057 0.9982146371354942 -0.05258775781194981 -3.8624766748922967 0.5617441652628701 0.05940920482248205 0.8251751566640152 52.73801273966143
0.8231373896615828 -0.006716590132196521 -0.5678025406407705 -22.531623080622715 -0.029184769763246108 0.9981080874824415 -0.054115569996159296 -3.9298539678146356 0.5670917800100653 0.061115735446274154 0.8213840635938081 53.601501576073986
0.8192711716995502 -0.004656125694516025 -0.5733873627100315 -23.13202052957677 -0.029588624376698257 0.9982915473330589 -0.05038352737613543 -3.998891723850875 0.5726423495774158 0.05824351480537545 0.8177337173270851 54.44081934953323
0.8158835484456155 -0.0017930927766572503 -0.5782134728576355 -23.756588135857353 -0.029876203728005125 0.9985287018978153 -0.04525310969498838 -4.060977947234009 0.577443891496478 0.05419609122951774 0.814629569724084 55.29852420365589
0.8125082218701313 -0.0006301530930646016 -0.5829493908569757 -24.38805118570763 -0.02957960296628616 0.998666683128891 -0.04230724638517846 -4.122924388113946 0.5821987946413122 0.05161839706363045 0.811406251271695 56.163137464543546
0.8092286387072815 -0.0004443233740630108 -0.5874936704958629 -25.033793055239826 -0.03044396738494049 0.9986244373506595 -0.04268955347556585 -4.177036171683585 0.5867045041124426 0.052431247389488726 0.8081019670507897 57.0342601389206
0.8053444635634412 -0.0011235013397597896 -0.5928060667304736 -25.682429997460464 -0.03088185783030089 0.9985608660516103 -0.043846409741357256 -4.229620033032859 0.5920022008951186 0.0536184160060464 0.8041507691971318 57.897112863931795
0.8021482616990719 -0.0032541454182750374 -0.5971160496844448 -26.342017284085575 -0.030771068470733118 0.9984312413059668 -0.04677817578097451 -4.289219349907153 0.5963315416765486 0.05589693123797589 0.8007897511081472 58.76679674595347
0.797231460941134 -0.0032992785844951824 -0.6036647351357288 -26.996955627586576 -0.03131249794641271 0.9984129314420166 -0.046809676368408444 -4.353038081291797 0.602861115977821 0.05622039745662705 0.795862891302136 59.6091557524943
0.7924012042963555 -0.0030954980744512454 -0.6099924174293966 -27.622692124660652 -0.03150048951216759 0.9984452496348873 -0.04598698339771221 -4.412819839388948 0.6091863841142399 0.05565520077403996 0.7910717085300293 60.39755388788654
0.7869986525708939 -0.00240215534065571 -0.6169500389021136 -28.323186415097094 -0.03217253549928396 0.9984720416557472 -0.04492783092194959 -4.480091888329465 0.6161152885711794 0.05520698942636997 0.7857188679848088 61.27138234533194
0.781684109455848 -0.00369617386062671 -0.623663604295627 -29.001757495702652 -0.03178377092425624 0.9984469612278164 -0.04575431696325512 -4.542268790998181 0.6228641464477265 0.05558780364191072 0.7803526453829793 62.10194230349263
0.7762548077923695 -0.0044706230329587746 -0.6304034318663969 -29.697983794973315 -0.03197648469711959 0.9984084509800735 -0.04645502597120514 -4.606401555048196 0.629607796811355 0.05621902294835475 0.774876405404813 62.9396142102875
0.7707399030609624 -0.005721149198884115 -0.6371242188784105 -30.387888347466212 -0.03164723355979142 0.9983816684185969 -0.047249304478597806 -4.671316514820127 0.6363634609541882 0.05658014331497695 0.7693115317898623 63.756686517615506
0.764192934729493 -0.007059585761494643 -0.644949083849573 -31.156993366249324 -0.031658251574207236 0.9983242992346455 -0.048439123288088096 -4.744760072170269 0.6442103023212152 0.05743479613031187 0.7626888819018397 64.66076530119831
0.7579915896181187 -0.008442532461942674 -0.6522096853879348 -31.88508080227083 -0.03143637672618885 0.9982813878731919 -0.04945730324535768 -4.815362465409222 0.6515063348015343 0.057991329279498086 0.7564234934491844 65.49395171969705
0.7517827708118208 -0.009290612733202752 -0.6593453950893607 -32.64739104879167 -0.03066434554333998 0.9983264568334698 -0.04903043441301651 -4.888708388222613 0.6586974748872977 0.057078630864554836 0.7502397393338519 66.3523520160152
0.74605702384987 -0.008663176329239122 -0.6658257028233175 -33.339257471205244 -0.030579874088360846 0.9984146488059817 -0.047255267964200084 -4.953230685622759 0.6651795159691978 0.05561599073573051 0.7446093426149494 67.10963092191139
0.7390939008233116 -0.009288850219951628 -0.6735383604720476 -34.0867426870347 -0.02990689022517935 0.9984664059708446 -0.04658770293461421 -5.023869097688024 0.6729381722586718 0.05457612490142633 0.7376826302061763 67.91403527743384
0.7324602049123268 -0.010646297834351762 -0.6807266004514708 -34.87477922974383 -0.029580839591342264 0.9984357942506685 -0.0474440585121893 -5.102545679621199 0.680166907566713 0.05488734919322516 0.7309995600201655 68.73181239000996
0.7260176219108856 -0.012032007263000017 -0.6875708279705351 -35.66694186450583 -0.030093523594867222 0.9983331973700973 -0.04924638937469086 -5.180476606835539 0.6870173160208624 0.056445175436184124 0.7244454083348649 69.53986423997311
0.7207499107945795 -0.011199123450383165 -0.6931047148328676 -36.477970663368545 -0.031522018992243904 0.998305659540582 -0.04890983999049886 -5.262682575542486 0.6924781068079051 0.057099822794704526 0.7191756960774978 70.35173011238443
0.7147433462057344 -0.010447585399154153 -0.6993087994684173 -37.278290684047185 -0.03222043356793372 0.9983348882590143 -0.0478465729760871 -5.343258542707016 0.6986442533330723 0.05673005239014885 0.7132165929368759 71.13813359300998
0.7102436958630802 -0.010182424331460327 -0.7038822420842058 -38.08914658668992 -0.03279855801320428 0.9983308546472647 -0.047536925137376534 -5.424197306625976 0.7031914014541197 0.056849123950999864 0.7087242270636691 71.93012397170125
0.7048060085768376 -0.01066086165635323 -0.709319981604024 -38.93390004313131 -0.03375489370886232 0.9982505383742813 -0.04854348345721489 -5.507527687941949 0.7085965688773069 0.058156759402511235 0.7032131212592003 72.74663306222513
0.698905842457629 -0.01224533325889486 -0.7151088554842351 -39.76581169562258 -0.034860129389466185 0.9980818142569431 -0.05116115155583043 -5.589096233557077 0.7143636292236212 0.06068561495896347 0.6971383373330644 73.53924723393504
0.6931870888512156 -0.014770745132193036 -0.7206063314585981 -40.61001005789972 -0.034806732740001976 0.9979374802102964 -0.053937713591608274 -5.67376786580247 0.7199167668598536 0.06247087865369013 0.6912432553843052 74.33663305162375
0.6884269873943485 -0.015145741350341605 -0.725147495028489 -41.457854816678854 -0.03576645233621954 0.9978567307810675 -0.05479694993520386 -5.763474842932028 0.7244232491537143 0.06365965247995663 0.6864097935866791 75.11513805094476
0.6845196742463043 -0.013990858636120644 -0.7288601178857023 -42.363655616910165 -0.03721230613532524 0.9978417481077796 -0.05410258778747686 -5.846809401324623 0.728043995814694 0.06415685160475759 0.6825216762494356 75.947915280797
0.6794097405949316 -0.013648363294408524 -0.7336321466267095 -43.247022708332935 -0.03703955493827754 0.9979144008347147 -0.05286700272066422 -5.928749061875499 0.7328236320934961 0.06309176480394438 0.6774872349049983 76.7522088834968
0.6742723968400028 -0.014359282215629574 -0.7383431085030129 -44.12845283918936 -0.03691084741436232 0.9979059945042419 -0.05311511532185244 -6.011778603381741 0.7375597089068742 0.06306692593389913 0.67233045346054 77.53861114998773
0.6695011189687471 -0.015222562612808334 -0.7426550513442273 -45.032597947584655 -0.036643165739540316 0.9978959396783317 -0.05348805453635565 -6.098126382558867 0.741906685577224 0.06302354449726469 0.6675346453442096 78.33853759771165
0.6650316610903604 -0.015707126335244886 -0.7466499688138255 -45.91292806183524 -0.03596360868583255 0.9979453251803928 -0.05302590688420747 -6.178256235668162 0.7459487305423141 0.06211613423973665 0.6631003523369756 79.11044240425076
0.661161940008061 -0.01618863844094901 -0.7500685415815058 -46.7690942657395 -0.035374097792177345 0.9979825762067877 -0.052720496896872276 -6.253618780748025 0.7494088085218695 0.06138978394726495 0.6592554376997888 79.85418568978176
0.6573836869650349 -0.01796996721619432 -0.7533417341356495 -47.64389364956267 -0.03364230775430197 0.9980189572115495 -0.053163485357304946 -6.33237188783501 0.7528046780149704 0.06029296248004772 0.6554768305853047 80.61356411880566
0.6530878902086686 -0.02218481602981172 -0.7569570936324694 -48.544938742462996 -0.030577477955445683 0.9979831023559874 -0.055630434600165375 -6.419851240240454 0.7566645396109662 0.05947740200817829 0.6510923230584752 81.38571551551243
0.6475505012389041 -0.025991920214108052 -0.7615791281467928 -49.450163460217425 -0.02669068512174891 0.9980312342075274 -0.05675617035998474 -6.510742331211104 0.7615549590626909 0.057079555269670755 0.6455818838050209 82.15262915150284
0.6407909103655924 -0.028016855805556892 -0.7672040569389657 -50.346073976599655 -0.023820136085643335 0.9981271673666589 -0.05634499872634436 -6.599283811286401 0.7673458218493783 0.054380268070146065 0.6389234509195301 82.90033649784262
0.6326001760636871 -0.031635906554333106 -0.7738321437241279 -51.261688484829484 -0.0195099811979017 0.9981973400102722 -0.0567576517315084 -6.689394798546191 0.7742327672462918 0.051002351052703246 0.6308425970947477 83.64932348641042
0.6242756530769771 -0.03192658722170978 -0.7805514730007818 -52.2336542332572 -0.017693424307101864 0.9983303860074174 -0.05498529904047726 -6.779954658632147 0.7810037462852555 0.04813661187346292 0.6226684630569785 84.42561157771696
0.6153128386864058 -0.030337485512105952 -0.7876990208959777 -53.14295015142319 -0.017579876770540785 0.9984825198871733 -0.05218817310937786 -6.864442909061415 0.7880869612424831 0.04595970466141566 0.6138457844337 85.12661784792927
0.6059438311663584 -0.029997158633142115 -0.7949416607181787 -54.08899452839073 -0.017540997973869595 0.9985420097739836 -0.05105064256809868 -6.947857213716598 0.7953140177700365 0.044877892001220096 0.6045341908841956 85.83728012444837
0.5972376251348379 -0.031523557203286354 -0.8014446234547662 -55.05547156786965 -0.01820054897194716 0.9984373789352381 -0.05283502968725095 -7.033459387761602 0.801857817284598 0.04614179977183454 0.5957306229944841 86.5509876280366
0.5874927760248141 -0.033606531021888056 -0.8085312852273154 -56.05352859795363 -0.017977639771940716 0.9983486890696099 -0.05455913765101677 -7.121852513319028 0.8090296920304528 0.04658858342627662 0.5859184766735417 87.2715618140173
0.5766748760852792 -0.03535694009798091 -0.8162082908663312 -57.037969843654395 -0.017648020426198716 0.9982908256800231 -0.0557133263962497 -7.210670880510779 0.8167831013598811 0.046532936185097656 0.57506525819504 87.96084801335104
0.5658618473568224 -0.03543859010530394 -0.8237381113177138 -58.041271321924086 -0.01578442098959289 0.9984271296623143 -0.05379701486417521 -7.299842434242908 0.8243489684350609 0.04344390734753544 0.5644124424163857 88.64962142683699
0.5552184864885882 -0.035889950084279205 -0.830929806749205 -59.09561239165585 -0.01390493541699153 0.9985283109635513 -0.05242008179435991 -7.392386809471582 0.8315882905815666 0.04065862377437336 0.553902330091147 89.36077504210435
0.5453344502183993 -0.0365951187607728 -0.8374193302568809 -60.131000387937085 -0.013852330135898148 0.9985166394655184 -0.05265580367153196 -7.481307298533425 0.8381040808603687 0.040315232770923796 0.5440185949504143 90.03080050979183
0.5350306316846419 -0.03732391775757348 -0.8440077892545548 -61.17872136301159 -0.013989149083395769 0.9984952657079208 -0.053023655728290056 -7.572669573525075 0.8447168323568892 0.04017623080996515 0.5337034228959447 90.69018207578021
0.5246599624114971 -0.037516752849167084 -0.8504848129731788 -62.229485781720186 -0.015025338418532293 0.9984647747733718 -0.0533135324488021 -7.663603442042798 0.8511792778538352 0.040750298065356697 0.5232907892938767 91.3323885672908
0.5149830324140843 -0.038167102212114015 -0.8563502488084687 -63.28375831639113 -0.01616079643957064 0.9983984048888548 -0.054216729648975025 -7.752722814398877 0.8570480178986672 0.04175999789417297 0.5135414273375075 91.96231144500126
0.503993373127438 -0.03744063691127431 -0.8628956359556509 -64.35284989786248 -0.017596614099220607 0.9984075319437132 -0.05359812804853615 -7.843117950935919 0.8635282502708708 0.042197142862311104 0.5025319513407941 92.5838584959705
0.49497258716972925 -0.035452789312306374 -0.8681850250266266 -65.45469711005585 -0.017562399059942755 0.9985549631313709 -0.05078924832055127 -7.932212977807704 0.8687310861767097 0.04038669750901297 0.4936346974986158 93.20952254987212
0.48715541311677946 -0.03408511927395079 -0.8726498771644347 -66.53765290805251 -0.017077313924622108 0.9986751923739575 -0.04854096708924926 -8.01344321398389 0.8731483086052114 0.03854951077407107 0.48592794362841346 93.81232202211764
0.4789827356505649 -0.03399176282683727 -0.8771659472463733 -67.57092809511825 -0.016650276477317705 0.9987184228730006 -0.0477941430229286 -8.09232245538047 0.8776663986059461 0.03749762491133699 0.47780291008330766 94.37199974834239
0.4707862333941084 -0.03687169876219319 -0.8814764887828718 -68.67007394180384 -0.014947924923994608 0.9986495134211202 -0.04975649589980516 -8.174235243105981 0.8821206731434516 0.0366009176681513 0.4695992875194693 94.96098526618717
0.46476862642414973 -0.04014948391968973 -0.8845214202227065 -69.79242359524174 -0.012381500072265164 0.9985790350912821 -0.0518325103783811 -8.259163387450204 0.8853455948655141 0.03504182668108308 0.46361109567727343 95.55438869539228
0.4576713524547913 -0.04264085413954633 -0.888098356433821 -70.91686041200654 -0.010721626441325365 0.9985120302661145 -0.05346748675873092 -8.348540351555746 0.8890567922628206 0.03399239579806536 0.4565331720250474 96.13165410090824
0.4528289046631275 -0.04627748750541616 -0.8903956296230233 -72.03170550394204 -0.008543806466688576 0.9983810004259848 -0.05623505454313826 -8.438551362391793 0.8915564965119448 0.03307222609072485 0.45170038896236375 96.70291573306761
0.44815994815716553 -0.04734921193875213 -0.8926985566228658 -73.19525913581217 -0.0052659986966197645 0.9984391569640675 -0.05560143072448428 -8.534244448857159 0.893937878225045 0.029619283746599345 0.44721109993474367 97.28830275958481
0.4447657281807682 -0.04493261439317777 -0.8945191485930455 -74.26592758967764 -0.003842715084068171 0.9986358799365743 -0.05207314897417585 -8.625628755016054 0.895638699798426 0.026597734247451155 0.44398635109233603 97.82082100627704
0.44137893937032335 -0.04340088468639825 -0.896270603717855 -75.3883099713573 -0.0008018457217840158 0.9988101470515486 -0.04876112375963414 -8.717975292682134 0.8973204494068817 0.022240803836684225 0.4408189625242205 98.37658059774151
0.437226785028468 -0.04326692275252276 -0.8983099197098956 -76.50355865120179 0.0019285618864815235 0.9988848997826714 -0.047172424521248056 -8.801836306730674 0.8993492197710082 0.018892601242022473 0.43682267628362537 98.92225062752293
0.4346015265101989 -0.04398737475661671 -0.8995480109571851 -77.64264536754844 0.004898031543102548 0.9989072318406984 -0.04647958114437306 -8.885068763736621 0.9006095282873755 0.015794082384695644 0.43434205934909953 99.47637491277216
0.43231285015698245 -0.043670696492542786 -0.9006655704849635 -78.7857129829983 0.007577874271326356 0.998967246288035 -0.04479973956653116 -8.96895019954055 0.9016918406033604 0.012542372644650048 0.43219730850361304 100.02624325227997
0.43086606750219325 -0.04331779510801061 -0.9013756156576336 -79.90208960519419 0.010340409265261096 0.999018653602684 -0.043067455115293654 -9.05264345995657 0.9023566411410866 0.009235712255227086 0.43089116236900854 100.5637440215467
0.43023565477626763 -0.0450159174079127 -0.9015935051558226 -80.97557132949086 0.013263918853278047 0.9989632805692535 -0.04354804853226825 -9.126375299790421 0.9026191610063965 0.0067772600834796705 0.4303867085887643 101.0797430842471
0.4295505525818522 -0.0457771349325037 -0.9018817975178337 -82.07942818452783 0.01610903551091119 0.998943845561681 -0.04303129546444932 -9.202475550910675 0.9028991204733422 0.003955670842207877 0.4298343063514748 101.60646837721517
0.42809931680886804 -0.045438124633810716 -0.9025886946874222 -83.15063855490033 0.02036475440351493 0.998966667525353 -0.040630948196858 -9.281872826326449 0.9035022145661106 -0.000986915930327134 0.42858228413115784 102.11319208326253
0.42682040610355265 -0.04490647634630571 -0.9032207644401002 -84.20473664849494 0.023174848613427085 0.9989814739755175 -0.03871616000390002 -9.356816232921393 0.9040394169090994 -0.004407157344768554 0.42742637920324283 102.6074170842886
0.42585841020954085 -0.0464002807249579 -0.9035992631705991 -85.30708186638023 0.025794871288435068 0.9989008492482924 -0.039137168858436856 -9.428423898035973 0.9044220469830536 -0.006641334179654169 0.42658721688688434 103.12272950759618
0.4254539430383145 -0.04763169452021757 -0.9037257128301072 -86.36370262700574 0.02784583189928622 0.9988301099550145 -0.039535061566800665 -9.498781949295275 0.9045515750906572 -0.00834464645067198 0.426282552864441 103.61354809320379
0.4275797666507159 -0.04836860176109063 -0.9026826804113385 -87.3767854632673 0.027586603452018542 0.9988005974027766 -0.04045177298757405 -9.568876158723354 0.90355659615815 -0.007605589492878206 0.4284012518043853 104.07543516245691
0.42913592518481475 -0.04899495553607362 -0.9019101130643749 -88.43077361034737 0.02733371802340689 0.9987748447049599 -0.04125139323224015 -9.642274959622176 0.902826243290918 -0.0069501019130807406 0.42994938133297367 104.55819835067166
0.43242970457502183 -0.049063397279686956 -0.9003317908685315 -89.45468794519788 0.02618126855541618 0.9987806704979678 -0.041853475560098614 -9.713941852263655 0.9012874634532484 -0.0054731423338165545 0.43318697225909764 105.031434127215
0.43721778672957573 -0.04885613608100962 -0.8980276637913375 -90.4950744501702 0.023856657775225814 0.9988020556314685 -0.04272368834908049 -9.781982759829015 0.899039190940578 -0.0027443821868464295 0.4378595682628443 105.5197629147094
0.4410896912131424 -0.0490880858671845 -0.8961195479016139 -91.48688465592225 0.023734735475564338 0.9987918297102683 -0.04302956234869582 -9.84779110836032 0.897149121739191 -0.00228926405450429 0.4417218724861698 105.99516851820468
0.4474647651745349 -0.04824821450069459 -0.8929991006293319 -92.45908366513963 0.02239661494812537 0.9988349945644034 -0.04274395012623849 -9.913791396802065 0.8940210710974134 -0.000873745399948153 0.44802406297297376 106.47294242196922
0.4567779437629435 -0.046925545948825934 -0.888342221910624 -93.46766073544646 0.02155464464712909 0.9988983839213671 -0.04168232111360665 -9.972909359580154 0.8893195755103088 -0.00010833598878470265 0.45728621330352737 106.98296025698838
0.46577501576188923 -0.0451241425637424 -0.8837519145381815 -94.44038624884818 0.020027820416359924 0.9989807343574705 -0.04045217907579158 -10.034107984569077 0.8846765064708029 0.001141989709644547 0.46620400551488184 107.48757983270285
0.475307522640154 -0.04413617578624102 -0.8787119874615618 -95.36351243280431 0.019769679653920427 0.9990245489238003 -0.03948557222555736 -10.092105762141637 0.87959758906449 0.001395935014383644 0.47571644146211045 107.97764211372909
0.48507929816706474 -0.04314085901350144 -0.8734053702452986 -96.32235260039205 0.01886313638114012 0.9990661636599547 -0.038871361124200116 -10.14682710039535 0.8742666964808948 0.0023805279579681925 0.4854400853978023 108.50403215464907
0.4942411619955567 -0.04349297709048017 -0.8682361629954669 -97.26088754610923 0.01800620723494742 0.9990455842909202 -0.03979569084495443 -10.203245934994762 0.869138337832532 0.004035028205854177 0.49455259402522866 109.03117908775572
0.5028723536073705 -0.04441150089093413 -0.8632189841320687 -98.20098093377408 0.01628432890377272 0.9989886680876336 -0.04191016183040203 -10.262385411536828 0.8642072764155253 0.007018519866132805 0.5030869942359372 109.57135981864057
0.5154839087654737 -0.04484576873995794 -0.8557249539600871 -99.10308170325467 0.014934728648207074 0.9989480942794547 -0.04335503218371611 -10.318708222879396 0.8567691017328273 0.009568801469821418 0.5156114276801442 110.11384091420169
0.5280211916574032 -0.04262680714576921 -0.8481607020330849 -99.99296522262225 0.012800249402084156 0.9990254854139258 -0.04224018357814678 -10.371655548617118 0.849134721216806 0.011447043549690186 0.5280522610670556 110.66589650452906
0.5405939281546042 -0.03991213131845396 -0.8403363770633729 -100.88893207313363 0.01090732387919908 0.9991225549212354 -0.040436994614565076 -10.424130650826807 0.8412129546839918 0.012694172729351265 0.5405549212157328 111.2426499757037
0.5519866627290662 -0.03736816135728459 -0.8330152127578502 -101.79100042550239 0.010313739886178858 0.9992248973935939 -0.03798988284166136 -10.475471944367234 0.8337891525672368 0.012378406421622386 0.5519442219243457 111.83724783283265
0.5641194173782834 -0.0363982784649342 -0.8248905674461173 -102.68944595067022 0.01031514920811295 0.9992606145913256 -0.037038113118539516 -10.519253243654829 0.8256287789518986 0.012385049509649736 0.5640777693856067 112.44880703183125
0.5770651443217809 -0.03702930076778877 -0.8158582291633352 -103.51638434120237 0.011180387945961736 0.9992361715847459 -0.03744425619556923 -10.56226593846034 0.8166215880897729 0.012486163594566379 0.5770383675150451 113.03727356548393
