0.9999423162077583 -0.0023674071863981536 0.010476623515104436 0.009387658908963203 0.0023512544706178026 0.9999960285918933 0.0015538348868964933 -0.00984563585370779 -0.010480260468034594 -0.0015291120479308312 0.9999439114054683 0.3831669092178345
0.9998177215445766 -0.005412934883859029 0.018309118530242495 0.0207347400688219 0.005383825199997269 0.9999841642247721 0.001638818446326566 -0.018364677697563076 -0.018317699408693263 -0.001539946631298594 0.999831030951103 0.702535191279926
0.9998208342998869 -0.00716402468079045 0.017520732012422265 0.02829577285788727 0.0071567757481898146 0.9999742764705548 0.00047640117618216846 -0.02305044744603023 -0.01752369426714057 -0.00035092387147486704 0.9998463866973107 1.1321215762166001
0.9998149167280667 -0.007786969890466398 0.017592481006788507 0.03517469684214154 0.007801548415625801 0.9999692784966976 -0.0007602007055477532 -0.029018340959497988 -0.017586020879320353 0.0008973085974392817 0.999844951333412 1.5471015486867754
0.9998667567397332 -0.010642129763644334 0.012377957863115619 0.04062518149906189 0.010661756923451917 0.9999420054527701 -0.0015207466579141306 -0.03374967569173586 -0.012361056025782573 0.0016525148066166592 0.9999222337205735 1.8909101862136166
0.999922770318115 -0.0124070652280759 0.0007198137068671461 0.04004561431510241 0.012409171347153773 0.9999185052798872 -0.002999210781709322 -0.03866883822755335 -0.0006825436420491628 0.0030079114452412885 0.999995243290144 2.3662341318739415
0.9997813547821395 -0.01081669950178704 -0.017895296641238668 0.027627688573458112 0.010762428233059984 0.9999371963909853 -0.0031262457140564083 -0.039744983987935106 0.017927988412482894 0.002932965329570522 0.99983497885694 2.7425949565780035
0.9993583143411239 -0.007631442996887561 -0.03499600884462274 0.007305834959537065 0.00752647045034192 0.9999667761246773 -0.0031303177762725476 -0.051086773472699236 0.035018734983259844 0.002864912669798831 0.9993825496152946 3.121237762330917
0.9986977168813469 -0.006978879595355588 -0.050538752809886914 -0.025350372546270462 0.00675970607400802 0.999966998962185 -0.004506368865929193 -0.05662604534094698 0.05056853438432185 0.004158873183486887 0.9987119339950161 3.6514646568922755
0.9973677733836303 -0.006509973106347212 -0.07221595991146701 -0.06742583018729065 0.006172261358222548 0.9999689530178816 -0.004898590618611516 -0.06736828920387664 0.0722456075170371 0.00443996063919401 0.9973769893796511 4.138163685027953
0.9956896610194977 -0.007963567004549676 -0.09240498113977474 -0.10919859034246848 0.00755489738085774 0.9999600770759415 -0.004771559477065789 -0.0750821078681239 0.09243929069634182 0.004052882288262913 0.9957100741082792 4.4913213382310015
0.9936668681588151 -0.007451297364063846 -0.11211883557656466 -0.1638320929491924 0.007079406635543985 0.9999680410063707 -0.0037146961613841413 -0.08467568617250289 0.11214293167712829 0.0028974356722939543 0.9936878623297077 4.937040163082443
0.9915071045239222 -0.008142107815260667 -0.1297974104476399 -0.22681662486720544 0.007755038369248979 0.9999638485316374 -0.003487263925994799 -0.09205318834791004 0.12982111175952818 0.0024510630597232227 0.9915344024447147 5.405350326352625
0.9892364681731207 -0.009372156343495829 -0.1460252468645197 -0.2857475951461633 0.008758138957348807 0.9999498984804622 -0.004847218884972802 -0.10131438198201037 0.1460633596709819 0.003516136286911919 0.9892689885704683 5.776817706174833
0.9874018350342798 -0.009359339172589496 -0.15795574994659126 -0.3769447559771624 0.008688226200813446 0.9999500605738254 -0.004938733024593928 -0.11092408693455073 0.15799408500453788 0.003504158765973331 0.9874338408090549 6.272820707725258
0.9851526551758555 -0.008993530789742544 -0.17144492527892702 -0.4787121342015239 0.008090345814243232 0.9999494749392568 -0.005966060116369198 -0.12212120397214687 0.17148991895901314 0.004490431230976273 0.9851756410522905 6.775067810499213
0.9834500578105662 -0.010951944854983115 -0.18084810946285354 -0.5808169408566238 0.009655760887205494 0.9999210101947295 -0.008046095502940933 -0.13163623871482555 0.18092194470014955 0.006166706985640113 0.9834781246427751 7.302682001762052
0.9822215858952925 -0.0085444615936503 -0.1875306598330303 -0.6822094940321906 0.006773517020900373 0.999926230826328 -0.010082280130112984 -0.14660477702216942 0.1876029735065643 0.008632791062520455 0.9822070042765765 7.781244334316986
0.9801733063928787 -0.00834766869370804 -0.1979661735303098 -0.8148193732246914 0.0061520102027346575 0.9999125862715768 -0.011703528790649644 -0.16090749186098588 0.19804656574987128 0.010253596591840495 0.9801389807326378 8.388850177164578
0.9794341998018185 -0.008548417018685969 -0.20158266995217383 -0.9535023771454256 0.005710240147012591 0.9998762781755277 -0.014656790212033342 -0.17658126552456663 0.20168302213135308 0.013204276138083094 0.979361835929721 9.018919227823146
0.9781364012033655 -0.01006381983354613 -0.20772072638831146 -1.0968226966291283 0.006898396385666063 0.999848871988963 -0.015957609774216844 -0.19618045479622015 0.2078499284778228 0.014175779088215039 0.9780580016128935 9.668876961213389
0.9768030265748086 -0.01478091817987894 -0.213629051704245 -1.2197442832606744 0.011374554230122043 0.9997879572286853 -0.017165666213693795 -0.211334229022299 0.21383747751589588 0.014337539476969526 0.9767640289094319 10.231758269729534
0.9750397635004525 -0.01618334906217545 -0.22143974080122744 -1.3559354739425808 0.012212125708337804 0.9997393242151359 -0.019291127586244773 -0.23283339363250455 0.22169421187452498 0.016105366527862805 0.9749832273379563 10.806792035569423
0.973347392124217 -0.013914012802632547 -0.2289132029672282 -1.5002616238692346 0.008649379424439448 0.999674884907515 -0.02398567740799311 -0.2547057195089863 0.22917251685260892 0.02136643940567554 0.9731512897728517 11.370892138101812
0.9711077831674281 -0.013028332839484052 -0.23828540873303283 -1.65303347662964 0.006648260696555731 0.99959806902064 -0.027559046426180598 -0.2793843242582037 0.2385486828749124 0.0251786209636939 0.9708040806182325 11.970720705950365
0.9687598156270181 -0.015013353295609997 -0.2475459934014862 -1.8638213195506337 0.007920112030188338 0.9995296982867833 -0.0296252268879555 -0.31452989397720654 0.24787434609442083 0.02673913733752028 0.9684231136660819 12.774007649103364
0.9656261881904465 -0.01746788468735421 -0.25934713741496995 -2.043261157712955 0.00948215833912875 0.9994425411626242 -0.032010866711631704 -0.3402308547932721 0.25976172418973065 0.028451360581656808 0.965253524586692 13.417829261652482
0.9629155659400075 -0.01863787904343806 -0.26915839636763855 -2.234737000382768 0.009710009910637142 0.9993588027202611 -0.03446301108526867 -0.3725012365804402 0.2696281301681484 0.030571439126907213 0.9624791210887323 14.093620221411726
0.9600408935102325 -0.020091658390390323 -0.27913761489845795 -2.427698112806172 0.009867874602974619 0.999229643494188 -0.037983478162221064 -0.40563459518541045 0.27968573048851797 0.03371119733269366 0.9594995817276322 14.75074911848742
0.9577311331005488 -0.021033396843330724 -0.2868948812843674 -2.636150091486987 0.008988969749815069 0.9990244964745694 -0.043234868642939434 -0.4415070986950267 0.2875243904658824 0.03882849032561376 0.9569859315717537 15.426922436676133
0.9561404705941171 -0.022728881890584498 -0.29202533866098934 -2.8186400510211844 0.008186840870162216 0.9986690166920656 -0.05092318465955985 -0.47389188160973034 0.29279408485935693 0.04629895276686988 0.9550539413269094 16.016733261762813
0.9550333037289186 -0.02427564132961381 -0.29550309982581296 -3.022276709550458 0.007191424181085273 0.9982459861029133 -0.05876422932083974 -0.5155761338871969 0.2964113226360898 0.0539967079316923 0.9535327384760652 16.670101341648493
0.9540681080340475 -0.025256270927702645 -0.2985233089913766 -3.2039021800377303 0.005366245332903658 0.9977209900518342 -0.0672609055917135 -0.5524561158581902 0.29954173105489246 0.0625695356289048 0.952029308670601 17.251658858953867
0.9532781469830138 -0.025255917029684237 -0.30103639836342466 -3.4111155853844193 0.002447170803339051 0.9971120568287526 -0.07590492396278621 -0.6053569777138994 0.30208407081422245 0.07162181777731402 0.9505869394108998 17.894967977192383
0.9523940306984094 -0.02377838371475021 -0.3039411106743422 -3.623116392083264 -0.0015258625647436228 0.9965694679989855 -0.08274640291671286 -0.6640173683113542 0.3048660066873187 0.07927095256230726 0.9490905299529612 18.534768191310853
0.9512716621172054 -0.022354532399257707 -0.3075426795324212 -3.846287836273617 -0.005554413283781998 0.9959646081851429 -0.08957481641449322 -0.7291023963489314 0.3083040274564121 0.0869182036389832 0.9473087419264791 19.19543669074142
0.950200185223841 -0.022138341012650383 -0.3108528620710896 -4.049744735742087 -0.008095412877844004 0.9953835528529885 -0.09563496745490845 -0.7909895665072275 0.3115350257850915 0.09338884605225485 0.9456344172787448 19.793035686247055
0.9495226581369685 -0.020323756830152015 -0.31303940102296435 -4.305699114121736 -0.012041324067091755 0.9948023093082251 -0.10111069137206055 -0.8681607056255585 0.3134672681464827 0.09977630131115126 0.9443426081128861 20.51310058179873
0.9483141616807238 -0.018421660704230895 -0.3167978743184458 -4.56574314394199 -0.01534035125090294 0.9944851770715049 -0.10374924678549956 -0.9531999717202688 0.31696202356005787 0.10324667065798177 0.9428017822526408 21.245681274588264
0.946559783198522 -0.01728460224499467 -0.32206493034231587 -4.820720816670618 -0.01752278853749756 0.9943321890640601 -0.10486395793096057 -1.0424120515477586 0.32205205901071143 0.10490348095420111 0.9408919868776932 21.96625755179081
0.9444184760086476 -0.016837730109813306 -0.3283142290828315 -5.090278598075905 -0.018456844587403265 0.9943965654267977 -0.104090420093622 -1.135165230235941 0.32822718818126795 0.1043645606139332 0.9388157175007669 22.722060333875866
0.942288772282411 -0.01551786648287841 -0.3344414230479343 -5.3766065496953654 -0.019986937289083725 0.9945364074991264 -0.10245904789981097 -1.2300721298505295 0.3342041172222601 0.10323047020406848 0.9368303357882565 23.50660472056664
0.9398467940020655 -0.016243138109161122 -0.3412098537094249 -5.655067541557515 -0.01944830284048759 0.9947042452541797 -0.10092189053886888 -1.3216000569755009 0.34104217821358296 0.10148706783468252 0.9345536944133569 24.265002122202162
0.9370899538620474 -0.016052125676353973 -0.3487187228011964 -5.924795423116778 -0.019602889614717366 0.99494626178574 -0.09847671236052076 -1.4065436974545211 0.3485371502287532 0.09911743247206344 0.9320394785042992 24.993909119258447
0.9344035044868677 -0.0160661115164775 -0.35585386166711974 -6.128660375141916 -0.01883190724851109 0.9953574115133492 -0.09438740707758844 -1.472517509247431 0.3557182172338733 0.09489733086966674 0.9297628980131272 25.53744230724532
0.9310183360377217 -0.01215911504853076 -0.36476980944534054 -6.4420259642002184 -0.02145696817057466 0.9958926779559933 -0.08796233574984796 -1.5626567490479797 0.36434112652633727 0.08972140165466994 0.9269334461581596 26.323625123078422
0.9270501222749311 -0.01091232824175926 -0.3747785904802736 -6.745846835994237 -0.022584889659849113 0.9961360312139806 -0.08487007762641516 -1.6416019184874053 0.3742565878499523 0.08714314895392165 0.9232215758101121 27.071063677363814
0.9233510950761721 -0.0100339591114714 -0.38382557872839107 -7.078787346704519 -0.02379183076447509 0.9962422492392246 -0.08327862642747676 -1.7251703585192533 0.3832188722003519 0.08602732412043253 0.919642645539108 27.85619845146493
0.9196986971832745 -0.009154528868779932 -0.3925181537210467 -7.4428135838806995 -0.025405921551681806 0.9962453701941877 -0.08276292356337817 -1.8131149758473215 0.39180204893478854 0.08608923839736556 0.9160129898001798 28.69616001287866
0.9157472248546769 -0.00913117816216749 -0.40165114434833826 -7.783335840416166 -0.025880373853476128 0.9963244420639614 -0.08165667391672199 -1.8935591264525704 0.4009204739348731 0.08517175430451276 0.9121450245703967 29.456187678606614
0.911930845504813 -0.009517104055884771 -0.41023354049524924 -8.147738950587565 -0.025653494263158754 0.9964531669638749 -0.08014352300564058 -1.975948057685123 0.40954124486914373 0.08360927447391825 0.908452232081015 30.259979930325898
0.90747469611432 -0.010270863939416192 -0.4199811725139135 -8.504480999300522 -0.024630912302801792 0.9966806095747464 -0.07759562266549115 -2.054344587344294 0.4193840651137753 0.08076058352718593 0.9042094525479119 31.0297204503843
0.9033557035393895 -0.01047330772354142 -0.4287642507348107 -8.82837055785737 -0.023494090654489676 0.9969923921786303 -0.07385253984970437 -2.1232936171038226 0.42824817639678786 0.07678853927026831 0.9003927030188358 31.719561423024334
0.9000986026345312 -0.00883357291335617 -0.43559668676994046 -9.198446785886107 -0.023173730900050614 0.9974085148527926 -0.0681119130205609 -2.197038880566514 0.4350695159759384 0.07140183813273167 0.897561303633201 32.47444985844603
0.8935141390844955 -0.010653738972382162 -0.44890865563274907 -9.532712430361803 -0.021006452773376264 0.9976322301248064 -0.06548787947465667 -2.2566571755420495 0.4485434340150057 0.06794432472337608 0.8911747059583277 33.138195173178616
0.8884414817794616 -0.012435805365099266 -0.45882140773773483 -9.924043138071816 -0.019256668652262214 0.9977428435887 -0.06433038768695243 -2.321647996960491 0.4585857762359539 0.06598915677941315 0.8861966582094579 33.892519886067156
0.8838967614085955 -0.014123938979247524 -0.46746874710413244 -10.338833131500365 -0.017540972352538948 0.9978394219768137 -0.06331510276314137 -2.3893755445475615 0.4673530030505039 0.06416387064922253 0.8817392858679864 34.68025471644454
0.8783610641178456 -0.014036916972629782 -0.47779159264649057 -10.738679047141092 -0.017316014056957648 0.9979782071553028 -0.061152708037079104 -2.4520678738514383 0.47768399250858906 0.0619876036396994 0.8763421365517369 35.40870700941598
0.8740262114597728 -0.016232251585723317 -0.48560755316380216 -11.207213970702771 -0.014876620509990458 0.9980791887728754 -0.06013833303877162 -2.5233336543835483 0.48565097327553963 0.0597866786745864 0.872105891053136 36.2563714502154
0.8704990438121489 -0.01774953615263944 -0.4918499452968367 -11.665872603684486 -0.013464527248992596 0.9981165993681002 -0.059849482636211045 -2.5901385339513547 0.4919858953548325 0.05872144439833816 0.8686205562497805 37.071213285909266
0.8681644147761804 -0.019774806775740776 -0.4958825525598929 -12.133843329694786 -0.011763659933738166 0.9981050765343978 -0.0603976199963925 -2.6582057384305684 0.49613724434000733 0.05826845813343071 0.8662866855524549 37.895813553195474
0.8673379225804514 -0.019843820979047664 -0.49732398979214665 -12.591715079332298 -0.012149437246358209 0.9980630482617499 -0.06101264515707037 -2.7253006000802062 0.4975714212335998 0.05896078750675968 0.8654168396259456 38.69872332570107
0.8668509464625204 -0.020074857637455517 -0.49816306236800534 -13.096052274424885 -0.011186160253645255 0.9981543810560983 -0.05968836902863734 -2.8020193615697444 0.4984418786938082 0.057313451033373514 0.865026509359588 39.57515769826386
0.8664876507372938 -0.01988843908733517 -0.49880216630487434 -13.601995232031406 -0.010361295346294437 0.9982742636587302 -0.05780257844913708 -2.878608494050127 0.4990909683399539 0.05525345697140706 0.864786251517794 40.45029730866382
0.8661383207597728 -0.020415999845499487 -0.49938722076335723 -14.124556495142743 -0.009306038772831527 0.9983334091317868 -0.05695438397230253 -2.956923269274643 0.49971772727590913 0.05397769133275766 0.8645048304576366 41.348307866432876
0.8656720313411235 -0.021839714929634216 -0.5001349427959676 -14.588226765827729 -0.008315479924030667 0.9982827795359852 -0.05798572993023568 -3.02075728908174 0.500542492649092 0.05435548669363085 0.8640038739027353 42.15395194340662
0.86475545977467 -0.024124717298513308 -0.5016133897785889 -15.089847428849035 -0.006145148084612509 0.9982623598342003 -0.05860459105969073 -3.0922928236651672 0.5021555853965161 0.05376112864814311 0.863104575993872 43.021887618129924
0.8635526605761128 -0.024175720672822306 -0.5036788033477956 -15.62364195643287 -0.004899026838190167 0.9984007011687522 -0.0563208615149336 -3.17261133069538 0.5042348678423143 0.05110356578258793 0.8620531443109236 43.93135873830215
0.861319169607102 -0.02443714616279111 -0.5074762200879478 -16.08122574972348 -0.0027977900790416353 0.9985993156279483 -0.052835397207443145 -3.2353569828205413 0.5080565524014096 0.0469279523824878 0.8600443633017905 44.710961762155875
0.8591804145005749 -0.024323035409377292 -0.5110943213215102 -16.616525855139763 -0.0007699378519520349 0.9988069224626618 -0.048827644182083976 -3.3077058795632945 0.511672182685677 0.04234526643135253 0.8581366184218772 45.60386232339356
0.8538707718098272 -0.024001216300229368 -0.5199313864972956 -17.14435804514201 -0.0006246735603412826 0.9988882459805415 -0.04713684148160396 -3.3732749816762424 0.5204846922166235 0.04057355860691096 0.8529064846219309 46.461380254052024
0.8485368990233458 -0.027211359521243893 -0.5284360632175387 -17.712058360231488 0.0012134616446990158 0.9987742535488304 -0.049482501541607105 -3.4401783320457646 0.5291348207278382 0.04134649151964286 0.8475298278717608 47.36710613887469
0.8440735316861976 -0.030638750127449613 -0.5353514173862046 -18.28616241338373 0.0028409472169850197 0.99860781607156 -0.05267218145948781 -3.510723449244656 0.5362199195532563 0.04293828910679367 0.842985469152869 48.25913795068606
0.8358658123294396 -0.03036973142924733 -0.5480930789489705 -18.828487763702462 0.001930403270974923 0.9986248529783033 -0.05238966078602742 -3.57728520185988 0.5489304303115817 0.04273268569817465 0.8347749997759664 49.06873229903835
0.8289560955084869 -0.028449689495983387 -0.5585896587718999 -19.368831146512793 0.002657952908574619 0.9988946188200146 -0.0469305420675638 -3.644074875136601 0.5593073636254587 0.03741865390419186 0.8281154009764214 49.87277016048481
0.8239972230978039 -0.023553155023898435 -0.5661040763106457 -19.950003897724386 -0.00046237713496292515 0.9991073193905539 -0.042241573687642246 -3.7065441196437927 0.5665936485123128 0.035068692998793685 0.8232507663141676 50.708402196065386
0.820291881877406 -0.024198311502394695 -0.5714329971627977 -20.555895015391457 -0.00133617155535205 0.9990207766866979 -0.0442233240935515 -3.7648751969341445 0.5719435664220723 0.03703956626017216 0.8194562998474421 51.56009809148886
0.8172358422998003 -0.026451684616496687 -0.5756960017591632 -21.206978634638098 -0.0019150581443878301 0.9988159286702117 -0.04861145119174738 -3.829901541201519 0.5763001914044803 0.04082951157696356 0.8162175202552001 52.46991464639511
0.8153380085012244 -0.028203127306740725 -0.5782979469991038 -21.78046553964662 -0.004810601200731909 0.9984484342603533 -0.05547596091225424 -3.8946829867890336 0.5789652753053034 0.04801362028810369 0.813937283982916 53.250558556782714
0.8105176833155939 -0.029756244225324774 -0.5849578198146654 -22.44368424331725 -0.004875173465331206 0.998331344307019 -0.057539201053064745 -3.969836983274446 0.5856938771375425 0.04948831077885853 0.809020141516792 54.16338026782017
0.8062964789003356 -0.02877816730019334 -0.5908111417363116 -23.048883994782205 -0.0038429567571786325 0.9985398579946881 -0.05388305558626424 -4.047082485335152 0.5914991291593626 0.04571617966094775 0.8050085782902723 54.986881913578046
0.8020466283977895 -0.027510064605482627 -0.5966275238548269 -23.706033843693305 -0.0016384465561292195 0.9988335573244925 -0.04825805896826193 -4.130686094294035 0.5972591743695718 0.03968275580026788 0.8010660132120672 55.8808818774823
0.7979915575853441 -0.026391793986025803 -0.6020904809351477 -24.330534373278944 -0.0010061788798987545 0.9989809550157557 -0.04512249017809239 -4.202175246081847 0.6026677871154058 0.03661317694505021 0.7971518134254055 56.7044359255435
0.7945205468117543 -0.026395578079593057 -0.6066633120205941 -24.96095129693478 -0.001956973588362541 0.9989383157617494 -0.0460262051168188 -4.265091915063538 0.607234115435165 0.03775598973573752 0.7936253614210862 57.512157696768064
0.7915105755066053 -0.02720449247614063 -0.6105496904022798 -25.55889254831399 -0.0027895104002935694 0.9988375762409359 -0.04812187569973665 -4.330012749970739 0.6111491041414779 0.039792108240828905 0.7905146175933884 58.268246619280994
0.7872151246694117 -0.028935506275485086 -0.6159992564673318 -26.244143002155198 -0.0028799756735360545 0.9987151820010339 -0.05059338870606836 -4.3991292166759965 0.6166717548516749 0.041601943671237665 0.7861203629540027 59.124708908800585
0.7825693419368638 -0.029433544908733764 -0.621867261957575 -26.90146634196305 -0.003001539732270416 0.9986917830703281 -0.051046186802208376 -4.469852133749996 0.6225561949091354 0.041813740109154146 0.7814572255205942 59.92796014410466
0.7764330478361056 -0.02925412003224905 -0.6295203878263804 -27.581931124341732 -0.003239729137794183 0.9987235064635926 -0.05040696174321097 -4.542248479907546 0.6301914204295798 0.04117710648171573 0.7753471606440201 60.750101747010696
0.770488678980516 -0.02826849439037341 -0.636826575911969 -28.296551435548977 -0.004223728287789428 0.9987679084971294 -0.04944517241978362 -4.622249455327881 0.6374396878781649 0.04078672800277822 0.7694199679866758 61.594652000436085
0.7643040322412626 -0.03004894615605408 -0.6441555768094066 -29.01168874130524 -0.0035225940497843047 0.9987042728505199 -0.05076777246715006 -4.696005354715878 0.6448464450013733 0.041071111806553776 0.7632078525172984 62.42569256066884
0.7594007520541184 -0.03042523294579871 -0.6499113808665264 -29.71433812860718 -0.004207110154229014 0.9986554879578322 -0.051667364901415234 -4.769739970691005 0.65060955880143 0.041970484532581696 0.7582517262916789 63.21948446157459
0.7525661714725077 -0.030723567428384863 -0.6577995287013266 -30.44135459455079 -0.004772328467345748 0.9986303408175577 -0.05210246903563926 -4.846723566020354 0.658499341257236 0.04234979106304372 0.751388789349898 64.03772792162742
0.7459390272131213 -0.031196914605152528 -0.6652831879729585 -31.194512224817984 -0.005874609855929151 0.9985552929177957 -0.05341175848909684 -4.922391566235044 0.6659883307081172 0.04375019434214883 0.7446780941155999 64.86950979644676
0.7403672598650473 -0.03217520892883389 -0.6714321085934968 -31.96019650180646 -0.0059108282286098966 0.99850356693398 -0.05436624807518069 -4.997467305561288 0.6721766007751052 0.04421970997763428 0.7390691676831888 65.69692961719991
0.7353656556650692 -0.03238714446441464 -0.6768961702814736 -32.771086433541036 -0.00538958812290301 0.9985462171244588 -0.05363212289570489 -5.079131022374002 0.6776491015327548 0.043087412777697016 0.7341220402984622 66.5639158395403
0.7300200777840515 -0.0319424716802296 -0.6826788150624912 -33.557660651145184 -0.004616553052108753 0.9986538735856507 -0.05166360624553364 -5.1567068019201034 0.6834101063564147 0.04086709281725566 0.7288899143592139 67.38750598988503
0.7223227069116779 -0.032441727192772864 -0.6907947896564782 -34.23589975494014 -0.003806489207344789 0.9986974207730882 -0.050881945531762035 -5.216111754386948 0.691545672909391 0.039382687540752165 0.721258335274101 68.0842456701412
0.7150683004087816 -0.03464577647102952 -0.6981955284325574 -34.936201298073364 -0.002240008759112597 0.9986524157923653 -0.051849154215218275 -5.279588062613895 0.6990510053717521 0.03863965068157098 0.714027078817009 68.78775463999881
0.7090332083386569 -0.037318864733910585 -0.7041869153910523 -35.66124807646268 -0.0008355661797407479 0.9985535176935235 -0.053760339759441715 -5.341280727069205 0.7051745963250179 0.03870626095172979 0.7079764219668527 69.49019596060424
0.7032213207766702 -0.03712002806440819 -0.7100013221970893 -36.51552997787012 -0.001479693017136111 0.9985575348695427 -0.05367178088938849 -5.430560922587635 0.7109694680601217 0.03879372464408412 0.7021520222961328 70.30694642642085
0.6966328382376752 -0.03650533250751028 -0.7164984643301332 -37.30724964332548 -0.0017336455238439155 0.9986160158870111 -0.052564696205267394 -5.509222574861842 0.7174257335516482 0.03786044786410342 0.6956054221506697 71.06463720839686
0.6899044200907799 -0.036952225404243796 -0.7229567235850848 -38.09380658963967 -0.002074918603554512 0.9985912582624694 -0.0530206906270399 -5.580331535586662 0.7238974967852803 0.03807928517519198 0.688855850079357 71.80948887444208
0.6856713122826981 -0.03865407989391834 -0.7268842504966518 -38.870054486991464 -0.00097961234622607 0.99853914872021 -0.05402415045857755 -5.657082691592519 0.7279106345370807 0.03775487492595446 0.6846317824547382 72.52758146500393
0.6808890658178327 -0.04061225486012815 -0.731259683563163 -39.69973504326908 -0.001667913281946542 0.9983727826320622 -0.05700004355084649 -5.736705780993263 0.7323846654013209 0.04003038414367852 0.6797133735850037 73.2832942018897
0.6770302660675178 -0.04309490935936756 -0.7346923489569332 -40.52259865861802 -0.0009193035676338293 0.9982338000375491 -0.05940063420154863 -5.82163488538334 0.7359546003045964 0.040891432475563004 0.6757948779330901 74.02538509434515
0.6720110141573904 -0.044575353430645274 -0.7391983730485959 -41.38097862263301 -0.00016005573304991172 0.9981779947326889 -0.060337925168104954 -5.9084270054263905 0.7405411340589527 0.04066606322183838 0.670779472009035 74.79684653294696
0.6685098344345746 -0.04390913023221582 -0.7424059465996419 -42.21904507099689 -0.00021256953009014606 0.9982442249939747 -0.05923193463305908 -5.9949044346325095 0.7437032715259859 0.039754943697990534 0.6673267478328118 75.5395690597635
0.6618468121026914 -0.04385683775271033 -0.7483551129589745 -43.03924288109254 0.00034839903484184967 0.9983050657469935 -0.05819685835167493 -6.078786599582752 0.7496390304190537 0.03825667897537394 0.6607403049505592 76.25404464576218
0.6571566825588739 -0.045216926223204126 -0.7523965205602319 -43.89420285225047 0.0013233518346585154 0.998266714310478 -0.05883719775521099 -6.164778481034496 0.753752839668375 0.03766957237200067 0.6560774801874953 76.99548093206995
0.6523248504505738 -0.046547821975374055 -0.7565088167060502 -44.793356643378004 0.002295487191278991 0.9982291537564335 -0.0594414613655368 -6.257043602876226 0.7579360264713595 0.03703858609699885 0.6512765333686942 77.762828777324
0.6467365737201043 -0.04743589985854739 -0.7612369142503486 -45.65450834498765 0.003333971243305172 0.9982303907490221 -0.059371471438771146 -6.343735505166212 0.7627061615383286 0.03585976003357872 0.6457502526223317 78.48652403702425
0.6402358228869426 -0.04835426763163273 -0.766655043610939 -46.49111438277239 0.003990616996634014 0.9982127841506552 -0.05962644156903231 -6.429291943130167 0.7681680584795673 0.035115557236180456 0.6392845466392307 79.17956879342586
0.6351904310388804 -0.05061885427720964 -0.7706950420940221 -47.39322306282361 0.005761760863343046 0.9981328434813297 -0.060808131657127416 -6.515968281339278 0.77233407177749 0.034184182826849756 0.6342960848184903 79.91668655801882
0.630989548226085 -0.0547126115866734 -0.7738596256187614 -48.29522479580079 0.007657876655880266 0.9979006865754756 -0.06430844934625228 -6.608297336634676 0.7757535349288244 0.0346518378381575 0.6300838858278105 80.64201036304483
0.6250755284748709 -0.057742145220156596 -0.7784256087560569 -49.209673608091364 0.010092940336923437 0.9977746305987818 -0.06590841440075648 -6.701498904620541 0.7804990174607644 0.03334113373658531 0.6242672925469847 81.37846659751368
0.6177944234382898 -0.060282967789273736 -0.7840255188213399 -50.06290455933007 0.013122608055862808 0.9977086165631723 -0.06637253643951661 -6.790431988734878 0.7862301492097373 0.03071612329250096 0.6171698892878007 82.0476938194099
0.6102407119488386 -0.06208782738873307 -0.7897793205512058 -51.0211820672732 0.014721746824790195 0.9976407601724754 -0.06705358911284534 -6.891728823961269 0.7920792533898384 0.029291898754337808 0.6097150490325491 82.79083830056125
0.6019921875010579 -0.063522782757607 -0.7959712697443444 -51.99442703011383 0.017939034327120858 0.9976549816705308 -0.06605095453802992 -6.996723090332858 0.798300442963114 0.025483202677535642 0.6017200421676127 83.52683419369548
0.5921003123028845 -0.06221942305207463 -0.8034587503823059 -52.920471148619 0.0180849620100297 0.997789811696613 -0.06394079936578236 -7.093610350164236 0.8056613148959832 0.02332884629608573 0.5919168950203826 84.2046883598613
0.5827563153574347 -0.06258016689036992 -0.8102337931874987 -53.92840665655148 0.01829026181878538 0.9977879691878014 -0.06391114821910995 -7.197213776144267 0.8124411013935894 0.022425237034604285 0.5826118480689478 84.92493595790629
0.5739867335735759 -0.06429090857993087 -0.8163368843532103 -54.91694408931256 0.018027008714489118 0.9976636345074794 -0.06589612536511938 -7.300859041197326 0.8186661447979553 0.023107389625285364 0.5738046635453219 85.61182458875476
0.5659564979324515 -0.06670463759146397 -0.8217321545198468 -55.89562960328316 0.018477850563742137 0.9974973856364824 -0.06824613312802447 -7.403008356197638 0.8242280094043039 0.023440498547928835 0.5657726853969223 86.28254719773146
0.5569922079170937 -0.06849225915085264 -0.827688643607037 -56.860388589494384 0.019137869836809533 0.9973874626279384 -0.06965623684002377 -7.50883759279162 0.8302971891183016 0.022957783625963766 0.5568478408984202 86.92904942793497
0.5445628374538998 -0.06861416879797123 -0.8359087341955007 -57.82853419984041 0.020150892229165367 0.9974307402609256 -0.06874489017310233 -7.614417723563082 0.8384779410375256 0.020591605636929577 0.544546350801074 87.56348420716978
0.5331525270912737 -0.06859758862976695 -0.8432335107728897 -58.83387041688909 0.020679137749952965 0.9974662352802434 -0.068069690301765 -7.720345064411806 0.8457663720662516 0.01885418547805719 0.5332201830124693 88.20137357543962
0.5247298232636134 -0.06943373877111816 -0.8484324183445635 -59.87566888670097 0.0210212871094573 0.99742099154161 -0.06862558648503325 -7.830607810295889 0.8510092350062959 0.018174750408660893 0.5248361271688368 88.84443722999421
0.5166974958711552 -0.07048615419831733 -0.8532616244897059 -60.93496570243102 0.020214063320124924 0.9973318529662358 -0.07014675119366554 -7.940052444121961 0.8559293717384455 0.018996766179196215 0.516743682564349 89.48427252232834
0.5051126622749404 -0.07113562073453096 -0.8601168071094986 -61.946508593856144 0.0196132958322086 0.9972861710317314 -0.0709620440479811 -8.045415266395157 0.8628305262542133 0.018974101601453866 0.5051370768734926 90.07764500011868
0.4970548373841043 -0.07252074091926346 -0.8646833124153525 -63.02483824785278 0.018743207683991507 0.9971662092717067 -0.0728576917861844 -8.16023920984268 0.8675166746517203 0.02000732923748025 0.4970055593029176 90.69505563786623
0.48594881751780195 -0.07260873957114165 -0.8709659681588847 -64.06452690915376 0.018729146947183656 0.9971793799183485 -0.072680831862945 -8.2691061981006 0.8737865676512102 0.01900671469636431 0.4859380402775333 91.27261281879437
0.4775758392786117 -0.07213790611409603 -0.8756240290437484 -65.1215296588297 0.020171172450805304 0.9972611286249264 -0.07115732664805914 -8.384072779935176 0.8783589480043406 0.016320656702858604 0.47772292662745136 91.85654732931562
0.4700550615608883 -0.07127367675169471 -0.8797546829106896 -66.1915017163681 0.021151940942033157 0.9973576958217055 -0.06949979841412096 -8.497914576689508 0.8823836096026357 0.014060212925614782 0.47032060970907014 92.43210852869021
0.4606352920682978 -0.07178732129999987 -0.8846816988056938 -67.24385310809392 0.021608720601176377 0.9973355129983202 -0.06967738303322181 -8.601126880187856 0.8873264286017503 0.012979022033596313 0.46095916748874455 92.98489462086276
0.45469202045117146 -0.07454878093469235 -0.8875233212705943 -68.35056712152672 0.022417475606494278 0.997133085486504 -0.07227078673708412 -8.710444692584321 0.8903665668282172 0.01296491763630201 0.4550596527766657 93.55117959919023
0.4485068495402824 -0.07795747311209973 -0.890373089385248 -69.48097046163781 0.024096969172439163 0.9968814521396514 -0.07514457037366587 -8.825419789924206 0.893454499116858 0.012247561631465015 0.44898669829063964 94.12392610097135
0.44306707476285523 -0.08111890215071414 -0.8928108931766869 -70.6262071937351 0.025311339891858187 0.9966327080558922 -0.07799090527784754 -8.94481513405618 0.8961310748623597 0.011956962283214053 0.4436283666752972 94.69657046593642
0.4372636527583216 -0.08481532028731732 -0.8953250021199084 -71.59982297520129 0.026935553978467818 0.9963314447305629 -0.08122886293050789 -9.05396312217136 0.898929904891547 0.011402354391526127 0.4379440745186609 95.18891472953646
0.4323966537071677 -0.08541239100971164 -0.8976290198767262 -72.67750173061435 0.028833127785490947 0.996304082940383 -0.08091245304913752 -9.172589033652406 0.901222383546343 0.009104821707614577 0.43326125792265646 95.70702594843569
0.42976052720756674 -0.08285717422880373 -0.8991332370305839 -73.83784054036195 0.031037705368506745 0.9965479485565318 -0.07699900696260013 -9.302802775647274 0.9024093029771659 0.005184101328718983 0.430848668320654 96.26314255114163
0.4244131357551451 -0.08109380984262436 -0.9018299641305434 -74.99414982084646 0.03424081738120604 0.9967064220834376 -0.07351105088828438 -9.42575760113423 0.9048210080582535 0.00031966050945914527 0.42579201635728964 96.81753134568486
0.4222125092305127 -0.08004928172704621 -0.9029555412888624 -76.12382593087219 0.03516821411735971 0.9967899403608702 -0.07192365056898266 -9.544965105256145 0.9058144367170751 -0.0013882688347545305 0.4236723721752128 97.34700368048827
0.4207784619225644 -0.0786840379015835 -0.9037446033927878 -77.24964711230864 0.03476568807094834 0.9968981397962643 -0.0706076894091731 -9.660416538286198 0.9064970120827961 -0.0017091080278587264 0.4222087706747859 97.86150253164656
0.41955359521575286 -0.07739285080644 -0.9044253022696749 -78.3465954155154 0.035828438754988014 0.9969942353526732 -0.06869365072493606 -9.772757735541767 0.907023210131868 -0.003583478420688571 0.42106538086678597 98.3628161827722
0.4198557684681391 -0.07604964658474121 -0.9043990186518165 -79.4425688175026 0.03704550651788949 0.9970887402395888 -0.06664588910250781 -9.87810156510692 0.9068344744940302 -0.0055222587558630565 0.42145075694245854 98.87001888496349
0.41960527179881796 -0.0768512463569033 -0.9044475119165485 -80.54955020714921 0.03866664587524714 0.9970183363503438 -0.06677819612682111 -9.985327388497865 0.9068827412490552 -0.006951468519996119 0.42132572994064404 99.37911265715962
0.41780315498980036 -0.07764478380314256 -0.9052136826345129 -81.64868310537506 0.04168578040207337 0.9969304713495092 -0.06627164557423186 -10.092630306048973 0.9075807508937381 -0.010046036183974646 0.419757379642277 99.87889587716809
0.41751148253465864 -0.07683489335656032 -0.9054173408515004 -82.73984991305537 0.04438380797530917 0.9969536689900813 -0.0641362571158265 -10.194308241033594 0.9075870424049283 -0.013408245601215379 0.4196498295109561 100.37717972762742
0.4176125077896634 -0.07608784253547796 -0.9054338372050875 -83.86056395951361 0.04594972353584464 0.9969811484975308 -0.06258763813665448 -10.293018288231533 0.9074626252604623 -0.015467053980692579 0.4198480129720158 100.88911550573393
0.41839603111774115 -0.07705753197851635 -0.9049899987902111 -84.9487600827522 0.04744862000739828 0.9968883776198658 -0.06294593732582277 -10.392774137959725 0.9070244702345788 -0.016604196210982324 0.42075041421711146 101.37794709374641
0.41883641632339996 -0.07844388699333843 -0.9046671282603077 -86.01157809307597 0.0482387868666999 0.99677707090413 -0.06409750667079918 -10.489393862839615 0.906779507820398 -0.01679367479619578 0.4212705741964875 101.85403638529145
0.4195053764101894 -0.08073446544437152 -0.9041555094409153 -87.04799708174806 0.0488942824228286 0.9966008243057192 -0.06630343987697082 -10.586034361479815 0.9064350987849624 -0.016393385329881664 0.4220268576857679 102.32143808674952
0.4188294739422557 -0.08146858525133131 -0.9044029751025833 -88.0700195730074 0.0479569347907781 0.9965618861442513 -0.06756137572671668 -10.686862433410615 0.9067976644007907 -0.015075699047144554 0.4212964741550929 102.78512819597205
0.42004958376903484 -0.08254215160170361 -0.9037395312723826 -89.08915467678173 0.047287953487902545 0.9964928803548551 -0.0690346931405639 -10.786471955622329 0.9062682807151474 -0.013737998800670458 0.42247966904759515 103.24928198945098
0.4232107437908992 -0.08308904525343881 -0.9022133211712349 -90.10688408589974 0.04538896898298984 0.9964800510038486 -0.070479425693102 -10.887258583045142 0.9048936444879132 -0.011122882281148409 0.4254923896559655 103.71219508800972
0.4277675537668176 -0.08465378496188129 -0.8999159164255204 -91.15006016939331 0.04616719577897704 0.9963514446246443 -0.07178014229778772 -10.990073754166707 0.9027089841018872 -0.010841378418475902 0.4301150480228845 104.18851101650868
0.43074533343975957 -0.08521595739726708 -0.8984412603641605 -92.17610372083215 0.04574413118946578 0.9963139115424579 -0.07256765208196474 -11.095136119793883 0.9013134483527879 -0.009840237387140866 0.43305569797264276 104.67426688902785
0.43740418687275057 -0.08460508994536836 -0.8952762456703115 -93.18695436969335 0.04535353578921701 0.9963729100090235 -0.072000562439242 -11.192407722429211 0.8981206122217698 -0.009110595781127048 0.43965482249931953 105.1605772464733
0.4431999673365156 -0.08403209569011766 -0.8924754315088133 -94.12942585751189 0.04477340013409859 0.9964290414245172 -0.07158566927989361 -11.280155466069045 0.8953039325242271 -0.008232393318185025 0.44537972125694125 105.6271337693963
0.4499269770043444 -0.08409526816255494 -0.8890971269981723 -95.1417798788613 0.04474850366108502 0.9964289646557164 -0.0716023031419499 -11.374172984640902 0.8919435446169384 -0.0075699582433317834 0.4520834092823664 106.13451540813897
0.4566520436259996 -0.08387431151293305 -0.8856827936233344 -96.10693335422738 0.04393200394257505 0.996457291618171 -0.07171363197168083 -11.466464643861313 0.8885600092744385 -0.006161643385620418 0.4587190251875326 106.62578690787575
0.46545427419164737 -0.08474469476529681 -0.8810054797479229 -97.09608088644208 0.04252700627843246 0.996397189676775 -0.07337638680951591 -11.562403774755715 0.8840496436138208 -0.0033131727033446053 0.4673812688939474 107.14597663493132
0.4751718640188585 -0.08672140889953708 -0.8756089862965815 -98.07053303790876 0.04094173594330031 0.9962324873270502 -0.07645001930744547 -11.657666429232375 0.8789399717288975 0.0004779462720609917 0.4769321730231333 107.67272193286809
0.48271668873946316 -0.08875731551033833 -0.8712673168183293 -98.98987877228984 0.040616928297466 0.9960495403700267 -0.07896567776153023 -11.751001684043723 0.8748341920318898 0.0027298483579775617 0.4844147854678416 108.18107404029581
0.49399419999865946 -0.08811203365063591 -0.8649890172098361 -99.96255291818636 0.039636439832339 0.9960996841784148 -0.07883128704442686 -11.839576624644176 0.8685612718772953 0.004657113442104528 0.4955599139249308 108.72987478777533
0.5059398809615067 -0.08553404072706804 -0.8583174032545078 -100.92091603188669 0.03831839461552325 0.9963176855888997 -0.076699217837396 -11.927584236241644 0.8617172027334423 0.005915848179215264 0.5073543783723309 109.29175164485183
0.517193734974246 -0.08338285619028846 -0.8517968888161918 -101.89772986424566 0.03843461438872352 0.9965016076037155 -0.0742113634155971 -12.018907014072102 0.855004924500545 0.005643167263278932 0.5185891762687093 109.88321403866259
0.5292728423792002 -0.082343534454408 -0.844446446290943 -102.86627942397631 0.03881688598014165 0.9965872512648402 -0.07284984543014626 -12.107780898948553 0.8475632765066275 0.005778663335687448 0.5306628867439338 110.48944887007214
0.5410044215366583 -0.08195247072836627 -0.8370173286254631 -103.80823314777798 0.03878497839273337 0.9966132821185247 -0.07250993970496977 -12.196103441884532 0.8401249557826883 0.006764498980663037 0.5423507169947127 111.095984274009
