0.999992460226775 0.0038830721876671527 -3.52134509844602e-05 0.0017825276590883732 -0.0038829925644965676 0.9999903939984258 0.002033292801659204 -0.18748076260089874 4.310853545150129e-05 -0.0020331407375242367 0.9999979322380599 0.7675138115882874
0.9999816916356563 0.006012460161907081 0.0006831663726458398 0.009250345968221017 -0.006014586307699822 0.9999769383484487 0.0031539693736938124 -0.3712839161058161 -0.000664187502489793 -0.003158020592784186 0.9999947928668913 1.5211810250969857
0.9999720239179936 0.0074709286187558425 0.00036960374095956744 0.011390677926278615 -0.007472121627044222 0.9999665079804132 0.0033392088657035147 -0.5544767957171273 -0.0003446443711050483 -0.0033418771718287106 0.9999943565226882 2.2285902810589526
0.9999634173322653 0.008551233796974407 0.00020099185865583597 0.015687157920995193 -0.008551848813902311 0.9999580221987803 0.003289334608690254 -0.7366536906820521 -0.00017285555218415696 -0.003290933128043245 0.9999945699253092 2.9264829745855616
0.9999637546434516 0.008514068920135289 5.458411870498171e-06 0.022435528028084087 -0.008514036543717768 0.9999577259112369 0.0034724014975367474 -0.919899561045602 2.4106084547298473e-05 -0.0034723221122245247 0.9999939711808493 3.602834071493308
0.9999611131862383 0.008716637343393074 -0.0013387863021877573 0.027576416917539495 -0.008709749619682246 0.9999492306515704 0.00506718668445617 -1.1087667852070993 0.001382887161559183 -0.005055329144224959 0.9999862655408531 4.2433799284273706
0.9999552784693122 0.009230663773021135 -0.0020581320826147846 0.031214014295624464 -0.00921324989107033 0.9999229790126788 0.008315772294540617 -1.2979693408887267 0.0021347336613136525 -0.008296438315288795 0.9999633053384887 4.922421606391103
0.9999584515079021 0.009059832866382683 -0.0010073164109154484 0.03204346597486435 -0.009046283098374741 0.9998780753782869 0.012727888274054782 -1.4861252511641418 0.0011225061347480303 -0.012718246980066626 0.9999184897649062 5.553336337468562
0.9999712307122459 0.007565326258673294 0.000550986783619391 0.0398602274395057 -0.0075729560292360715 0.9998512816532317 0.015494028313153767 -1.4894829678538721 -0.0004336874625257101 -0.015497755159679797 0.9998798085271022 6.234507553039517
0.9999773662209864 0.006670268440067315 0.0008800935608702103 0.05060691070132639 -0.006685102618418594 0.9998139524142224 0.018093367868693245 -1.6691144879579767 -0.0007592422009188792 -0.018098841863171528 0.9998359142751833 6.898404888902814
0.9999722400576684 0.007262145219699891 0.0016674414100843922 0.053489099096735895 -0.007291281109866954 0.9998079937306839 0.01818826247889479 -1.8514966595983058 -0.0015350354474641863 -0.018199915357832427 0.9998331894606931 7.49351625843687
0.9999666010663665 0.00807810282563579 0.0012413728351390245 0.03610898754218897 -0.008096201840480204 0.9998495395061017 0.015341116817035885 -2.035157166359696 -0.0011172589384610314 -0.015350654845126032 0.9998815475486532 8.018575264598699
0.9999616716757694 0.008579598384693089 -0.0017451850782277927 0.016451007590047802 -0.008557346036766375 0.999886725346494 0.012381773082694702 -2.2197853818079905 0.0018512180333326777 -0.012366364357468847 0.9999218199561258 8.542952035148893
0.9999798444445229 0.0059893178129549526 -0.002106840488168893 0.012429589355290916 -0.00596575779974071 0.9999215190997263 0.011016595443696747 -2.4112920791590735 0.002172657032759701 -0.011003804498021014 0.9999370959455335 8.81567582794856
0.9999979086017939 0.0017578586147759514 -0.0010453349358449037 0.0038259664557227877 -0.001748546951224848 0.9999593711099742 0.008843003613241638 -2.59629773493263 0.001060837215128788 -0.008841157301784669 0.9999603534950613 9.241353504034103
0.9999995649730969 -0.0008693819775627858 0.0003379772082313082 0.004166301212463433 0.0008666877485473273 0.9999684846418911 0.0078916776002241 -2.7855945301583973 -0.00034482743903692836 -0.007891381246426373 0.9999688031114075 9.587036075005342
0.9999900854992393 0.002944937348358994 0.0033400968904370603 -0.010676066704063316 -0.0029646976060059248 0.9999780425554127 0.00592663269906098 -2.977520472025735 -0.0033225699884592034 -0.0059364763167114865 0.9999768591210563 9.940501765103352
0.9999348307723996 0.007602056917052273 0.008517214262965828 -0.019897775958698245 -0.007646292746057451 0.9999573850540936 0.005173227524496167 -3.1698334123570593 -0.008477524132254662 -0.00523801550288973 0.9999503461563372 10.29168492574128
0.9999430135666653 0.006352340471096988 0.0085800576777753 -0.01957262222202314 -0.006409794214456628 0.9999571092096633 0.006685378013345973 -3.3624596482902716 -0.008537221875001609 -0.006739993441560212 0.9999408424157225 10.520196863269586
0.9999437001253711 0.002643306664535252 0.010276648746454179 -0.008630063779388908 -0.0027274513972607647 0.9999628025037329 0.008182580140494757 -3.549103591193021 -0.010254637412232336 -0.008210148522241386 0.999913714213775 10.797265965739347
0.9999226980645223 -0.0020682629519916266 0.012260513191812435 0.005172721928917079 0.001962401370035365 0.9999607480307278 0.008640102932824325 -3.7341974356284036 -0.012277901947322728 -0.008615374988259946 0.9998875078915549 11.019884342058424
0.9998953040225929 -0.005219040670428098 0.013496021934099458 0.016356084122553592 0.005067680277064319 0.9999241542308657 0.011225168252506024 -3.919944302921402 -0.013553582927577846 -0.011155599498370016 0.9998459146236773 11.278803524909355
0.9998833811574234 -0.00575195628714608 0.014147052133500659 0.01974172295310718 0.005572983322904207 0.9999043544591514 0.012657953646230954 -4.111994867140019 -0.014218507027105785 -0.012577636204719099 0.9998198023271105 11.430449960154666
0.9998633606121523 -0.004626412164369835 0.015869984746579913 0.019791830598153988 0.004442129908596726 0.9999225294808285 0.01162766178285393 -4.307046860963282 -0.015922549646537734 -0.011555576452374077 0.9998064518023513 11.531266025571508
0.9998712741570855 -0.004266527126763629 0.015467121961147525 0.021603235605227204 0.004110444061481363 0.9999404537616972 0.010109064272627935 -4.4986076894728715 -0.015509331549162744 -0.01004418623519497 0.9998292729050151 11.585612815146108
0.9998677178048337 -0.0030806596645549644 0.015970486147352515 0.021755870295377962 0.0029321892593000822 0.9999523466427599 0.009311643774592622 -4.693498687093097 -0.01599841110545794 -0.009263583521966453 0.9998291038284657 11.630605718648008
0.9998476326932764 -0.0010693509501675169 0.017423199654332006 0.01775932551998998 0.0009143586169568559 0.9999599647486546 0.008901283513552372 -4.887055046610131 -0.01743202070813754 -0.008883996196218139 0.9998085813122516 11.720079154777313
0.9998635005295333 -0.00042944428675883913 0.016516533729289424 0.01744640829017044 0.0003067201265718549 0.9999723337963411 0.007432197835255071 -5.076660182326474 -0.016519268494401954 -0.0074261173908701855 0.999835969821504 11.773554294740414
0.9998623499868172 -0.0008683596376260542 0.016568857244160892 0.020466539195872074 0.0007705235661127057 0.999982237239875 0.005910287486057266 -5.2683206625398205 -0.016573695190623784 -0.005896707239936716 0.9998452587633027 11.817106707397842
0.9998771717651455 -0.0019252967026619696 0.01555424750795897 0.025647818924306672 0.0018533798038185565 0.9999875328716413 0.004636710535511604 -5.458820690245517 -0.015562980634663994 -0.00460731308834615 0.9998682744741288 11.853669546093611
0.9998809797177736 -0.0020292691509765396 0.015294066344056471 0.029029863969396344 0.0019767880349646984 0.9999921093348014 0.0034458057401244766 -5.647535689637856 -0.015300938130988123 -0.0034151624919979006 0.9998771014267033 11.87528296028826
0.9998749455167171 -0.0018470706435260178 0.01570610257123353 0.032765148906327424 0.001817019661617099 0.9999964918044548 0.0019273863991093397 -5.835096879988655 -0.01570960748999099 -0.0018986070736198017 0.9998747939235648 11.916686699090137
0.9998844687174573 -0.0012449284789167576 0.015149236637162063 0.035812198107097945 0.0012468792441170417 0.9999992155264954 -0.00011932536924073736 -6.025361408561312 -0.015149076201436885 0.0001382008521548918 0.9998852366100662 11.932004760655229
0.9999026213525326 -0.0015860774096764746 0.013864781670937068 0.04457376758386859 0.0016179251313501498 0.9999960780061203 -0.0022861081876981437 -6.212300217179864 -0.013861101348795632 0.0023083177482809644 0.9999012658950742 11.92793276395305
0.9999284973099014 -0.0018999249410031691 0.011806377631577398 0.04799075626803913 0.0019521799799131646 0.9999883436630888 -0.004416053812784035 -6.398123400235804 -0.011797849841682306 0.004438786227104475 0.9999205508018844 11.950801185542566
0.9999402288519849 -0.0025499608387796555 0.010631858875999668 0.05579013479387879 0.0026178313603750715 0.9999762549840602 -0.006374670738289737 -6.585446945654173 -0.01061535126159844 0.006402122130486182 0.9999231606227649 11.96532786764655
0.9999602954625058 -0.003205549631571064 0.008314562531859776 0.06296655371032046 0.0032710743583562268 0.9999636090442914 -0.007879128102566229 -6.77031695366748 -0.008289003020796664 0.007906012817727993 0.9999343915428889 11.97611063610021
0.9999863046387888 -0.0031685105036525253 0.004165462284832264 0.06048982850092345 0.0032059315691544436 0.9999542889827914 -0.009007882531033256 -6.955546974649141 -0.004136730306898832 0.009021113351867331 0.9999507522754613 11.997712443024948
0.9999958170296207 -0.002850459059565761 -0.0004907202968736568 0.060687776807664955 0.002845264311044109 0.9999431136522484 -0.01027978260693513 -7.136501910301965 0.000519994481050513 0.010278343377961604 0.9999470412292566 12.02517734082981
0.9999581021589489 -0.003067577675107679 -0.008624609781267766 0.05551129196789974 0.002968493065985106 0.999929719153659 -0.01147801386133413 -7.318984074258169 0.0086592133354686 0.01145193086300129 0.9998969303402828 12.072163966135376
0.9998696802322085 -0.003256598038941098 -0.015811929722616504 0.05094248872671189 0.0030617220007342297 0.9999192554486502 -0.012333225101584602 -7.500119997958438 0.015850817352124746 0.012283206105447472 0.9997989170013344 12.108751151725695
0.9996960722829287 -0.003366174868415109 -0.024421955876624116 0.04485453665065009 0.003046988949080617 0.9999096131448669 -0.013095090638324076 -7.683523079612301 0.024463828817842606 0.013016697247650547 0.9996159695964921 12.148223051519574
0.9994093677146447 -0.0037684270268479084 -0.03415720541783396 0.035915266490116754 0.003273813587226563 0.9998891488522823 -0.01452488044885967 -7.863481570409468 0.03420815500445583 0.014404477262327084 0.9993109191667982 12.209683519603816
0.9988944430664526 -0.004933635201509987 -0.04674987545072713 0.023419978230635293 0.004201819321699511 0.9998673020390499 -0.015739219406890166 -8.045778565461985 0.04682132340449034 0.015525384273790376 0.9987826220543708 12.292990426489544
0.9980978858985848 -0.0061911458466290415 -0.06133742640411307 0.004551077936772108 0.005100647562376158 0.9998264254138413 -0.0179193314223524 -8.186627613156414 0.0614377209800189 0.01757238621489548 0.9979562203240665 12.448009516472682
0.9971174155010383 -0.006945489882748996 -0.07555540930216305 -0.007389224126178533 0.005467303355669027 0.9997899308891354 -0.019753548711928217 -8.366224173801486 0.07567673551723712 0.019283523095795098 0.9969459250322803 12.51302571219284
0.9955746066035197 -0.006855446501788624 -0.09372409263101505 -0.05361172909769952 0.004814355538641002 0.9997466769916835 -0.02198644638938371 -8.370241370714192 0.09385107706890504 0.021437926610257865 0.9953554092060085 12.771518477521743
0.9930713830801591 -0.00617591799181064 -0.11735027117232127 -0.09316520015080584 0.0036855258986296965 0.9997636216944769 -0.021427030480043904 -8.552780029154617 0.11745486369712185 0.02084607333050115 0.992859404055071 12.871703577184174
0.9899207818921937 -0.005364395751624989 -0.14152055976488614 -0.14574664716144498 0.0025505273562535656 0.9997955847056587 -0.020057009080971543 -8.733198528851354 0.14159922453231097 0.019493898052701554 0.9897321089823043 13.052754065066262
0.9855197217275512 -0.004517966991796472 -0.16950063734484944 -0.1988801075068058 0.00132761791129032 0.9998199174654402 -0.018930664808215165 -8.917108201149425 0.16955564135920345 0.018431511431795645 0.9853482449721059 13.177282936890371
0.980133206113807 -0.0036927019723519985 -0.1983059813147648 -0.2748654753606927 0.00024415654755198556 0.9998483757638144 -0.017411659026106713 -9.096645722818959 0.19834020938944485 0.017017327481261692 0.9799854957624359 13.402334237182917
0.9734075715949196 -0.002855803398504499 -0.22906231455355058 -0.3549065951921307 -0.0006617399273027519 0.9998830656999756 -0.015277991578916456 -9.277296601036001 0.22907916025241007 0.015023292361061195 0.9732918570627647 13.59684489715787
0.9652216834084193 -0.0016556929849737656 -0.26142754361190795 -0.4594032809598596 -0.0016377607249906437 0.9999220286941225 -0.012379590947882975 -9.45579922872938 0.26142765656682987 0.012377205377981622 0.9651437121843603 13.856117909872777
0.9542898015571157 0.0001094132925159644 -0.29888285777677415 -0.579896545144326 -0.0026495738749884954 0.9999637356699844 -0.0080936458539358 -9.634557987131004 0.2988711334377429 0.008515595907473235 0.9542554847754242 14.103536203877496
0.9418098701413873 0.0015065436782832242 -0.33614267630041805 -0.7300516551248095 -0.0032659138696513454 0.9999837683725524 -0.004668704105393691 -9.798456644406935 0.33613018655107185 0.005494844635940672 0.9417995032763443 14.415391144986868
0.926167879571529 0.003284721584298443 -0.3770971618218446 -0.8935478794904801 -0.0040359011333753 0.9999911334412027 -0.0012018906017417143 -9.96072429370048 0.37708987039168607 0.00263507933288148 0.926172924461135 14.69484861275503
0.9081038572435075 0.006584521081170418 -0.4186932391878262 -1.0771930569580817 -0.00516879650748842 0.9999764471347097 0.004515386861136491 -10.123938668230918 0.4187131094223431 -0.0019363000731216417 0.9081165028452572 14.968483237617955
0.8871802790689878 0.010221159031452676 -0.4613097444658264 -1.2618317076988448 -0.005684096999249878 0.99992085839136 0.011223546462107329 -10.295453429287576 0.46138795332385496 -0.007335179748153196 0.8871681642539293 15.208636773122038
0.8640953107676254 0.012970671926623713 -0.5031610632582497 -1.5049848506206243 -0.005280791144886962 0.9998465074123478 0.016705533820036242 -10.436900397555272 0.503300513763184 -0.011778084950457221 0.8640311739518519 15.507639492663118
0.8391237705673822 0.01696783139938553 -0.5436758136669139 -1.7309834641608768 -0.00700484448992433 0.9997675477893748 0.02039074645250938 -10.593959098837134 0.5438954217700781 -0.013301995520243338 0.8390475714122106 15.743108483899272
0.809221814540395 0.020136220495926952 -0.5871580600622711 -1.9897122936506972 -0.008088300548680864 0.9996995894664337 0.02313677191996889 -10.747949669064267 0.5874475587371053 -0.01397366969632043 0.8091415835866018 15.995908009266703
0.7769936423204814 0.022071594946791784 -0.6291213909016734 -2.3072760885611343 -0.009009636360487367 0.9996726922742004 0.023944410076307876 -10.85257065151018 0.6294439659304104 -0.012936499439777595 0.77693818334282 16.274273746095933
0.7423285771490812 0.02369985365307742 -0.6696167564246305 -2.604474609080949 -0.009253707629838983 0.9996415644554164 0.025121932812337246 -11.00879300232748 0.6699721281090147 -0.012452290951822494 0.7422818117178472 16.505186314630485
0.7042020383214803 0.026012208919571546 -0.7095229765208427 -2.9639116646454835 -0.009749283745665078 0.9995886927235856 0.026970295615695764 -11.150294044443108 0.7099327015219956 -0.012075196324535287 0.7041659953046621 16.76649808380383
0.6629706932177665 0.026926761525801778 -0.7481609515659622 -3.384275040625621 -0.008537864066615075 0.9995599179339367 0.028409071387148342 -11.285495553064287 0.7485966636390614 -0.012446685246791187 0.6629088287350181 17.052981963027754
0.6235469139711489 0.02727296340397924 -0.7813100738786242 -3.7724940930317716 -0.006836997751302696 0.9995433342692498 0.029434306169123806 -11.443236354852298 0.7817560370977669 -0.013011855558460808 0.6234486266534885 17.274266650999706
0.5832777711803145 0.027520174776198284 -0.811806431131961 -4.226062003882959 -0.004372051842865078 0.999517782318741 0.030742283443282996 -11.594693842124471 0.8122609967304892 -0.014382030764511389 0.5831168239568133 17.520725553986065
0.5388991451126217 0.028016832174301516 -0.8419042513919275 -4.675679941900738 -0.00207603501444742 0.9994878866744359 0.03193202890025596 -11.752526988529564 0.8423677353006253 -0.015460320371357692 0.5386813316038631 17.725757151584673
0.4907839014734427 0.027479098546527494 -0.870847897854485 -5.186919962915264 0.00084094401991179 0.9994871255174282 0.032012165469738826 -11.885411537925005 0.8712809276391063 -0.016443389795805338 0.4905090825503256 17.946272040502716
0.44231609509976155 0.02715534838744307 -0.8964480236297331 -5.659994648306591 0.002987001891933601 0.9994913602267764 0.031750569313374215 -12.037704415700428 0.8968542522814932 -0.016721479778488157 0.4420100024644484 18.110150884559705
0.3931236985630988 0.027982233086657968 -0.919059710932621 -6.165808539369223 0.00465068759570763 0.9994635275233595 0.03241956593551794 -12.188083119895406 0.9194738325438939 -0.017019159263730047 0.3927826618945891 18.256796465869964
0.3417311079307759 0.028832875694712823 -0.9393553721311104 -6.642032339387169 0.006934928596777692 0.9994246830808012 0.03319954237930454 -12.339301143147342 0.9397721833709284 -0.01785967883280328 0.3413345503083849 18.36108588193082
0.29133544153882546 0.029626292063541036 -0.9561620905065955 -7.076730452555152 0.008622799485684262 0.9993983893504012 0.033593253680630555 -12.502461764849775 0.9565820967551123 -0.018031699376023343 0.2909047094586226 18.423172144706577
0.24443502118464208 0.03205050057015084 -0.9691358448802034 -7.689731226154987 0.010872516755289658 0.9993001753408863 0.0357903330953692 -12.628713744430899 0.9696047178092055 -0.019285356539983787 0.24391548992480233 18.526893001206773
0.19182685136210767 0.035649097189466725 -0.9807811177658728 -8.208495694727484 0.012563471970248869 0.9991689960052307 0.03877469012061417 -12.768012646610973 0.9813483674356176 -0.01976004280037975 0.19121956604901774 18.577043493272573
0.1415343025898023 0.037771839510164794 -0.9892124793644871 -8.71069352352223 0.014364945285252445 0.9990882181891438 0.040204236376168705 -12.922005142887736 0.9898291213827614 -0.019900261698216383 0.14086266377920234 18.58578591233372
0.09295228525762923 0.03901615223502074 -0.9949058309861076 -9.184076863344268 0.015778462481678347 0.9990487435947346 0.04065277411806316 -13.075701407730296 0.9955455352655137 -0.019476852583353504 0.09224824890667455 18.56235896875268
0.04917693437900866 0.03641699113773733 -0.9981259599276817 -9.750816995264787 0.015667311450376153 0.9991839909627139 0.037227510737864254 -13.147984344582614 0.998667194052653 -0.01746868513354246 0.048566249213889204 18.548064094647934
0.013570871757750229 0.03165100814815823 -0.999406846646019 -10.43588674173372 0.015138646493491136 0.9993778257431252 0.03185565562481053 -13.255595979840894 0.9997933050496385 -0.01556197597179216 0.013083274887181938 18.52184770256154
-0.0169099559886198 0.030865159013128467 -0.9993805057872385 -11.055888833700564 0.013735487886345531 0.99943627388907 0.030634470898867318 -13.253531446490305 0.9997626667169497 -0.013208951276455994 -0.017324371422629034 18.48599146071638
-0.03751775838396838 0.034597733683941694 -0.9986968582256462 -11.69785823920095 0.012575540543914604 0.9993376822714659 0.03414751194919259 -13.339538392301039 0.999216830115401 -0.011278014728973275 -0.037927994910125565 18.434641586800847
-0.0508651639089185 0.04057555263276934 -0.9978809345954375 -12.347051892967503 0.01344451572325699 0.9991116147217768 0.03994028448832273 -13.454226137051128 0.9986150309791484 -0.011384456798039379 -0.05136549470147832 18.384137840777978
-0.05906415565402696 0.043231475190587766 -0.997317634993848 -13.128713557650311 0.01315392791904538 0.9990087753945074 0.04252576707202858 -13.590894244087005 0.9981675208586868 -0.010606895757452706 -0.059574273518130855 18.326875979642658
-0.06306385833688294 0.040664631024556745 -0.9971806945360013 -14.005312296901632 0.013107005149106383 0.9991171225319753 0.03991468250461466 -13.73777906324583 0.9979234220057601 -0.010552878614840177 -0.06354117220553582 18.254854410097312
-0.06328672862501904 0.03648605337796502 -0.9973282097127522 -14.898421483610738 0.018461225756774655 0.9992032898246452 0.035383170394417934 -13.881146907558385 0.9978246204235993 -0.01617261613046269 -0.06390988471274275 18.181658808035102
-0.05859291814372422 0.03507457736288308 -0.9976655972650443 -15.742889547599818 0.0299121608884315 0.9989955288493232 0.033364591561153185 -14.030972124632429 0.9978337199024628 -0.0278874050760037 -0.05958321964898701 18.136143156030794
-0.05362283131774683 0.0347724753132058 -0.9979556437648222 -16.62360024294936 0.03270347624895525 0.9989185455874086 0.03304878095735518 -14.174070284210408 0.9980255881502746 -0.030864449486840324 -0.054702021490725235 18.080799656825274
-0.04995431807886854 0.03369209672507143 -0.9981830537148701 -17.48207652804116 0.029505914287346127 0.9990443887686746 0.03224453894677125 -14.325802231887408 0.9983155649028728 -0.027841549671138936 -0.050900697289589916 18.02185124893146
-0.047865193810163034 0.027282844808901793 -0.9984811313192897 -18.35616594920298 0.032446927538871455 0.999141815938959 0.025745456598853172 -14.469347040936604 0.9983266600240632 -0.031165333647012173 -0.04870936115232503 17.96511746853829
-0.04511246324887025 0.01721729121067416 -0.9988335349511378 -19.309852980500622 0.031053282106307218 0.9993924564705889 0.015824399517984554 -14.60858438966619 0.9984991533947559 -0.03030318189638726 -0.045619708864798915 17.897492441907577
-0.04223513349255886 0.009792607782052879 -0.9990597070904682 -20.17595918853074 0.02351637438939301 0.9996846800254168 0.008804581651317108 -14.755690216833733 0.9988309034238191 -0.023122399427907277 -0.04245210254219051 17.82597055104064
-0.042020429962203884 0.007282087371191727 -0.9990902134788977 -21.074956088889817 0.01715948881392264 0.9998312069759118 0.0065657825682311245 -14.90810134719548 0.9989693866227509 -0.016867980335735326 -0.042138294103544846 17.75706487106552
-0.04553239021548406 0.014147134681740418 -0.998862683266104 -22.036535842506076 0.00864900861568099 0.9998678218992979 0.013767112272246237 -15.06776164911905 0.998925420685263 -0.008012322425330473 -0.045648730520374325 17.68449463397389
-0.0519703174191674 0.02121371889719749 -0.9984232891103358 -22.798584448074223 0.008202489126486672 0.9997496973503422 0.020814942229698992 -15.194842716372479 0.998614943448915 -0.007107797017819501 -0.05213131440960025 17.625791896704172
-0.057344574170769165 0.02995203855411611 -0.9979050431777693 -23.673325882494893 0.00935780036200597 0.9995220724641403 0.029462827925566593 -15.340749898863809 0.9983105886374024 -0.007648662853038253 -0.05759745281696515 17.551901809305157
-0.060061543961553464 0.038957372386451194 -0.9974341753086754 -24.662665427054574 0.010696757582558065 0.9992058679797065 0.038382453961910874 -15.451733976215028 0.9981373604440289 -0.00836400213185002 -0.06043056473477645 17.471875395820735
-0.06006243184871852 0.04644433953156247 -0.9971135480003742 -25.642309085308483 0.011678413114842768 0.9988812980802753 0.0458232147778817 -15.56514439352441 0.9981263041056158 -0.008892450221269272 -0.060537636074801456 17.38723071647576
-0.06035566029220636 0.04752875463512458 -0.9970447390932492 -26.733761436405842 0.01297878528042546 0.9988186632947047 0.046827651946478706 -15.6811158998718 0.9980925535256413 -0.010114115730505774 -0.06090122543638597 17.297793893853278
-0.0624697769575783 0.04519539052394776 -0.9970230206180085 -27.76790741687305 0.01293533073602373 0.9989269183824031 0.04447121484490997 -15.821131159816602 0.9979630274642538 -0.010118715650729287 -0.06298735911244058 17.210582199527455
-0.06847661922685928 0.04027512308346 -0.9968394389669137 -28.809088629155358 0.01206263133555666 0.9991451889630798 0.03953965474293832 -15.667387719682933 0.9975797940738983 -0.009316964770807354 -0.06890390861872293 17.124206559028494
-0.07727940882647559 0.035129086669033145 -0.9963904055345122 -29.64436823936461 0.011763450860035921 0.9993416362471151 0.03432077048667547 -15.550490970116128 0.9969400755287617 -0.009068700719237072 -0.0776417701496488 17.053706346559157
-0.08916791923533873 0.02982319595102618 -0.9955700172074824 -30.469496238994488 0.011629723218416321 0.9995146592534272 0.028899748707652072 -15.47267227365206 0.9959487093807102 -0.009001273285991492 -0.08947147792524558 16.981675225962572
-0.09964438157328953 0.028107135767802556 -0.9946260534189757 -31.472026572522953 0.01109592470896426 0.9995701874583534 0.027135231698341918 -15.322652370729719 0.9949612443084047 -0.008332422420882018 -0.09991342783064873 16.88065302531798
-0.10697015114257981 0.030413939884591467 -0.9937969506016963 -32.471022512624096 0.0126568895990687 0.9994926965408932 0.0292258910401069 -15.23740407418868 0.9941816684641747 -0.00945208030582 -0.10730083069427583 16.767499915191493
-0.11691990852612942 0.035320095736358775 -0.9925130859728833 -33.43294602509618 0.013018975813947974 0.9993360380874547 0.03402924107913929 -15.170100741132442 0.9930560111388465 -0.008942808107121267 -0.11730210963218764 16.64196008591898
-0.12771995027611313 0.03752500775133147 -0.9911001402959894 -34.2460744010936 0.012827804083393658 0.9992629201300065 0.03618098804133427 -15.13593132589659 0.9917273121901325 -0.008092604433161066 -0.12810717391942983 16.533444263583725
-0.1313629423247312 0.03978441188414663 -0.990535702513959 -35.320095448132165 0.010562538286354051 0.9991938316129733 0.038731378125904034 -15.014821690331475 0.9912780690445736 -0.005374703490893811 -0.1316772660471284 16.371289300235144
-0.1357700557698567 0.041163275571868045 -0.9898848805292687 -36.403041605389305 0.007497762609642703 0.9991505874780353 0.040520206047642476 -14.894138055672522 0.9907120043242129 -0.0019204912101884782 -0.13596336345285093 16.203987817885018
-0.14113827418930863 0.042271836799343494 -0.9890869928234187 -37.51703697138561 0.0054097228181886545 0.9991059855475587 0.04192808774638869 -14.78985030432371 0.989975112039638 0.0005669714703327581 -0.14124077345249078 16.02501190584058
-0.14434137410765654 0.04167502344627957 -0.9886499684627852 -38.63292662447399 0.0043625203855702475 0.9991298160355089 0.04147986408768562 -14.689130046801846 0.9895183354221381 0.0016742549386031037 -0.14439757869784883 15.838750501909487
-0.14734563589732588 0.040711211446041895 -0.9882468622993997 -39.69488786051481 0.003917197954775716 0.9991687319296584 0.04057709568536026 -14.598087121053542 0.989077306959469 0.002107699378813329 -0.147382626049113 15.65819684014582
-0.1521506911761505 0.039436527302914866 -0.9875702139538771 -40.78179916610873 0.00427682228896466 0.9992205500949956 0.03924284723309953 -14.50385536704997 0.988348054060779 0.0017471640272806491 -0.1522007603533352 15.4726312217784
-0.1543504502578429 0.03846622562243956 -0.9872670803746904 -41.84049034747769 0.002712194291166103 0.9992545626735811 0.03850925834334202 -14.423541951638393 0.9880124404618235 0.0032662612251419866 -0.15433971954840695 15.276197433433751
-0.15546832279392958 0.035500646270352286 -0.9872027677848306 -42.93083180543912 -0.0013087423392000074 0.9993457560316542 0.036143423952473525 -14.34140280194303 0.9878400112372105 0.006911151561496459 -0.1553201473826297 15.067974910603986
-0.1564298755641185 0.03034767043540582 -0.987222727113866 -44.062402334539286 -0.004805590534618323 0.9994926302585342 0.0314863201801676 -14.276115378465951 0.9876773766420937 0.009669589340734116 -0.15620466930080376 14.84036312901191
-0.15632691945946725 0.029398438567610007 -0.9872677580383653 -45.09486508848144 -0.00665767017095411 0.9995028714519244 0.030816965899487406 -14.215763783948525 0.9876829297300871 0.011390424449591109 -0.1560534797774469 14.63154610887209
-0.1561969472584477 0.03340918329384295 -0.9871607468587781 -46.24678510475171 -0.008091869009941166 0.9993509711496692 0.03510210988154753 -14.15708749244955 0.987692783877187 0.013470817861165269 -0.1558252281984004 14.406178148598253
-0.1550187046426922 0.03649634323816113 -0.9872371640802146 -47.327227225423925 -0.008596092922475766 0.9992297152421815 0.03828946804924752 -14.09708802607018 0.9878741359087047 0.014421966137407115 -0.1545855701395233 14.187492344526039
-0.15431710328875384 0.03594991205202438 -0.9873671229365599 -48.44604707879373 -0.0061359231450683754 0.9992836768685247 0.03734278499626065 -14.03600935669565 0.9880023188635367 0.011821039191663723 -0.15398597648066253 13.971623025088023
-0.15219352115922985 0.035069269969635275 -0.9877283424206029 -49.569287953237534 -0.005242020891245505 0.999327595506204 0.036288814761052265 -13.972996431734304 0.9883368116862442 0.010700615103023706 -0.15190735170585404 13.747773319141602
-0.14876880115488011 0.035635764058965645 -0.9882296980575282 -50.667623458074154 -0.0092133052589814 0.9992571386629814 0.037420393334031354 -13.919302418168424 0.9888290847305939 0.014671848929242974 -0.14832996339193505 13.526348384255957
-0.14366957755520843 0.036360057177043 -0.9889575313061679 -51.79313605040673 -0.014830999533330148 0.9991334781869914 0.03888874154308392 -13.862264104125108 0.9895145748992027 0.0202543577544337 -0.1430058287413663 13.304802475653565
-0.13879424941133417 0.03589043310778357 -0.9896706690317137 -52.93777338087486 -0.017673177478034454 0.9990941594644086 0.03871071327080427 -13.803529605419948 0.9901635294880204 0.022863449771201267 -0.13803422596003276 13.068247988171773
-0.13484100953187822 0.035407091910085925 -0.9902344368839605 -54.04419719446143 -0.019238229838140053 0.9990794271394741 0.03834304082037672 -13.749915930965821 0.9906804695062472 0.024220572023156486 -0.1340357087859506 12.838995735014876
-0.1301218612545444 0.03482821240912553 -0.9908861169902612 -55.15826849691933 -0.018557680607685725 0.9991222443771377 0.03755467056508809 -13.697027671661113 0.9913243231728535 0.023275231710425746 -0.12936131521714542 12.627855421240254
-0.12717096383896995 0.034643970510900166 -0.9912756131689646 -56.277628804873046 -0.017521790885711416 0.9991554350683846 0.0371672358060478 -13.63974111326197 0.9917260371697539 0.022095517204737385 -0.1264565352958488 12.427400144687828
-0.12126447641109077 0.035804942922525805 -0.9919742601615519 -57.40608689480295 -0.016776745641574324 0.9991325479770499 0.038114201796230256 -13.585892412231045 0.992478446902713 0.021263998570365795 -0.12055859487559338 12.235117680216726
-0.1159099302795289 0.03723581996533585 -0.9925615254351255 -58.5743758821429 -0.014661925919245295 0.999124037231643 0.03919421072402126 -13.544279425797418 0.9931515070677449 0.019095861788605426 -0.11526244866224677 12.074872716171502
-0.1107255460396723 0.03822914134833586 -0.9931154948977409 -59.686636230920406 -0.01568871775840962 0.999068177641602 0.04020746894524981 -13.486575980265185 0.9937271846886917 0.02003270265478994 -0.11002260329146603 11.900694704241376
-0.10568500733213013 0.03752334493104811 -0.9936914399401822 -60.809526971669555 -0.015473913298512922 0.9991047419066253 0.039373502599130174 -13.458689594210503 0.9942792551554305 0.019537484097989596 -0.10500975898783414 11.7666414646023
-0.09905049323758991 0.032929660523384294 -0.9945373986166655 -61.998668181682426 -0.01674033897549069 0.9992557134258268 0.03475313276275648 -13.410404138977775 0.9949415866473647 0.0200912081183482 -0.09842551760579833 11.605019156199026
-0.09527964916757395 0.028313777415892638 -0.995047797074566 -63.21061105106799 -0.01581009234363983 0.9994262874841032 0.02995224308505488 -13.370546224946407 0.9953249868432869 0.018585636771010234 -0.09477734260479341 11.458061347612166
-0.0928518474736392 0.027736967628351185 -0.995293522056441 -64.40930364995853 -0.014863230905381818 0.9994619162935219 0.029239737446362 -13.354318619977214 0.9955689924800715 0.017508241078494507 -0.09238962445292165 11.327085227895893
-0.09107441219046339 0.029718060624490852 -0.9954005667654001 -65.58212400847628 -0.013828700706977521 0.9994205068034075 0.031103337724023704 -13.317645512013934 0.995748069785183 0.01659781472173147 -0.09061067302224715 11.195022324276398
-0.08941432424159045 0.029053028837595286 -0.9955706906773524 -66.74485162298818 -0.013313657766953684 0.9994502974820669 0.030361972595175403 -13.27890359552248 0.9959055302272819 0.015969482720727304 -0.08897837087937806 11.050687048360919
-0.08897792009392876 0.02891830070336711 -0.9956137110446938 -67.94204423391375 -0.014025545974647982 0.999442957266989 0.030282985809304244 -13.240115246791813 0.9959348441519008 0.016658542968793124 -0.08852276063411789 10.910099936904487
-0.08801060620797839 0.028780656377968172 -0.9957036742994154 -69.08352800094984 -0.014797849613447505 0.9994344381679084 0.030196480768665875 -13.223220811705815 0.996009616841987 0.01739188380963774 -0.08753493894343012 10.796731902998323
-0.08699764596840034 0.028284950283225214 -0.9958068945249532 -70.2852661422338 -0.015130708548483082 0.999444030114125 0.029710138472489624 -13.184830927328147 0.9960936056690542 0.017651976000128935 -0.08652130655805575 10.664647233461768
-0.08672407696618983 0.025827681059658453 -0.9958975175013952 -71.61731503458732 -0.015619185799650756 0.9995057610719412 0.027281396939175858 -13.16676324154942 0.9961099213988976 0.017921062331163525 -0.08627780720210793 10.53024951492767
-0.08670409973537777 0.024517746688653176 -0.9959323667731598 -72.8547476921846 -0.014529274417404195 0.9995596746102532 0.025871936107409236 -13.14663977975103 0.9961281540414271 0.01671337758662624 -0.08630969664913299 10.411726178127594
-0.08666583135346706 0.02495137323513641 -0.995924928219739 -74.05752440874085 -0.011865077073795175 0.9995895549583507 0.026075689141353907 -13.12809101075817 0.9961667800232271 0.014076597310591162 -0.0863342098261754 10.29733283196578
-0.08663383163553846 0.02587527352958115 -0.9959041366697466 -75.16095980644728 -0.010274528201433094 0.9995862747460207 0.026864724260782985 -13.11643446814762 0.99618723806641 0.01255983913668105 -0.08633213280394209 10.193769144299797
-0.08666724703072827 0.028381223684613936 -0.9958329651273238 -76.29118208247412 -0.008954997216893756 0.9995315453278372 0.02926598570675649 -13.102661820940767 0.9961970670088118 0.011454083844051484 -0.08637249357482518 10.090855877930048
-0.08693249918853507 0.03183439051536016 -0.9957054344359831 -77.48874537606441 -0.01072746945306402 0.9994014336016046 0.03288914584156892 -13.080848987718669 0.9961564445326687 0.013540535276345664 -0.08653896186378154 9.971552762030685
-0.08644443067071035 0.03154268529856473 -0.9957572090676379 -78.6787953544215 -0.012587123682671127 0.9993843014120797 0.03275030394490706 -13.051185615110937 0.9961771552908715 0.015364800527255995 -0.08599417527567589 9.845025558478198
-0.08572879334504017 0.02928958752766991 -0.9958878923122126 -79.87668626356414 -0.01414328005005065 0.9994312964517286 0.03061129370412117 -13.031914479212476 0.9962181195004579 0.016709390631411258 -0.08526578823712119 9.720454981671889
-0.08505333129704802 0.02727037925062647 -0.9960031411852076 -81.03067245888886 -0.013566610422050726 0.9995010207548546 0.028524666372407394 -13.01969718870179 0.9962840347596315 0.01593850449470864 -0.08464092483864516 9.600932879893579
-0.08500328555030967 0.026457455560019244 -0.9960293391717641 -82.19164182968224 -0.012006063345209565 0.9995476198417264 0.02757553465823856 -13.007336227605524 0.9963083337444301 0.014302402386540146 -0.08464718186313164 9.493086036636804
-0.08521594851986282 0.0277140755527445 -0.9959769937775248 -83.3857531855742 -0.010613490173132756 0.9995311172130971 0.028721064553387025 -12.990076707630415 0.9963059750619808 0.013018284794541158 -0.0848818491598954 9.383700952146857
-0.08556099032758532 0.030487082760744938 -0.9958663839687035 -84.51374205663512 -0.010198351893087803 0.9994525698422059 0.03147307189443733 -12.983170322133978 0.996280738824568 0.01284906302214909 -0.08520323366296116 9.272772867752877
-0.08516645444928612 0.0327721247968724 -0.9958276270885612 -85.71388864683487 -0.010718030647978473 0.9993709623692092 0.033805375197837786 -12.960433412292268 0.996309088012132 0.013552394974166566 -0.0847616289065839 9.147116430644047
-0.08576407914064543 0.03212792484901135 -0.9957973283625801 -86.83238930224962 -0.01069699027123327 0.9993926371260135 0.033165211554377204 -12.956324303750137 0.9962580474597401 0.013496418162080465 -0.08536831712350862 9.028039997090092
-0.08547197148920789 0.029655688083971808 -0.9958991325701678 -87.95519243877297 -0.010091694153861854 0.9994798934187057 0.030628424067107085 -12.938907730765013 0.9962894658676525 0.012668181242617607 -0.08512824082025403 8.90006713493849
-0.08486380129715182 0.028334934947250683 -0.9959895916579306 -89.10110968291063 -0.008057985251274734 0.9995433666490096 0.029122621132909518 -12.920595941064734 0.9963599771684366 0.01049712577307822 -0.08459672716728657 8.786070565163802
-0.08520185360355959 0.0288856336795165 -0.9959449102783993 -90.22207127917501 -0.007335898234074715 0.9995343911613375 0.029617317279436402 -12.895683720433595 0.9963367045028587 0.009829600839519729 -0.08495028079835129 8.667198133452823
-0.08531842643678528 0.03136508725121564 -0.9958599286104812 -91.42010496121758 -0.005989505310796331 0.9994701806549658 0.031991933477970684 -12.87927807019732 0.996335732540233 0.0086942097542325 -0.08508536172730609 8.548217831595457
-0.08494091195989242 0.033881623378162105 -0.9958097594785262 -92.56687436157878 -0.0038713648498192367 0.9994029128510787 0.034334098487883706 -12.859095398836224 0.996378469262369 0.006771512536833712 -0.08475902670714211 8.43328743775916
-0.08454044776311971 0.035241736410648566 -0.9957966322029673 -93.73564842025597 -0.004103467974428121 0.9993535558214846 0.035715991061913636 -12.841667587036584 0.996411598809746 0.007105665465966006 -0.08434118374608944 8.313546764018657
-0.0836687205789047 0.03652508194349603 -0.9958240123564547 -94.84374933106238 -0.0069166055148121314 0.9992826722588257 0.03723306986282101 -12.812876511835418 0.9964696210948139 0.010002965174294205 -0.08335607310136518 8.195976025027475
-0.08244879467865907 0.03541147232945018 -0.9959659752639622 -96.00740166405492 -0.008718779746189839 0.9993046479967648 0.036251943007190875 -12.781308519324147 0.9965571630045987 0.011672536978727974 -0.08208271891638579 8.074659459748736
-0.08198182518813112 0.030734177522577677 -0.9961598218513091 -97.18192082572352 -0.011245905514774628 0.999432234050008 0.03176065413306375 -12.742117076499971 0.996570373806073 0.013806515629152081 -0.0815896450427775 7.950158325124699
-0.08114468345070842 0.028474312193183755 -0.9962955153431176 -98.37698588622715 -0.012453952272640418 0.9994848347582136 0.02957979312190553 -12.711933388127138 0.9966245227870303 0.014808059746943353 -0.0807482628051883 7.833570535124448
-0.08085022357717113 0.026235440041952503 -0.9963809226562527 -99.52831719779472 -0.012708816398311545 0.9995451283245507 0.027349998691204025 -12.686924728956942 0.9966452364473912 0.014874075717837767 -0.08048002570988967 7.719201517498046
-0.08086771299609483 0.02655472436491513 -0.9963710451476816 -100.6530470241896 -0.011552971595301682 0.9995529137520548 0.027577190884728934 -12.667983945054816 0.9966578860582502 0.01374115074067701 -0.08052477217740218 7.62164260505466
-0.08041785852087181 0.028552623465346896 -0.9963522046566475 -101.8162995387423 -0.012016904644366047 0.9994892184540912 0.029612433145476354 -12.645659828074946 0.9966887989907813 0.014354437894714522 -0.08003366840924792 7.508819578227955
