0.9999947047831036 0.002195620001346522 0.002402011357816235 -0.0017113549401983619 -0.0021842404369338685 0.9999864283620531 -0.004729924462190129 -0.02490978129208088 -0.0024123638753417854 0.004724652845876482 0.9999859289790126 0.9834369421005249
0.9999933337590742 0.001954388860732583 0.0030842829950942213 0.0011112885493388233 -0.0019369983660145174 0.9999822676743559 -0.005631374093673769 -0.0455000002552981 -0.0030952341983830683 0.005625362302455494 0.999979387199668 1.9314736795113738
0.9999956215839972 0.001830945430902333 0.0023247476559730405 0.009150864124956887 -0.0018282253660577017 0.9999976424303134 -0.0011716338276055232 -0.06822407319784377 -0.002326887372821784 0.0011673785350708914 0.9999966114055138 2.8144191806591827
0.9999932433112055 0.003016561373647676 0.0021008782484744247 0.004454284684920833 -0.0030293310829536423 0.9999767950313065 0.00610184825328639 -0.08864252790375729 -0.0020824228979117176 -0.006108171280776276 0.9999791766624339 3.869769234987559
0.9999984794124283 0.000688200322770732 0.0016023586199338617 0.0009472221662568826 -0.0006988222696583454 0.9999777250587502 0.0066378485793353054 -0.10465066474640342 -0.0015977547579549406 -0.006638958249792841 0.9999766854347611 4.940423415016772
0.9999992713641559 -0.0009018710693669022 0.0008024336304584969 0.002403011047606314 0.0008985156624868151 0.9999908930067241 0.004172118552818158 -0.11749908763508699 -0.0008061890357215763 -0.004171394513677961 0.9999909747227973 5.920871674689162
0.9999994133450915 -0.0010782211325821875 0.00010367575292619037 0.0033486048897472145 0.0010781569780302159 0.9999992285195884 0.0006168774256961138 -0.13447554500563538 -0.00010434080321897676 -0.0006167652850654739 0.9999998043567709 6.845134527000537
0.9999999713476084 -0.00022277799912753384 -8.760562225407048e-05 0.0029655157028605343 0.0002228376193418742 0.9999997432009062 0.0006811325250839313 -0.15173624197673974 8.745385841594681e-05 -0.0006811520273961594 0.9999997641918414 7.765162636880821
0.9999992232105155 0.0005559754543553666 -0.001115558003571198 0.0009881855744956198 -0.0005529358217560723 0.9999961391460183 0.0027232251162682816 -0.16326262920229628 0.0011170677428859672 -0.002722606168914227 0.9999956697782781 8.67679794146621
0.9999943876640708 0.002690650087036793 -0.001996257114881035 -0.0060306901340582576 -0.002677606522968933 0.9999752368253884 0.0065081609780526265 -0.17829563647373953 0.0020137188651195765 -0.006502779260994611 0.999976829130663 9.629627641416874
0.9999918444729792 0.0030847343950636845 -0.002606799041034641 -0.009201624771138556 -0.003064161634060625 0.9999644193846327 0.007859445160724527 -0.18849224416740334 0.0026309505903340264 -0.007851393409197908 0.9999657162725757 10.589093451543325
0.9999923742841269 0.0028609582286663283 -0.0026582497263935023 -0.010412780079102337 -0.0028384842883838785 0.9999605219602761 0.008420066975765387 -0.1994793666603899 0.0026822342438054462 -0.008412457366644031 0.9999610173304336 11.517908639297557
0.9999899582012323 0.003621480043950784 -0.00263976873763256 -0.013969377872554374 -0.003599216958437303 0.9999583238687804 0.008390242119558139 -0.20698986896199334 0.0026700438166841565 -0.008380656766028323 0.9999613169809054 12.457606676082165
0.9999867131313396 0.0036645280919180632 -0.0036255750775225732 -0.017293010525974727 -0.003637648945058327 0.9999660565520125 0.007392783911988359 -0.2237124815053804 0.0036525430773264663 -0.007379497115683505 0.9999661004011026 13.470128770339853
0.9999768079189477 0.004485042516962139 -0.005125233443684856 -0.02278834519240334 -0.004456238753040826 0.9999742915953602 0.005617658278430795 -0.23987485778693368 0.00515029711833414 -0.005594688729354546 0.9999710865308129 14.411501448441616
0.9999636359947238 0.004755132198431543 -0.007079223544034247 -0.025122981123268655 -0.004724642858225563 0.9999795187448323 0.00431738818216136 -0.24989913901354868 0.0070996083042085805 -0.004283784381675617 0.9999656217857182 15.341949228040692
0.9999478524913373 0.005205608364118363 -0.008786008167626067 -0.031977026311304245 -0.0051751598306882815 0.9999805369114536 0.0034847552291686233 -0.26074957697705997 0.008803977435739005 -0.0034391045113239213 0.9999553302730434 16.276268949118723
0.9999186584190147 0.006492645800133358 -0.01097825560055951 -0.04330396707378395 -0.006461959234867635 0.9999751213692227 0.0028283785911248516 -0.2759660938674913 0.010996346136972708 -0.0027572074861778473 0.9999357370243921 17.19152830485069
0.9998767834102757 0.00711982360775392 -0.013990214755845368 -0.05402417062055923 -0.007087721153776706 0.999972137171896 0.002342880431602257 -0.2904992602059049 0.014006505844303565 -0.0022434330087944543 0.9998993873397307 18.14379886216769
0.9998611675358928 0.008124103801402986 -0.014548009870251335 -0.06829615847743385 -0.008083516846890747 0.9999632764314741 0.002846496762197005 -0.30542810445413454 0.014570600850580406 -0.0027285024931625224 0.9998901203957354 19.111003824805323
0.9998392745968165 0.009942655643163956 -0.014918732267616459 -0.08702061735665723 -0.00988504015486756 0.9999434160278655 0.003930740853779348 -0.3108134092533229 0.0149569701092172 -0.0037826368163457035 0.999880983269443 20.078943999166793
0.9998068238053217 0.011078291367744039 -0.01623534824651563 -0.09997135885196791 -0.01100908527542029 0.9999299542515995 0.0043458752619876355 -0.3237517098439386 0.01628235590179734 -0.0041662994090199395 0.999858753442466 21.03378372539057
0.9997739273473423 0.009796413586311347 -0.018871260618126693 -0.11101136453207569 -0.009729281925673553 0.9999460228494876 0.0036458827056028206 -0.3281307674128991 0.018905958576123223 -0.0034614546563816674 0.9998152744692292 21.901253443131576
0.9997361282966437 0.009155784771037168 -0.021067638302937387 -0.12408003304008428 -0.009094402167245375 0.9999541221457758 0.0030075659413045363 -0.33687247572798046 0.02109420839134177 -0.0028151747543156682 0.9997735289371518 22.762718295866247
0.999686521177086 0.008229259601659409 -0.02364611306883833 -0.13712781329992182 -0.008155607302498742 0.9999615917654311 0.0032095269858499528 -0.34932048612488925 0.023671616894146038 -0.003015672454688385 0.9997152395923868 23.585436871594318
0.9996234751844817 0.008453664961389567 -0.026104471050390335 -0.16138255329706364 -0.008312648547173949 0.999950291759659 0.005505804564636139 -0.3608585158183864 0.026149717670201727 -0.005286734199236386 0.9996440580062864 24.519477442561143
0.9996245722520192 0.006435675107323685 -0.026632623526060384 -0.18527041182160742 -0.00621430082415105 0.9999455223627618 0.008386582851812867 -0.3708602979057034 0.02668514596615217 -0.00821793116157225 0.9996101082883211 25.455677863014365
0.9996183904490255 0.006527522981044849 -0.026841477601500255 -0.2070431067822026 -0.006245035863510092 0.9999243733754625 0.010594671148838435 -0.38382321352339055 0.026908604630552328 -0.010423002130887628 0.9995835572994468 26.216978088010343
0.9995794371167004 0.005216289686956056 -0.02852611462086045 -0.21956543176633328 -0.004950137991345628 0.999943634319892 0.009392780046008088 -0.3864637482431433 0.028573502188694866 -0.009247621587619532 0.9995489164956587 26.97313818836405
0.9995068779976088 0.006389064353544736 -0.030743791115600286 -0.24270725136256938 -0.006195935799759073 0.9999604965682203 0.006373043433367706 -0.39649228621409993 0.030783294414969038 -0.006179414189435047 0.9995069802783957 27.872747223786863
0.999478645485274 0.005704363320679471 -0.031778883838611244 -0.26298129157938505 -0.005557675342537673 0.9999734998867775 0.00470231527822234 -0.40835769777124303 0.03180486540938682 -0.004523246985799145 0.9994838621873775 28.66683324501732
0.9994221583189157 0.005243603240898828 -0.03358353891734428 -0.28661134885845496 -0.005102559972079382 0.999977804922919 0.004284103555243019 -0.41860991345580917 0.03360525766739599 -0.004110266000242297 0.9994267318670816 29.417817211777194
0.9993697615792774 0.0029228108956378105 -0.03537706626399298 -0.30759295593291874 -0.002803756812336849 0.999990240252765 0.003414432156966324 -0.4245836898929151 0.03538670073227913 -0.003313091560097881 0.9993682028339699 30.234336333864007
0.9992744271726395 0.0024603397946770834 -0.03800744567697692 -0.32987709758786615 -0.00236279814797889 0.9999937996837432 0.002611087700802759 -0.43507010599882756 0.0380136341817713 -0.002519389244262222 0.9992740446414741 30.9062550619821
0.9991188037036449 0.002548182318328925 -0.041894186382725435 -0.35944753803405305 -0.0024463795722143027 0.999993929704801 0.002481084548693097 -0.44527808299032506 0.04190025432842424 -0.0023764091444165966 0.9991189725787375 31.625594046094303
0.9990278411637037 0.0032238244267617936 -0.04396566314586755 -0.39332352903505763 -0.003047598421680564 0.9999870543857818 0.004074703020733534 -0.4597825384497375 0.04397823011048367 -0.003936752076575147 0.9990247330569134 32.35835927689306
0.9989546825300978 0.0034018217853703328 -0.045584754685454115 -0.4279346030417689 -0.003104961484752713 0.9999735212096545 0.006581496314839182 -0.4741124306609314 0.04560593673383602 -0.006433077654172937 0.998938793944116 33.105592559287366
0.9988321642687475 0.004353364921405694 -0.04811814456181344 -0.4664884124610906 -0.003961801442907402 0.9999582853803379 0.008229922754248914 -0.48799971244853874 0.048151965188738446 -0.008029677021836025 0.9988077455323361 33.88573914805193
0.9987465140986942 0.006056405380340858 -0.049686220721410074 -0.5034234153293126 -0.005640417684282381 0.9999478964078599 0.008508240584401566 -0.49592881061518423 0.04973516124488325 -0.00821732458676189 0.9987286364736828 34.62213620855902
0.9986066672564891 0.007839785399533079 -0.052184881678297594 -0.5410766092734925 -0.007462098907166593 0.9999445665942518 0.007428379266889233 -0.506843539725412 0.052240225791896376 -0.007028620314283204 0.9986098123419825 35.31887581445015
0.9985642526770733 0.007660307730584963 -0.05301653478823266 -0.5796416153311489 -0.007320429467715657 0.999951411126637 0.006602022285238175 -0.5140374198639597 0.05306453229688681 -0.006204439645876278 0.998571810307498 36.05882667780971
0.9985083706998794 0.007382438308771922 -0.054097442147391664 -0.6156766984380606 -0.006947877559617815 0.9999421055708633 0.00821659929194267 -0.5260560470317218 0.05415496874424147 -0.00782848076736286 0.9985018549052304 36.75665621233639
0.9984011040516502 0.008730067042146624 -0.05584819923584394 -0.6539623512788725 -0.008158272928235571 0.9999120306866541 0.010458177227378261 -0.538232513445589 0.05593458689643925 -0.009985830838265777 0.9983844976616949 37.420777590433524
0.9984386795901303 0.01092616846256637 -0.054779758497510114 -0.6956276483187499 -0.010327412344381238 0.9998839293847607 0.011201442423149667 -0.5446440952920873 0.05489578902417774 -0.010618220228345004 0.9984356292453691 38.135018442655905
0.9985015644960196 0.011785869498038089 -0.053438927563876804 -0.7296517937152157 -0.011314120882654075 0.9998943864572725 0.009121765173832005 -0.5512935821999553 0.05354079162334777 -0.008503482310739456 0.9985294559605825 38.81743859695711
0.9985804621213606 0.011151558143357368 -0.05208361950235349 -0.7579255601222149 -0.010864968699387497 0.9999242553189367 0.005782393970533336 -0.5564575542500225 0.05214415714777588 -0.0052082987476190605 0.9986259862929184 39.524177585255956
0.9986957529146279 0.010072113866032458 -0.05005342778027553 -0.7817432869049037 -0.009861373402916297 0.9999414492606372 0.0044554870827201686 -0.5691112423658979 0.050095373288297156 -0.003956080485241407 0.998736603415686 40.2043599141887
0.9988581837788959 0.010669222039357934 -0.04656711714290845 -0.8021026387884801 -0.010401745031245265 0.9999280043656731 0.005982456484340599 -0.5766432175480333 0.0466275926703432 -0.005491246339124055 0.9988972488776874 40.71118881801341
0.9990535192688165 0.0142258003173107 -0.041105866271444226 -0.8245436207058022 -0.013854605577056995 0.9998607606401805 0.00930103415451048 -0.5867747314950569 0.041232457371566326 -0.008722725340809038 0.9991115045487823 41.294459644863984
0.9992151674872431 0.0187987233373818 -0.03486627402414328 -0.84796889425687 -0.018365241691395164 0.9997505356115859 0.012711586917588667 -0.5930410415879355 0.03509653773606042 -0.012061282901555195 0.9993111419841724 41.89984536243164
0.9993116356598695 0.022545873033533545 -0.02946079503260606 -0.8692661668460213 -0.022139371240238216 0.9996561328463895 0.014052199247377243 -0.5969483346268599 0.0297674835329484 -0.0133902827362555 0.9994671566651699 42.51503939275038
0.9993892806112337 0.024947924366782104 -0.024467669875804503 -0.8867661097904138 -0.024602192528568958 0.9995945970178717 0.014330866528775795 -0.6026514951883667 0.02481527598374149 -0.013720156065718834 0.9995978988550263 43.06023936780359
0.9995239217387322 0.025561442611172793 -0.01727838313215776 -0.8921552467003456 -0.0252752697735415 0.9995429814811226 0.016582789563356997 -0.6087384638656937 0.01769436661484703 -0.016138179062818798 0.9997131931542346 43.603171756683466
0.9995713569261834 0.02783619402423854 -0.009069107728694964 -0.8961510629497057 -0.027668063556046597 0.9994521081744484 0.018164848601320963 -0.611034168166509 0.009569779088792682 -0.017906137715746902 0.9997938735360887 44.17359012202733
0.9996060112451053 0.027961971994282086 -0.002439345166701745 -0.8803936880334969 -0.02791392471868819 0.999450031369289 0.017901050324666826 -0.6145571581474957 0.002938552271227182 -0.01782590581479189 0.9998367876770846 44.707189708134194
0.9995836573527873 0.028564823553617866 0.004069743060309959 -0.8640585426007286 -0.028634857098456343 0.9994217176813379 0.018337807552554083 -0.6199155862438562 -0.0035435733627577452 -0.01844670925217298 0.999823565438217 45.25229733852818
0.9994784705148857 0.03036927185430533 0.010976989763353427 -0.8571046849878564 -0.030563004059006128 0.9993719312313749 0.017934487719499233 -0.6239960239092174 -0.010425438125788342 -0.01826062413804613 0.9997789054815942 45.765393157260895
0.9992567828154079 0.032962845200646594 0.01998331388132205 -0.8524294361766364 -0.03326145950723599 0.9993371040810335 0.014799585074648982 -0.62460799811268 -0.019482230592253208 -0.015453259954180648 0.9996907719129645 46.32631964237879
0.9989839049860648 0.03476560837340332 0.02867943606873933 -0.8369254997403304 -0.03511883156485023 0.9993122239252935 0.011905745797863503 -0.6350883683024472 -0.02824580054297333 -0.012900836713594061 0.9995177553019134 46.98336584488983
0.9986969193815535 0.035173795562139024 0.03697657804000661 -0.8128916249684701 -0.03564368353225163 0.9992909920069035 0.012126051216736693 -0.6406442657354438 -0.03652384210414534 -0.01342823144018147 0.9992425589206759 47.36607871708336
0.9984556786300753 0.03504415343721161 0.04310643944036366 -0.7858588597256411 -0.035696198872374 0.9992582054146512 0.014450615819205932 -0.6479692218595847 -0.042568053718962655 -0.01596703545933092 0.9989659726843653 47.937821765096714
0.997930604485506 0.03637077067438219 0.05302523617811778 -0.7562466818652908 -0.03726223246632631 0.9991786840317325 0.01592116227668447 -0.6551358924927659 -0.05240262076288858 -0.017864053771934438 0.9984662442566672 48.47713364053707
0.9972969701175305 0.037958655769602064 0.06291179417692051 -0.7104298811029544 -0.03907098087432919 0.9990994491323075 0.01654536784229931 -0.662434678391118 -0.06222709898357909 -0.018958670725661306 0.9978819353793333 49.34078060924749
0.99656011917374 0.040578811131099936 0.07225848711126288 -0.6856351762572732 -0.04189508892651571 0.9989808598627666 0.016794140397367433 -0.6684096363115593 -0.07150335933549805 -0.01976364629904285 0.9972445376579935 49.567846333922915
0.9957431405368863 0.04230867849647684 0.08188756802849496 -0.6314405412958813 -0.04389286955015167 0.9988804501329264 0.017642628627719422 -0.6727464954088922 -0.08104945451015072 -0.021161806778345203 0.9964854057423436 50.274893143949676
0.9946043721454693 0.03926996958840034 0.0960208956302939 -0.5758491580971636 -0.04134303806608827 0.9989508664710904 0.019695674147465602 -0.6782777588282435 -0.09514670836441817 -0.02355919916260489 0.9951844391981988 50.76741980284141
0.9935310136510056 0.03222789700574001 0.10889209139415773 -0.5217316796472442 -0.034555276408949134 0.9992114800149486 0.019553799595893675 -0.6826534323993373 -0.10817604996443204 -0.02319010265011052 0.993861238480086 51.167152284533785
0.9925970889921046 0.023033390100436882 0.11924966190678257 -0.4529127861439178 -0.025449515760925974 0.9994997327846425 0.018777814328674022 -0.6742188458636721 -0.11875748848782221 -0.021673649990457806 0.9926867138348112 51.620629429858404
0.9899109179887521 0.02216562290939198 0.13994663128387763 -0.38189413950562134 -0.02444770471049991 0.9995943676654341 0.014608554546180711 -0.6705959530980746 -0.13956605669379335 -0.017882541558155936 0.9900512767156892 52.036254556903586
0.9877816480924256 0.02447852539600072 0.15390977060034106 -0.29182727798826585 -0.026775527734173885 0.9995586335210574 0.012868926453752726 -0.674239513790138 -0.15352682764379882 -0.016832704712937834 0.9880010998200756 52.55314031760299
0.9847934112174099 0.026747020913357056 0.17165818971152677 -0.15240576055992852 -0.029220005972417282 0.9995022200943046 0.011895515017327522 -0.6814990228256783 -0.17125457212509665 -0.016730478140687028 0.9850847489568777 53.292988557930144
0.9819031617038861 0.028265009182790398 0.1872625704507164 -0.09837846654025895 -0.031003918725323258 0.9994506330515166 0.011712775785247879 -0.6895793921312308 -0.18682863286869666 -0.01730668509041272 0.9822400626077088 53.55587618246512
0.9788578064740444 0.028949309938503327 0.202482918190418 -0.039464285777493266 -0.03190885947996322 0.9994261480868902 0.011366582902904416 -0.6986478442587432 -0.20203766824904446 -0.01758726739107331 0.9792198265120066 53.794686736962866
0.9745644823648338 0.029593613878443167 0.2221447449987907 0.0363621574554719 -0.03311192329251303 0.9993780449208941 0.012129462723524416 -0.7063566898082008 -0.22164762630994903 -0.019176583316749925 0.9749382485078023 54.11137081952539
0.970241801247214 0.03071603649371909 0.24018195647191892 0.10601537396546977 -0.034522702662838266 0.9993359316184985 0.011656705239483563 -0.710405742807891 -0.2396644114452862 -0.01960155295642317 0.9706578949394485 54.38248932509203
0.9655777643771134 0.03212150571172575 0.2581235940616582 0.18833273348327573 -0.03611912746018128 0.9992895743888006 0.0107589567042547 -0.7166885898701756 -0.257594622560354 -0.019711808355917515 0.9660519939627104 54.66693868523869
0.9594620342713168 0.03276576244007061 0.2799267932936532 0.2909784714655954 -0.036978094587803 0.999268232001736 0.009778600757737652 -0.7240839931182644 -0.2794015485150399 -0.019733355615419074 0.9599715461218387 54.98271812670385
0.9519997598437331 0.0353564625388289 0.30404995940505414 0.4227332018503237 -0.040443923197721346 0.999127173351359 0.010448949578754564 -0.7306046226701834 -0.30341513860361585 -0.022244370696041908 0.9525987831393057 55.37829752698435
0.9439547080984606 0.03704593197345965 0.3279894937082099 0.5637100853858676 -0.043068367703148286 0.9990103060685588 0.011114138391715057 -0.7352673638673418 -0.3272531508819073 -0.024617215379111896 0.9446159896724394 55.75894791301985
0.9339187396776298 0.0397442377733982 0.35526917012704495 0.7355445002610329 -0.04696176812861759 0.9988280270937008 0.011711730287988293 -0.7377855086687126 -0.35438733049190896 -0.02762187278075502 0.9346906718968059 56.17249231360782
0.9218710252886824 0.041170588676274426 0.3853035107045391 0.9426650659408562 -0.04955270422616452 0.9987012643651019 0.011845423564412209 -0.7419787589152493 -0.38431542024366916 -0.030012783669548227 0.9227138725408529 56.64220173991097
0.9093752665901967 0.04210538459429023 0.4138402603688721 1.1471504503324597 -0.05085062003988128 0.9986548610865081 0.01013325563902619 -0.7460088636738624 -0.4128569231048069 -0.030258965885389094 0.9102931154457772 57.061060860244616
0.8952929028857886 0.04117075078725804 0.4435714004779298 1.431322477960697 -0.05053392619369004 0.9986790208788423 0.009302449135930197 -0.7489307773461776 -0.4426024631040693 -0.030743821104237755 0.8961907593353785 57.60594798264289
0.8791253700373036 0.042079131656713724 0.47472932333677414 1.7030982535311068 -0.050815916684885436 0.9986924428320192 0.005580971392853265 -0.7484244509313199 -0.4738737451771824 -0.029030179283463266 0.880114153006598 58.058106462319515
0.8592418284524431 0.0446258816750423 0.5096194765925142 1.9988492141968517 -0.05263202657664726 0.9986131354678998 0.0012943915188507009 -0.7490971102731339 -0.5088549400527993 -0.027934501171384858 0.8603989270263932 58.498955542733064
0.8379375635960081 0.04570053727681204 0.543849336128488 2.343989614726322 -0.05314559448913419 0.9985847140833111 -0.002028444119810234 -0.7513980760710653 -0.5431723348083762 -0.027203486757424997 0.8391804245852358 58.980602955256664
0.8132322698265836 0.04551843048270847 0.5801563132459165 2.6990964983030645 -0.052073795094665566 0.9986288709250561 -0.005357053237118094 -0.7468744860608088 -0.5796046887121789 -0.025854412415241047 0.8144875408387299 59.4523036173515
0.7893426912943301 0.04608272844161196 0.6122209550804357 3.0933585771631282 -0.052496813866207866 0.9985930711815812 -0.007480823619969608 -0.7635770183093709 -0.6117043405388921 -0.026234716074564613 0.7906513387317871 59.94252959030395
0.7628544896573027 0.0462844165904399 0.6449114515889597 3.479873017437058 -0.05178247562623127 0.9986040681409306 -0.010415868201986648 -0.7679416272992579 -0.6444932915304202 -0.02544931970141846 0.7641863184453256 60.387087968669455
0.7353064051023743 0.045970401061102235 0.6761739516143052 3.8824402135200735 -0.050944566602016295 0.9986233439927943 -0.012492716533273239 -0.7834106628960097 -0.675817387871277 -0.025261414428519348 0.7366360832812329 60.82124832350072
0.7012347398611272 0.04365266989099232 0.7115927796312198 4.307498011983983 -0.048102412496407954 0.9987461617095109 -0.013865871142626116 -0.7983647498539003 -0.7113058396526231 -0.024506098871639105 0.7024553036273349 61.23542824905391
0.6622033936594217 0.039984938752021554 0.7482565536625405 4.781170112581416 -0.044453358509500565 0.9989128205492375 -0.01403837097357055 -0.8180585951313314 -0.7480043879170569 -0.023966259936895905 0.6632609245549348 61.62543488910246
0.6225166298263444 0.038503243409157346 0.7816588423581133 5.2793620243202755 -0.04191224831271077 0.9989958861714167 -0.015829809031012592 -0.8389384710457396 -0.7814834668955091 -0.022906760127958684 0.6235053097684228 62.02297020192409
0.5745719128480219 0.03629601939083717 0.817648895273849 5.803199948606975 -0.03938275374561237 0.9990850470419925 -0.01667535560373502 -0.8655030700593004 -0.8175060340288492 -0.022620074126282964 0.5754756437703894 62.375201725405056
0.5225124502838364 0.0328680878430191 0.8519979038119317 6.335449694352519 -0.03696280375669137 0.999190493724844 -0.01587792141138241 -0.8894820672356984 -0.8518300830780904 -0.02319581969763722 0.5233043698572841 62.641078023912875
0.46796119549096044 0.02811782332872921 0.8833015948847405 6.911042987466959 -0.03474770196839355 0.9993062552180504 -0.013401697280266717 -0.9204398111124084 -0.8830656355688331 -0.024421226286380084 0.4686135795984607 62.90213595644239
0.41492153585515124 0.02029146081329499 0.9096309008062917 7.455171409421285 -0.031125663278012406 0.9994826733535226 -0.00809807085661639 -0.9533283999792663 -0.9093246461902958 -0.02495280112848062 0.41533847106515 63.11702714498796
0.3599971604574794 0.014979849974664752 0.9328331300705873 8.057356124545905 -0.029515062629685944 0.9995534689478526 -0.0046608789170620064 -0.9773072921896495 -0.9324864103784666 -0.025854725081700898 0.3602785417568361 63.31523514500213
0.30851901850590613 0.012828696898073269 0.9511316626819079 8.691003111015682 -0.027058191315819276 0.9996227834428121 -0.004705858557241077 -1.0003338756548015 -0.9508332501037549 -0.0242840556320727 0.3087497613589193 63.49717857563847
0.25813831651200425 0.010978358291925148 0.9660455916764816 9.305161492639193 -0.02438195604825293 0.9996909725509604 -0.004845577300527147 -1.0240377660448277 -0.9658002535553665 -0.0223032519899776 0.25832621853590915 63.64836186548398
0.20413399082885536 0.005765880895775026 0.978925976979762 9.858513948664267 -0.02178143269469833 0.9997618496328653 -0.0013465542831449804 -1.0418285846633797 -0.9787006094705631 -0.021047532780990405 0.2042109653906521 63.72627497669663
0.15753780523365496 0.005219871373813828 0.9874991609439498 10.460161924434662 -0.016980438298562474 0.9998525029589268 -0.002576245709756908 -1.0513674185351087 -0.9873669554108809 -0.016362312477433215 0.15760320457731564 63.77515609545616
0.1174768448444844 0.005132342828026779 0.9930623595638302 10.92885866691777 -0.015705103715661646 0.9998711896481678 -0.0033096569062527463 -1.0635310040201575 -0.9929514291457897 -0.01520733930220528 0.11754231658718664 63.79101045901509
0.0811724087413036 0.005179852432532884 0.9966866153349875 11.393107858713778 -0.012810193292426091 0.9999093203705579 -0.004153309993085975 -1.0760269400207234 -0.9966177496949101 -0.01243061401802698 0.08123140296824533 63.79641104240172
0.047423265392748125 0.0034773175052838605 0.9988688313099262 11.85791734894411 -0.009916161505481995 0.9999463025384882 -0.003010279156939863 -1.0854772715065812 -0.99882566228571 -0.009762187386695435 0.04745520052576845 63.78599214409544
0.015275405275241419 0.001970777396737201 0.999881381979948 12.323383239324848 -0.008114628457088604 0.9999653701464186 -0.0018469739950628763 -1.096163207588619 -0.9998503962086936 -0.008085452639620124 0.015290868416539767 63.766033470887606
-0.0047821386056253815 0.00015075427927963296 0.9999885541462488 12.934331421577607 -0.005006154312670434 0.9999874538717097 -0.00017469451122928957 -1.1132624074824156 -0.999976034497505 -0.0050069324263266315 -0.004781323909115294 63.74489183634233
-0.023903417946368587 0.0017537686757057942 0.9997127341921351 13.288120875128472 -0.005731702946414156 0.9999817851409045 -0.0018912873243101913 -1.1235074022985794 -0.9996978414460124 -0.005775264655506445 -0.023892930467892662 63.720441620949586
-0.04142553204030887 0.0004902136957280509 0.9991414739593744 13.676956809031823 -0.005666213617303588 0.9999836836638301 -0.0007255545184354298 -1.1376363288292668 -0.9991255273079663 -0.005691405507311799 -0.04142207847188371 63.696178015229194
-0.05635767396062674 0.0010080841248906675 0.9984101343396641 14.031688560291476 -0.007709184355242944 0.9999692400100564 -0.00144482188733226 -1.1498403896448885 -0.9983808797559807 -0.00777835458862477 -0.056348168892777856 63.66865841040066
-0.06807248789466055 0.0036617410757674154 0.9976736580887192 14.488199103956742 -0.004837685807915753 0.9999802970507646 -0.004000288275539013 -1.1604959965767432 -0.9976686489951745 -0.005098741271878946 -0.0680534323130525 63.62829047151291
-0.07676009079029772 0.005645998638004525 0.9970336058334472 14.996124500955693 -0.0030978016636313607 0.999977789685934 -0.005901165959831358 -1.1750384740430189 -0.9970447793789 -0.00354158639769247 -0.07674089574059963 63.584708143429225
-0.08112140822462824 0.004087495006748939 0.9966958460394145 15.49182001069949 -0.0029857427091347297 0.9999861074095753 -0.004343999115899973 -1.1872699795983852 -0.9966997554269436 -0.0033282686811453716 -0.08110807702971386 63.54465600337519
-0.08507664285855243 0.0005766772481679478 0.9963742430850322 16.062889088875114 -0.006376479194179475 0.9999790392172474 -0.0011232271522740845 -1.1961411081547897 -0.9963540060405266 -0.006448920025931057 -0.08507118241504923 63.501832290620115
-0.08936074540809276 -0.006624878471285546 0.9959772929968593 16.72928348228413 -0.008028845806593509 0.999950179532742 0.005930943217517061 -1.2058454876569364 -0.9959669647207808 -0.00746655460544977 -0.08940948354173515 63.44542040866528
-0.09222277938370206 -0.012701071363563975 0.9956573917512811 17.43989785546576 -0.006436611785051024 0.999905359054398 0.012159069167592587 -1.2101571748778088 -0.9957175949994429 -0.005287316948265374 -0.09229580319827642 63.37860466199191
-0.0941168414032924 -0.016117620068105687 0.9954306819099003 18.074715372745526 -0.0062329153470672945 0.9998588853529211 0.01560000471438501 -1.2144735026243634 -0.9955416470095787 -0.004736212004623471 -0.09420401989991409 63.322599758323896
-0.09459757771291415 -0.013653455938273563 0.9954219614976315 18.68093649391055 -0.0037419558133969656 0.9999037585174444 0.013359321441500639 -1.2208390988983457 -0.9955085615189558 -0.0024610655473548937 -0.09463956413060985 63.26089417376594
-0.09365130729153744 -0.006781555976218627 0.9955819620408602 19.354547584268605 -0.0035219234422188238 0.9999728013663568 0.006480168422690646 -1.224890346511603 -0.9955988291967071 -0.002899487206507574 -0.09367264422490736 63.194805314578744
-0.09220969037578004 0.0012812041860382328 0.9957387867893055 19.986318979791857 -0.006210831888000982 0.9999789793950018 -0.0018618097078425813 -1.2381564506485996 -0.9957202411159787 -0.00635604310580919 -0.09219979472848773 63.14152120021072
-0.0906935303246367 0.001709695630085891 0.9958773822605415 20.588467310087868 -0.005113194044822028 0.9999845460689745 -0.002182400028800712 -1.2538031029622452 -0.9958657232799587 -0.00529004386354005 -0.09068338674756016 63.08445963084643
-0.08909135251720161 -0.00400571175638333 0.9960154040876991 21.261789556613337 -0.006142493795628723 0.9999751064738214 0.0034722042910364987 -1.2675746970937076 -0.9960045184017126 -0.005808675063454828 -0.08911373977889588 63.02790238428937
-0.08814493174373071 -0.011302650182511531 0.9960435337407431 21.96810475575688 -0.006362196427558941 0.9999216147757564 0.010783633935713851 -1.2743681084906544 -0.9960873422870664 -0.0053865019348456385 -0.08820993216410293 62.96553814547961
-0.08614601056625716 -0.01322902796676417 0.9961946886440294 22.72449306492838 -0.00851092350975013 0.999885123950832 0.012542052576795115 -1.2806775025274255 -0.9962461688982953 -0.007398089002065513 -0.08624870569804496 62.90691096791333
-0.08460559888998052 -0.009412325817817232 0.9963700621552058 23.5743778250921 -0.005730884726247034 0.9999434410015168 0.008959450781120946 -1.2845856219062683 -0.9963980377322729 -0.00495206227183301 -0.0846547546363088 62.82944522716401
-0.08039537659879817 -0.004449808286715081 0.9967531201996565 24.316933674466185 -0.004667747207441917 0.9999807511156716 0.004087729705269087 -1.2919160650508412 -0.9967521234276588 -0.004323957024231733 -0.08041459965769722 62.762321539669365
-0.0778693308040772 -0.004161462266622014 0.9969548884237092 25.066185099083008 -0.007765092623290213 0.9999634874335231 0.0035675112244752533 -1.3001281829710578 -0.9969333331054183 -0.007463647338166114 -0.07789880173490811 62.707166396969306
-0.07560576426716155 -0.007368084454118887 0.9971105654545322 25.755046689020638 -0.00793002032276745 0.999945519194079 0.006787740519726124 -1.30646330413458 -0.9971062547127366 -0.007393914738459486 -0.07566007426365277 62.657462406725
-0.07337587623665988 -0.011169710549864256 0.9972418053575255 26.585269287235395 -0.005293238007572849 0.9999275566567524 0.010810322375012227 -1.3145960025711 -0.9972903099989989 -0.0044854213501917 -0.07342968457928745 62.59355274549711
-0.07188867995445761 -0.00970035753362215 0.997365490057746 27.298149741204856 -0.0019539203938708748 0.9999521569114106 0.0095846796144434 -1.3227391504948531 -0.9974107478313544 -0.0012597428058980862 -0.07190419430438649 62.53678891094994
-0.06995877177290132 -0.005717435137563539 0.9975334987796036 28.074505381755554 -0.002604572455115416 0.9999812133275319 0.005548801160863838 -1.3348313927900526 -0.9975464833552145 -0.002209960959950152 -0.06997234895444268 62.48288928791178
-0.06548732204696622 -0.005454719045857917 0.9978384922878302 28.953631968546503 -0.004563200796574926 0.9999762397548737 0.005166925990642986 -1.3473360335684972 -0.9978429675302669 -0.004214969256518844 -0.0655106570304366 62.42724116899224
-0.06308411529434556 -0.006261385637962684 0.9979885718020146 29.69794375073786 -0.0057100419796399186 0.9999662162158073 0.005912854440234039 -1.3583449571441113 -0.9979918786333499 -0.005325549448963955 -0.06311773684905167 62.38165461027159
-0.058261975588309096 -0.009864969244355091 0.9982525855625708 30.420640322677848 -0.004770623404054708 0.9999425078432794 0.009603236976628194 -1.3625165877415488 -0.998289929505896 -0.004202783589541837 -0.058305688034834845 62.3356316217926
-0.054489325244304464 -0.00927714069336651 0.998471255517643 31.171049405422995 -0.0020436623331912093 0.9999557800004559 0.009179405642373562 -1.3724176072675844 -0.9985122617568055 -0.0015403584760788156 -0.05450587506936146 62.29108022463111
-0.05137973250549151 -0.008620258013681763 0.9986419850173757 31.996317833773123 -0.0004589908541892468 0.9999628447562126 0.008608044752327786 -1.3839345979192073 -0.9986790837977247 -1.608850096243756e-05 -0.05138178009859328 62.24614038911669
-0.04910624098612287 -0.008759488986067461 0.9987551493979485 32.718679083823496 -0.0017480771231800708 0.9999607644234833 0.008684114230822396 -1.3946078465924496 -0.998792031066822 -0.0013194568221510336 -0.04911962653675421 62.21245093247283
-0.04648070450619875 -0.01026332189966081 0.9988664617115713 33.52296826158758 -0.0005859893905934923 0.9999473247806874 0.010247159625003487 -1.4069438681801665 -0.9989190160994259 -0.00010902995062497329 -0.046484270322640235 62.17391788689895
-0.04411741090378014 -0.011024795920673755 0.9989655188894446 34.28604108598347 -0.00014435452738297087 0.9999391664774386 0.011029166159559227 -1.414190022443547 -0.9990263426040982 0.000342373060036202 -0.044116318565472906 62.1396637797797
-0.04166860618940772 -0.0110346574194142 0.9990705498581524 35.03537999762346 -0.0016863483309955934 0.9999383628736106 0.010973909191792667 -1.4238008422475168 -0.9991300633488827 -0.0012275134538289852 -0.041684646132383596 62.110976438719405
-0.03850448130794011 -0.009430138832289964 0.9992139297471854 35.85148420474723 -0.0030513429625116622 0.9999519167628997 0.009319520820712081 -1.4304781888792455 -0.9992537686820777 -0.0026901010773376 -0.038531404475597074 62.07849952197154
-0.03528579494150223 -0.009715361231512268 0.9993300377910644 36.64732116910685 -0.0014578283075402522 0.9999521824081801 0.00966993452631022 -1.4397810160455708 -0.9993761991422326 -0.001115640290873919 -0.03529827098838365 62.048080370305414
-0.032545752565842544 -0.010671589514681102 0.9994132734595613 37.45520311124639 -0.002753707469738114 0.9999401587404062 0.010587541422924666 -1.448862773279748 -0.9994664532064583 -0.002407512293049871 -0.03257319142277482 62.028341986151666
-0.030855823382525894 -0.010768831945392196 0.9994658325435247 38.26632393650157 -0.004441973075799094 0.9999335621377528 0.010636737549564077 -1.458109639216629 -0.9995139754093405 -0.004111395023143803 -0.030901608249141406 62.008106191508595
-0.027061390882583802 -0.01083928039386986 0.9995750052517548 39.29625249397244 -0.006707613625619961 0.9999206677234423 0.010661434188406536 -1.466584006339089 -0.999611268965568 -0.0064162496871143756 -0.027131949745699796 61.99026724449962
-0.024310051138618498 -0.009591155995461266 0.9996584572444285 40.061351059416836 -0.008452240364917506 0.9999202082086592 0.00938812274974989 -1.47866603766837 -0.9996687356551945 -0.008221127819310446 -0.024389178151941304 61.97768693930214
-0.02138084669124956 -0.007070000068210134 0.9997464050917128 40.92826846031032 -0.011969470402624877 0.9999051383213253 0.006815140269353009 -1.4885342022597126 -0.9996997505116472 -0.011820721536597455 -0.021463442624803625 61.972199493478755
-0.019491580983180646 -0.0052119970800125655 0.9997964359594488 41.841864204660205 -0.012960379926178938 0.9999037094027342 0.004959886573348401 -1.4974133341638887 -0.9997260158778248 -0.012861065628062251 -0.019557253589536902 61.957156062050444
-0.016103309634303058 -0.004003993910190345 0.9998623162473876 42.795376891269164 -0.01775542636930268 0.9998354473922693 0.0037179258120148446 -1.505475317570985 -0.9997126728481888 -0.01769311082502266 -0.01617175241176484 61.95354138847334
-0.012800572197752996 -0.005341874287499486 0.9999038002380572 43.48128003715414 -0.020548476665846995 0.9997759612354463 0.005078133756727183 -1.5165502590011344 -0.9997069097781244 -0.020481496889500607 -0.012907471752520477 61.946070481701746
-0.010009425656254997 -0.004901810633308607 0.9999378898964421 44.29526107154117 -0.02078038041290954 0.9997730500643484 0.004692989976942525 -1.5283335757685723 -0.9997339582048468 -0.020732115607050353 -0.010109015507418266 61.93719496916192
-0.006998868591104141 -0.003829230530606382 0.9999681759096085 45.07741158703853 -0.02145731829530911 0.9997629988512796 0.003678263104883058 -1.5402273962948996 -0.9997452672206166 -0.021430891755557523 -0.007079374869529309 61.93099012565434
-0.004457406513701273 -0.0033827701624736246 0.9999843440740466 45.9055919568334 -0.02338569491846973 0.9997211442988658 0.003277638623338738 -1.5515851086514707 -0.9997165802367965 -0.02337071902601248 -0.0045352719714812275 61.930382856378934
-0.0023531600561548754 -0.005306062719614757 0.9999831540261903 46.6942827169489 -0.023434582634977705 0.9997115900816705 0.005249475507236737 -1.5640966997243202 -0.9997226030126946 -0.023421835000532996 -0.00247682674672411 61.929398116185034
0.0025614403803866617 -0.00566461778138365 0.9999806753775645 47.63634105491421 -0.022926102638563067 0.9997207880278278 0.0057218705703329835 -1.57398007990367 -0.9997338810108353 -0.02294031583061586 0.0024308575869025676 61.92553625240579
0.007477178321776636 -0.002515456462850291 0.999968881657389 48.471882107843655 -0.025141824322998045 0.9996802408476284 0.0027027261307794345 -1.5823610604324903 -0.9996559310453066 -0.025161250716329672 0.007411544261093554 61.934381138454796
0.012994986516144728 0.0058699436642739595 0.9998983318752085 49.24743826374017 -0.027553060180340854 0.999605155695177 -0.00551013450996944 -1.5882227238385886 -0.9995358718926233 -0.02747865478872087 0.01315159043076489 61.951885222019236
0.021250066788715216 0.010395866861123967 0.9997201411463521 50.07699605894001 -0.029119829594234568 0.9995281321107046 -0.009774898653549054 -1.606284901608236 -0.9993500238584482 -0.028903962902865076 0.021542765436032896 61.9716267754145
0.02962000810243247 0.012699279420416546 0.9994805568004889 51.05707892047724 -0.0325344103308224 0.9994017324700943 -0.011734107558652989 -1.6291878041380068 -0.9990316147472214 -0.032169946191663856 0.03001545098091924 62.00819812346217
0.03829769813218466 0.01121370059404939 0.9992034523743222 51.910316152446164 -0.03370132788858948 0.9993826768195696 -0.009923999773059786 -1.6493920127040973 -0.9986979056833577 -0.033294416828305154 0.03865197267593548 62.044401113533795
0.04646952185780935 0.00999949644839402 0.9988696579679887 52.75284901809148 -0.03366315986701406 0.9993976085629956 -0.008438700512000314 -1.6709395045634858 -0.9983523301951458 -0.03323296660459218 0.04677814366329289 62.087286533848975
0.057012745523063124 0.005939611699397757 0.9983557822043123 53.53904058991518 -0.032477905317961894 0.9994640790359726 -0.004091501305211909 -1.6918250868344011 -0.9978450443400932 -0.032191236845350135 0.05717509734391951 62.1346186489816
0.06691961240202084 0.00015164506767853785 0.9977583587621495 54.32912723911069 -0.032443068110252625 0.999471535639693 0.002024049807922485 -1.7079172477020006 -0.997230772092177 -0.03250579101952287 0.06688916760312058 62.19011978448964
0.07473421755664626 -0.009117127625236083 0.9971618096929216 55.19421512408678 -0.03481161657974439 0.9993248643540859 0.011745928434587757 -1.7221894954149481 -0.9965956793390706 -0.03559063735802933 0.07436637987120644 62.255581458332756
