0.999998437661711 -0.0010662925175321568 0.0014098561643601604 -0.0009550096001476049 0.0010719780275602866 0.9999912722637145 -0.004038100977692413 -0.02192556858062744 -0.0014055380626498046 0.004039606003642855 0.9999908529812109 0.994922935962677
0.9999937603384786 -0.0033672568340381097 0.0010681130666411248 -0.00024000746763633263 0.0033719511690215678 0.9999845287218057 -0.0044240549660054624 -0.04322935894102768 -0.0010531996122482854 0.00442762898650363 0.9999896433824375 1.9371024003536443
0.999993313355343 -0.0036397831332605174 -0.0003538691085815365 0.0030695600507378504 0.0036396808849618015 0.9999933345326392 -0.0002891597296875645 -0.06395807453163684 0.0003549192285854782 0.00028786982554891965 0.9999998955816469 2.83727848134017
0.9999890093868428 -0.004688368390638926 1.7531541768115117e-05 -0.0025306707575053567 0.004688202768396583 0.999974102040005 0.0054604032899177365 -0.08293870976435666 -4.313146992153866e-05 -0.005460261085314842 0.9999850917331501 3.91023734118742
0.9999630957759863 -0.008360827732129013 -0.001975764596217084 -0.005702033420786155 0.008371333542493342 0.9999505392193246 0.005370278363639685 -0.09501049761320886 0.001930766901085753 -0.00538661996212032 0.9999836280982591 4.93958120207395
0.9999438889990988 -0.009795501991015147 -0.004033236182291955 -0.010343244798658687 0.009806798488203296 0.9999480180910967 0.002790666425864549 -0.1077154435355259 0.004005690548445325 -0.002830062973273281 0.9999879725210686 5.8752702257188885
0.9999135379734293 -0.011475566762192156 -0.0064208990761234225 -0.01050194535158346 0.011474563098996655 0.9999341463828554 -0.00019313021124785787 -0.11967453132390984 0.006422692515326908 0.00011943650121713171 0.999979367165031 6.723567068112414
0.9998983258544664 -0.011649058952212013 -0.00822419473038049 -0.024373524759600085 0.011643371668067455 0.9999319405171716 -0.0007390735849010554 -0.13489236282687347 0.00823224450770099 0.0006432410843094398 0.9999659076144911 7.647153084293975
0.9998799468591375 -0.01240592696615212 -0.009283579324742624 -0.03684405460491369 0.012411569067665718 0.9999228220380779 0.0005503823088344285 -0.15387082145649505 0.009276034834284132 -0.0006655400196937765 0.9999567551820606 8.637386707772972
0.9998792433914738 -0.012427692484913848 -0.009330117598098866 -0.05207333131025707 0.012461128101117153 0.9999161117609005 0.0035340808438205722 -0.16943875701697778 0.00928541444101914 -0.003649917870792014 0.9999502283504891 9.59699031374454
0.9998521713799591 -0.013398026917876777 -0.01077628235937667 -0.06462210544349302 0.013448724025175307 0.9998987686926741 0.004645878708022208 -0.1799774680706578 0.010712945854238043 -0.004790119161652546 0.9999311414040177 10.56774548366107
0.9998268098773797 -0.013750570526713033 -0.012540815787349934 -0.07948777050086356 0.013818345302382668 0.9998902959956251 0.005333789167766866 -0.18955234388034892 0.012466097365513936 -0.005506158731090043 0.9999071350042973 11.545252295873995
0.999804802979967 -0.013775494129448942 -0.01416303991660149 -0.09486564443659078 0.013846856499293493 0.9998918604555762 0.0049529748409597495 -0.20195052866382346 0.014093278656072301 -0.005148121616349442 0.999887431834477 12.46775441031629
0.9997843915004632 -0.014323274269927442 -0.01503377285439167 -0.10977804824035398 0.0143765811835704 0.9998907213076605 0.00344374161623791 -0.21550393006610782 0.01498280432766907 -0.00365913337221176 0.9998810560848943 13.428252015777915
0.9997321299739386 -0.014963900586969885 -0.017656442931571217 -0.1245107900117065 0.014989914796735677 0.999886744433664 0.001341924079834782 -0.22799836688824532 0.01763436282260161 -0.0016062331937542235 0.9998432123401991 14.306996230308933
0.9996541721137858 -0.016433945640376438 -0.020529530101565066 -0.1417919097589901 0.016439716131809026 0.9998648524247309 0.00011233511175137495 -0.2398243757486906 0.02052490947623039 -0.0004497959103262896 0.99978924067757 15.206875103379863
0.9996026489796229 -0.015975409570043425 -0.023223489014152422 -0.1582910843609031 0.01596625937433492 0.9998723632913611 -0.000579385658099015 -0.2506114343651995 0.023229780767638673 0.00020836318943960098 0.9997301305203665 16.075762104145657
0.9995639996318938 -0.014637486557917684 -0.025642827986757488 -0.18664868942713042 0.014608193439799797 0.9998924110118299 -0.001329317635499794 -0.27150135963120625 0.02565952696986139 0.000954142660947319 0.9996702847876723 17.005784577381238
0.9994722888719992 -0.014615109448448184 -0.02900934940285508 -0.2114731261515279 0.014579300564180159 0.9998926714573297 -0.001445531384858039 -0.2896535492434071 0.02902736247106071 0.001021832537744829 0.9995780950412222 17.934468604473537
0.9993728495139355 -0.014583280244230848 -0.03226818234291228 -0.23951187848295247 0.014570774771572745 0.9998936467442457 -0.0006226741125780399 -0.3113866831048081 0.03227383114774737 0.00015211118499906015 0.9994790526495462 18.806905546674308
0.9992817062656952 -0.013262445838590771 -0.035499000733817065 -0.2703372028285018 0.013284229696625651 0.9999116893381468 0.00037784428212794265 -0.3312219552139532 0.03549085465423997 -0.0008491497586962566 0.9993696404136955 19.625260053662412
0.9991931582579408 -0.013206505596017258 -0.0379291537008725 -0.30418373294228007 0.013256432624960691 0.9999115623450482 0.0010651210004432917 -0.3481413040813675 0.037911732809012076 -0.0015670668869171857 0.9992798631098248 20.50368279344315
0.9990369616066441 -0.014636207822706518 -0.04136339884892512 -0.3361880562992202 0.014680016640547362 0.9998919572799143 0.000755564938460501 -0.3676762003948179 0.04134787122933861 -0.0013620526838279091 0.9991438827102375 21.377309999721657
0.9989119123758664 -0.015602128565036162 -0.04394957221440762 -0.3670716783173031 0.015629773979427265 0.9998778068767769 0.00028544813845234306 -0.38516430646640837 0.04393974828035962 -0.00097205942606927 0.9990337099525376 22.1566749329668
0.9987708918655485 -0.01651169682041467 -0.04673402861093495 -0.4053570211556045 0.016551748393843914 0.9998628998994918 0.0004701379441419939 -0.40254539229987096 0.046719858595717784 -0.0012430899767694335 0.9989072577272157 23.024906644315593
0.9985300383363419 -0.019595522646023322 -0.05053491893980728 -0.4406782395431093 0.01970409617756386 0.9998044920496647 0.0016511423736555195 -0.41613100490240323 0.050492683963610216 -0.0026444601607803608 0.9987209298380652 23.808940287593888
0.9983176482392211 -0.0222331533331369 -0.05354960417198291 -0.47504445070266166 0.022465539747307074 0.9997406165332914 0.0037415474736916367 -0.4293380243884763 0.05345252789132608 -0.004938273635689477 0.9985581809366576 24.555268140544694
0.9981393535126324 -0.0236380548797432 -0.05620563433399112 -0.5166659069082565 0.02394526756502226 0.9997017542732232 0.004798610661515644 -0.44201396690370626 0.05607544142156678 -0.00613554109623327 0.9984076822645314 25.38017429156572
0.998093724453451 -0.02297799751840567 -0.057279392775084446 -0.5615947267629217 0.023201764927162333 0.9997255378810664 0.0032445358186103134 -0.45379324072648225 0.057189118815583743 -0.0045673338456575065 0.998352915631862 26.12825653402759
0.9979982174949782 -0.022060820906592418 -0.05926953735076259 -0.6111030846307197 0.022139193655515057 0.9997546762560959 0.0006658891452550782 -0.46730259360958687 0.059240307064783095 -0.00197673594529514 0.9982417936221031 26.92144635767966
0.9979459350680612 -0.02157735585732785 -0.060318557636429807 -0.6598376880402339 0.021547336639850534 0.9997671699082292 -0.0011481539183827152 -0.4818303779914695 0.060329287786795735 -0.00015390873133988548 0.9981785177748723 27.686163947569465
0.9977956402470938 -0.020754481422444414 -0.063032624923745 -0.708345450133168 0.02069965573095077 0.9997845795079053 -0.001522770771499209 -0.5015527470973568 0.06305065072235361 0.0002146604011579431 0.9980103052395806 28.424224243712278
0.9976974747464369 -0.021819294747106872 -0.06421578669861498 -0.760274780972588 0.02171878501063508 0.9997615583591839 -0.0022629195477511964 -0.5226728316406108 0.0642498502896696 0.0008630202527496963 0.9979334706952159 29.20808570441513
0.9975383859725271 -0.02138971452227173 -0.06678060065604173 -0.8149178279724707 0.02125324205933588 0.9997703327266069 -0.002753452686843298 -0.5422833927132453 0.06682415890449563 0.0013273704784746792 0.9977638848316372 29.96793397293049
0.9973927547123351 -0.02160106139868648 -0.06885555165555104 -0.8710688212243716 0.021435260661414043 0.9997652886824465 -0.003145972994653367 -0.5575573357332925 0.06890734683411719 0.001661833973665737 0.9976216797264019 30.747611033747738
0.9972724108707484 -0.021639739483599978 -0.07056529027168854 -0.9244779895096973 0.0215491557876213 0.9997656989246185 -0.002044783267552674 -0.5769867822970474 0.0705930053255035 0.0005185835056770848 0.9975050669897682 31.51118383165569
0.9971481951074838 -0.02194535072805825 -0.0722071919915912 -0.9768711679659596 0.02201290759486453 0.9997576768102563 0.0001398505652788701 -0.5962886943210572 0.07218662544480077 -0.0017289419837481276 0.9973896439539112 32.249816380862484
0.9968435776983535 -0.02238985923100817 -0.07616807602376827 -1.0318237260260434 0.022536601250385677 0.9997454486686689 0.0010674597719613995 -0.6119072821576221 0.07612478706458246 -0.0027806599754877986 0.9970944211680625 32.89521613741178
0.9967376343451974 -0.021343938785324482 -0.0778365245695642 -1.0874477265949318 0.021491130053373646 0.9997684836622752 0.0010537574034032683 -0.625402064418849 0.07779601280894179 -0.0027231145338690293 0.9969655786627075 33.62636157597319
0.9965906270641992 -0.019141592065172124 -0.08025410582018352 -1.14117749574752 0.019229368361865277 0.9998150470921754 0.0003209368726659436 -0.638876003952072 0.08023311934725194 -0.0018630784425466016 0.9967743854546661 34.27265257483754
0.9964754404783439 -0.01775558883001815 -0.08198436185511318 -1.197725668248363 0.0178009701579994 0.9998415344362606 -0.00017741921948544902 -0.6573970280197269 0.08197452033970568 -0.0012826072839194087 0.9966336001428162 34.97008322809447
0.9964316030585901 -0.01809819133983291 -0.08244098432403209 -1.2637154234452184 0.018203464755198313 0.9998341651428659 0.0005254369381966666 -0.6734204590195175 0.08241780327693017 -0.0020242735231598774 0.9965958097542399 35.753082223668954
0.9963932730463149 -0.018370606852032373 -0.08284302162487811 -1.3234313298605322 0.018627814151757485 0.9998237656729178 0.0023328385189462803 -0.6926389470387184 0.08278556618142771 -0.0038676090179796574 0.9965598785986244 36.44490071487654
0.9963855756725911 -0.016720876851454666 -0.08328383317858307 -1.3800151717188047 0.016987500774176805 0.9998525921611559 0.0024937453891802725 -0.7078455142119169 0.08322985887917216 -0.003899516115776847 0.996522746536684 37.09678285600828
0.9964027568084755 -0.015336699798314916 -0.08334465707990472 -1.4350118049214804 0.015469732481692054 0.9998798846654489 0.0009505884256493663 -0.7224060624785146 0.08332006721922056 -0.0022364884767117456 0.9965203282010249 37.65265923386178
0.9964930612900887 -0.014142728919575968 -0.08247158310239576 -1.4872969067325295 0.014016341897973558 0.9998995372805556 -0.0021112806377432025 -0.7311487136730809 0.08249315705261313 0.0009479266003168934 0.9965911802111503 38.18305502245602
0.9967760097359655 -0.014781622947863495 -0.07886120743353006 -1.5402905073578046 0.014549979308941014 0.999887978545094 -0.00351119112500641 -0.7452353450585105 0.07890427438964542 0.002352442142568252 0.9968794217451826 38.82872770884226
0.997070827095621 -0.014204643829549455 -0.07515313598599974 -1.5787244192543235 0.014054183788874528 0.9998980329186978 -0.0025305500090592927 -0.7611758508698752 0.07518141840164407 0.001466921605082056 0.9971687933685659 39.36924101742728
0.9973597125782602 -0.01126671341862989 -0.07174025992811166 -1.6181189263464097 0.011294796398293816 0.9999362116516401 -1.4215785643771107e-05 -0.7775751077950684 0.07173584390060278 -0.0007961133775649543 0.9974233478836149 39.92500733501923
0.9977393358887187 -0.00866279255272777 -0.0666421311598538 -1.6587922282879057 0.008941465943296522 0.9999524792916551 0.0038845006445833896 -0.7970258476035539 0.06660531365532049 -0.004471597439540464 0.9977693806733174 40.53192832341603
0.9981562428268538 -0.006058762117710403 -0.060393760500403515 -1.6967748440144215 0.006364200960722023 0.9999679071102447 0.004866384252089987 -0.8146038929460636 0.06036233802554907 -0.005241769849816193 0.9981627682882844 41.20603031330802
0.9985199301297245 -0.0031202271092768746 -0.05429745221017959 -1.7287135394551776 0.0034086497544772213 0.9999805656315405 0.005220102113568767 -0.818941320914069 0.05428010906935896 -0.005397456994855679 0.998511160286858 41.794312456337785
0.9988845358338857 -0.0035793694172565243 -0.04708367218577574 -1.750419628073438 0.003904200883499204 0.9999691977607051 0.006808872540532324 -0.8374236342828163 0.04705785043310061 -0.006985101601747813 0.9988677425306263 42.395296314733834
0.9992470857998192 -0.0014624130030837475 -0.03877012856281145 -1.7707241047945157 0.0017718326686548022 0.9999668466313321 0.00794771962163403 -0.8537458389938544 0.03875722035392637 -0.008010429851027383 0.9992165485439276 43.0150202146446
0.9995992282615128 -0.0016093221078136407 -0.02826292520849876 -1.784627939519798 0.0018138137335954692 0.9999723540607702 0.007211185332594121 -0.8668374971234131 0.028250538733406712 -0.007259558975206582 0.9995745124125355 43.5831792460327
0.9998403868097547 -0.0007302538720675559 -0.017851264196196506 -1.793343668717066 0.0008561806744758547 0.9999747988354329 0.0070475987887874065 -0.8819038657897939 0.01784566778724548 -0.0070617578064809065 0.9998158148968791 44.166778577452625
0.9999575904003688 0.0029715907079281424 -0.0087170550848846 -1.7982281910639688 -0.002914863245166488 0.9999745409456204 0.006513143085891133 -0.8905536599192054 0.008736187552378606 -0.006487457842627499 0.9999407942062322 44.67683751667116
0.9999685181538203 0.007929464062082222 0.00029377021795124435 -1.800990363731698 -0.007930533839915918 0.9999611818625149 0.003839453233958736 -0.8930720097467476 -0.0002633140079018239 -0.0038416621155372335 0.9999925861214792 45.13467572407622
0.9999154141053814 0.008552810175465346 0.00979867708242921 -1.794824772849902 -0.008561065231069132 0.9999630327326282 0.0008008309894120156 -0.9041300434242653 -0.009791465496678559 -0.0008846503640871947 0.9999516711307409 45.539200720087166
0.9997859699669357 0.007576277398161145 0.019251344837679277 -1.7806178066507283 -0.0075929096564842985 0.9999708605922266 0.0007910053029132785 -0.9199426313041613 -0.019244790989293607 -0.0009370097261404641 0.9998143627856885 46.061167006312985
0.9996051261299206 0.005532557482683827 0.027549639244206576 -1.7626740333114455 -0.0055934066417914095 0.9999820837375196 0.002132136512255609 -0.9322289447725438 -0.02753734948982369 -0.002285390922386979 0.999618162785875 46.42885745995144
0.999342811784455 0.0064058639388088435 0.035677856464988805 -1.7490637465735224 -0.006530786529112177 0.9999729416687445 0.0033859648060731353 -0.9466484948004306 -0.03565520105188083 -0.003616744054293482 0.999357606565536 46.82607984291324
0.9989230925330849 0.007233983375513024 0.045829299456358295 -1.7338534315362644 -0.007404326821017021 0.9999662923883218 0.0035482434358463004 -0.9588408778983744 -0.0458020867261016 -0.0038837574171489402 0.9989429839985166 47.298166036544515
0.9983650849673897 0.011916134278631162 0.055903156099721414 -1.7186103256595884 -0.012142907927633383 0.9999193576159933 0.0037186088634650082 -0.9618329425937537 -0.05585433649339334 -0.004391356131316767 0.9984292709482289 47.67999978252234
0.9976670923252242 0.014757698889728988 0.06665270598267109 -1.6988134892056028 -0.01506610459441049 0.9998779838005251 0.004126742461847617 -0.967378013652871 -0.06658367205015503 -0.005121311792521964 0.9977677018133241 48.08426004587405
0.9969798698782653 0.015373851896553417 0.07612347690022965 -1.6818916896788738 -0.01584194973926219 0.9998591099639749 0.0055491306080960355 -0.9730724503759042 -0.07602744034870342 -0.006738315806628413 0.997082957137527 48.473852480329334
0.9965578006385665 0.016097216908534294 0.08132299548235121 -1.6852191678717403 -0.016555092171153397 0.9998506567003228 0.004959155082959703 -0.9727851440582865 -0.08123102184281288 -0.0062883943683445095 0.996675462317921 48.587923441165394
0.9961136256825287 0.013906188902464383 0.08697276953055971 -1.6670655132104957 -0.014166192947097724 0.999896838681782 0.0023729668272025476 -0.9694924601662079 -0.0869307983800476 -0.0035958176241824703 0.9962078630429606 48.86986619362101
0.9953012225430551 0.0127441836031273 0.09598469767931417 -1.6552234913838897 -0.012750349806067643 0.9999185602081481 -0.0005491184627440695 -0.9645137844131677 -0.09598387877202336 -0.0006773001941507702 0.995382658217595 48.974496476738835
0.992066647682574 0.009556856142715568 0.12534924433967065 -1.5698349976508463 -0.009196271977999743 0.9999517446520532 -0.0034549890044185154 -0.9777236466362924 -0.12537621440116017 0.0022748336162092767 0.9921066626096479 49.39397868377721
0.9875560739297365 0.010385339136159273 0.1569240121062141 -1.4690836403083354 -0.009871977103346226 0.9999430672360937 -0.004050475841537166 -0.9974318211680694 -0.15695714355375898 0.0024509217651379196 0.9876023734630992 50.016498268098644
0.9834835738984921 0.010469862203918727 0.18069433266508328 -1.3923529005449655 -0.00991099170812201 0.9999429024229358 -0.003995514654633404 -1.011127752420538 -0.18072584794436683 0.00213866299935438 0.9835311860868295 50.28982003769969
0.9802727521363787 0.01044584520565324 0.19737329033308662 -1.3221698231434449 -0.009692667261418908 0.9999415921253533 -0.004781687899866774 -1.021901224040982 -0.19741171095031018 0.002774284727969587 0.9803167445901965 50.573165865185736
0.9757668258589293 0.01005626593981567 0.21858173086636715 -1.2047338414673225 -0.00968341000905053 0.9999492585831924 -0.0027770180984767645 -1.0328808282877406 -0.21859856615217288 0.0005931056148365012 0.9758146930139682 51.05968234880931
0.9713648701678845 0.01015645370016676 0.23737551569604698 -1.114395568242948 -0.009692674538305013 0.9999481549624666 -0.0031208087817778413 -1.0434910584529828 -0.23739490530342564 0.0007306404001263284 0.9714129529199126 51.35849131978014
0.9665587020694743 0.012725769682738546 0.256129518485774 -1.0337957417698869 -0.01184185597118689 0.9999174164942961 -0.004993059035217568 -1.0498415855552343 -0.2561719069315179 0.0017930357925581679 0.9666295769950956 51.63287652425643
0.9610889735774764 0.013458610009401024 0.275910947018068 -0.9412423483687467 -0.012240838416240215 0.9999062552107125 -0.006135361876521346 -1.0618595070212786 -0.2759676552472407 0.0025192473287122957 0.9611636211645955 51.92677018805418
0.9549614113431685 0.014175158032740668 0.29639124099778935 -0.8326277781752862 -0.012943685894246137 0.9998975172366306 -0.006116863533885105 -1.0702828017345618 -0.29644757351163137 0.002004973508031288 0.9550470230519015 52.23559140144339
0.9469475394762609 0.016438137078198977 0.3209675141338332 -0.7011627369065769 -0.015271941171284695 0.9998644590307377 -0.006150721911280773 -1.0765078366898142 -0.32102511629577374 0.0009226139861446629 0.9470702315513453 52.565624885822416
0.937942228144397 0.0187136798435365 0.3462862614228813 -0.5429495609931305 -0.017847107370963313 0.9998245291832696 -0.005691362046240523 -1.0852309394726973 -0.34633200461697444 -0.0008420392898763461 0.9381116317090539 52.949218614379376
0.9275264391599262 0.018747224961989262 0.3732870828404473 -0.37708231917462887 -0.018100427830432975 0.9998224532661998 -0.005237982160321524 -1.1005853805592674 -0.3733190045680262 -0.0018982889614401358 0.9277010926625872 53.313028487174876
0.9163291878503604 0.01732831826966132 0.4000506828883595 -0.20409211529621157 -0.01643876974185134 0.9998488812427522 -0.0056552212149600335 -1.1151180871962978 -0.40008822319942405 -0.0013942967980536767 0.9164755695563128 53.65866726932294
0.9028176253220738 0.013583580700224734 0.4298090526538161 0.01029564107797476 -0.01202882085232304 0.999907588457383 -0.006334194048378571 -1.1227744563909536 -0.42985537437225724 0.0005485259340069189 0.9028975890113937 54.04508195575312
0.8871377707740281 0.013310524057484991 0.46131269830279076 0.24362225108371718 -0.010166565262816889 0.9999050728166377 -0.009299801412418953 -1.1295095692806563 -0.4613926924181222 0.0035602394397930316 0.8871888795957086 54.44961912854829
0.8689205884813471 0.015093429882471166 0.49472133498325205 0.4907358606914285 -0.010396801286652628 0.9998709842041456 -0.012244242305591992 -1.1390734674587113 -0.4948423157291973 0.005495754817594825 0.8689654073913137 54.85490189522856
0.8484819934800456 0.016766153388925235 0.5289586021993267 0.7859355458265351 -0.010580983363817001 0.9998356866722776 -0.01471877874107113 -1.1567123707689986 -0.5291184645532432 0.006891716557796787 0.8485199789702695 55.29797137685631
0.8255207884615227 0.017131412924944862 0.5641116401112991 1.1184110408983305 -0.00954128273907651 0.9998199749802001 -0.016400657129627245 -1.1721195169781213 -0.5642910523316478 0.008156734750230907 0.8255356297196732 55.74769580118069
0.7992639706573693 0.017857113298565458 0.6007147648540502 1.497825863090642 -0.009464257842124752 0.999808505369476 -0.017128351185991292 -1.1859805680971938 -0.6009055941098511 0.0080047545555792 0.7992799202231926 56.22605160777094
0.7703056647990193 0.018176040736981675 0.6374157311532772 1.9202875607262841 -0.008890783109845318 0.9998026559246236 -0.017765223943448826 -1.1959928001004168 -0.6376128423692813 0.008017527623574555 0.7703152487758325 56.723197861253645
0.7379014632580935 0.016214414870948348 0.6747136602085032 2.381670697318752 -0.006152521967632146 0.9998314350437502 -0.0172987852692427 -1.2120108704387096 -0.6748804168110093 0.00861360834646745 0.7378768384739104 57.210991612244435
0.6980190061568037 0.011533854355264767 0.715986338729712 2.7937163835822805 -0.0022156062295940007 0.9999002751790599 -0.013947429364372592 -1.2266364894435964 -0.716075804739207 0.00814922699096784 0.6979749508159644 57.54513315291017
0.6553772408079256 0.009492496929987538 0.7552420570472904 3.239904634344435 -0.0008695615189243448 0.999929841829754 -0.011813351814208901 -1.2387623826303449 -0.7553012088523059 0.0070854724864079545 0.6553395150499403 57.87012465965246
0.6119106879885559 0.007410847842347873 0.7908921476785744 3.71009933412286 0.0013305583395703344 0.9999450419085952 -0.010399171934392139 -1.2499406260437091 -0.7909257484365247 0.007415692595679607 0.6118671979796357 58.20359137689572
0.5606307807575066 0.005252550139648605 0.8280492366908245 4.228229398966874 0.003715045748091452 0.9999538637534592 -0.008858261658831176 -1.270599449302608 -0.8280575620706074 0.008042454945923441 0.560585401893526 58.52037584730192
0.5105609613969242 0.0028400436660857933 0.8598368675797877 4.692162384554156 0.007532679509194172 0.9999413974779658 -0.007775625326804163 -1.2817354439598179 -0.8598085620862704 0.010446806295983393 0.5105096480982071 58.75120223052984
0.4588128601729057 -0.0007658458045425877 0.888532595249133 5.219016502216167 0.00889749656254759 0.9999534502992 -0.0037325312648340443 -1.2933863784155355 -0.8884883757792653 0.009618249057243965 0.4587983166819565 58.974696400317995
0.406219474304677 -0.006790523041295886 0.9137503091613461 5.729408121957485 0.013068790322705455 0.9999132858721436 0.0016209428959697183 -1.3054211953042787 -0.9136820811502944 0.011283152626658213 0.4062729932590542 59.15568573371482
0.3523853969138411 -0.011487033269507889 0.9357844731072097 6.326914157424742 0.01498951298186644 0.9998656757740662 0.006629095672422865 -1.3198959997249289 -0.9357349232247568 0.011690956998163022 0.35251024805248826 59.31207005075144
0.30017087117508584 -0.013984232181015122 0.9537829361800806 6.937460751959118 0.01612978151295482 0.9998239828569786 0.009582977217455825 -1.3344783225051315 -0.9537490646109882 0.012507779751554532 0.300343598565631 59.45023819594794
0.24864980099900613 -0.017643086255460877 0.9684327534581506 7.512789304578445 0.021207482975875984 0.9996935701414339 0.012767477577809834 -1.341646542463956 -0.9683612544546499 0.01736339037326277 0.24894777272705929 59.53435391871951
0.2000308549536225 -0.023930545752328416 0.9794973129348119 8.068008098648193 0.025390343073268474 0.9994925650954135 0.019233897098878537 -1.3354529556901698 -0.9794605594638027 0.021022399933980845 0.20053695708240799 59.58028699108371
0.15258190116500392 -0.025122152423135185 0.9879714777737767 8.676198527082816 0.03058146632234705 0.9993181643063892 0.020687687277259177 -1.3270686187646774 -0.9878175627890249 0.02705704981950698 0.15324613763686457 59.64775545379424
0.11388376099355232 -0.023350242759778726 0.9932196409380059 9.161075977119856 0.028707109916208697 0.9993836689675607 0.02020356506148698 -1.3214079695084806 -0.9930792470000686 0.026211607428664657 0.1144838888830371 59.67615922340165
0.07819910589379803 -0.021762216433811692 0.996700208574924 9.751976814753393 0.03709129224470181 0.9991330384076057 0.018905226843444076 -1.3013409590570415 -0.9962475274132578 0.03549052688073107 0.07893849900206829 59.69994578981871
0.045895487058896 -0.0241867535091257 0.9986533959399096 10.245026556311254 0.04158240266271778 0.9988866020392011 0.022281383605433233 -1.2988133971468963 -0.9980804116184344 0.04050379267754649 0.04685013044071582 59.69565369338068
0.016837725303478487 -0.02643509437647768 0.999508717716814 10.769781514320744 0.04519575747906996 0.9986487723889214 0.025650982671072114 -1.2960457703012112 -0.9988362400876827 0.044741649404165626 0.018009727818516928 59.68021700294227
-0.004745043020449702 -0.02790763011316653 0.9995992440714425 11.29134376012385 0.047276309882391475 0.9984864973333546 0.028100981599784955 -1.2929982829311424 -0.9988705797502695 0.047390703987533735 -0.003418491615871086 59.65463047108824
-0.019735196683316646 -0.02604648434896026 0.9994659087057091 11.747671171298528 0.04925113384417818 0.9984216394594734 0.026991770488771178 -1.2885398075110872 -0.9985914318813951 0.049757517141784995 -0.01842122854077067 59.63400149989836
-0.03382944617311669 -0.027217687940811277 0.9990569383347354 12.250182033225384 0.047758934423208166 0.9984430872766085 0.028818147968122917 -1.2819981671867289 -0.9982858572344804 0.04868879678847638 -0.03247688890442739 59.61100202307924
-0.0451540316284208 -0.026670356037210817 0.9986239560197555 12.765061593290785 0.04781525584199191 0.9984401224458154 0.028827472992753945 -1.2755569309903074 -0.9978350638940615 0.04905113657430904 -0.04380834697068594 59.585837308596616
-0.05462430085615799 -0.02336560660523533 0.9982335569314147 13.239222320687594 0.05229644450974701 0.9982871049525284 0.026228571770811296 -1.2649941286634143 -0.9971365341053433 0.053636783213267356 -0.05330879701248213 59.551639227829135
-0.061651421435820586 -0.02124869588951802 0.9978715323917886 13.786721344653046 0.05676094812838256 0.9980807265844122 0.024760007841210116 -1.2511336589136375 -0.9964824619643395 0.058166623967052716 -0.06032699937644444 59.51842367543233
-0.06595028883240682 -0.022302104036215676 0.9975736441779517 14.333162120235636 0.05659802928840016 0.9980570216753225 0.026054645751804932 -1.2401331041953816 -0.9962164536302303 0.05817901374327749 -0.06455989371326411 59.48422051511589
-0.06994594177487333 -0.02599688534041814 0.9972119770549398 14.918580520779086 0.051831368106895 0.9982153466835222 0.029658572549279318 -1.2276827844110632 -0.9962033299027838 0.053761357851996976 -0.06847365838419824 59.45182324902768
-0.07086648094743185 -0.03300068226385418 0.9969397659077736 15.518600961735721 0.050196498161974606 0.9980682828242273 0.03660620702245349 -1.2178190792338046 -0.9962219900455938 0.05263703819950349 -0.06907306826239723 59.420952262605255
-0.07177067063315147 -0.03839130242209682 0.9966820349214698 16.205363261662967 0.05275461610332608 0.9977141805977008 0.042229898342842485 -1.2025126415890657 -0.9960250605866597 0.05561044625419968 -0.06958129742071734 59.371405896292366
-0.07236056499156196 -0.04156138130631012 0.9965122177966573 16.82562297892852 0.05375831136535017 0.9975165007843961 0.04550686346033246 -1.1857878696281439 -0.9959287085897509 0.05686371643467196 -0.06994658790812566 59.327025543764975
-0.0717877156822057 -0.03960863131145244 0.9966331723371261 17.474750665315508 0.05557258512894915 0.9975002329703838 0.04364599644999561 -1.1785518635974994 -0.9958705797739069 0.058518728195858516 -0.06940710908201456 59.27773155140044
-0.07100190610065713 -0.03322402046770538 0.9969227120464427 18.14503069564157 0.055931915409492494 0.9977400419077609 0.0372347903515294 -1.16626691447011 -0.9959067979327684 0.058403537888200505 -0.06898316166603716 59.23235951885233
-0.06960415670075605 -0.025659303137568326 0.9972446347473976 18.842471103070633 0.05691071283667517 0.9979389198479566 0.029649334176544796 -1.1534969057424278 -0.995950014877453 0.058817619938121554 -0.06800040772242862 59.17912567687367
-0.06821408206295348 -0.02532745655671282 0.9973491660159323 19.490311153187626 0.05776506355334878 0.9979003745488073 0.029292318242581845 -1.1496270903562085 -0.9959970062409762 0.05961008656020345 -0.06660781590248072 59.13430193384625
-0.06736709473429799 -0.03063945873326259 0.9972576889227738 20.18945063830111 0.057519119499159804 0.997746729815289 0.034540035248025056 -1.138768557495781 -0.9960688858904803 0.05968824600728474 -0.06545294378003402 59.09007014322657
-0.0662903869497656 -0.038414475310618396 0.9970606364131819 21.022180904616445 0.05715727907944937 0.9974716205916223 0.042230457759224016 -1.1394363933899092 -0.9961619497081211 0.05978874644052642 -0.06392711281440834 59.034906685814875
-0.06413954598528177 -0.04017660668915742 0.9971318663625918 21.834835448038422 0.05563424463831602 0.9974913750018118 0.04376971122266775 -1.1236736285052777 -0.9963889549088382 0.05828204759560596 -0.061743448751568196 58.9901152701436
-0.061866015037600905 -0.035312694393009283 0.997459578027136 22.643596999153846 0.06078839109960934 0.9973853294716697 0.0390803795043848 -1.1009832767133072 -0.9962315833634714 0.06305171028125836 -0.059557653913833164 58.935182910048084
-0.06008229195129596 -0.030546955302652196 0.9977259151268028 23.416000381155904 0.06128464215506736 0.9975331535315363 0.03423156790669549 -1.089041485554328 -0.9963103486513654 0.063201986734304 -0.05806201893692836 58.887955044796826
-0.05800841235029487 -0.030558197250426068 0.997848295422406 24.22202485419423 0.0561748252499072 0.9978478531408237 0.03382382282339473 -1.079148007473342 -0.9967343743970813 0.0580160198828743 -0.05616696833735404 58.84932887394899
-0.054321606595633294 -0.032676563473762715 0.9979886799239827 24.97144068358667 0.05736276297839041 0.9977116832164774 0.035789811354983755 -1.0636674067009113 -0.9968744537204044 0.05919154815415358 -0.052322883586058334 58.80835936481268
-0.050858913622080296 -0.036082571297065005 0.9980538156601442 25.673409809001615 0.061722061676175444 0.9973232362586543 0.03920139692668707 -1.0542758699552368 -0.9967967485940273 0.063595679626477 -0.04849568563513954 58.76899117399701
-0.048058451564298235 -0.03521115209598003 0.9982237023840472 26.399790589074257 0.06421244285093414 0.997202302524974 0.03826656532800814 -1.044015541216234 -0.9967783843043339 0.06593741431813173 -0.045663004464023965 58.73363928232007
-0.047152211821708215 -0.031136824155061957 0.9984023072398504 27.259686394205925 0.06318329744642526 0.9974195360643039 0.034090174553121355 -1.032626602728188 -0.9968874258631805 0.06468977708110057 -0.045063210017487164 58.69925255556686
-0.043000460972363326 -0.03065243268119935 0.9986047209616464 28.079961462562427 0.06162109981399859 0.9975448486469921 0.033273337607755284 -1.0238241341793857 -0.9971729039709605 0.06296589004033044 -0.04100605171863649 58.66788514115676
-0.03914403362421037 -0.03099536076239524 0.9987527382905313 28.750961489494745 0.06154809619414172 0.9975461212449446 0.0333701639798155 -1.0183559813589362 -0.9973362404357442 0.06277757243133945 -0.03714027346593619 58.64191810423279
-0.03590480501620285 -0.034676295029348124 0.9987534227925254 29.47118412655302 0.0643694023313375 0.9972422838700696 0.0369378844157407 -1.0065297914508182 -0.9972800133464301 0.0656154084391908 -0.03357369737016285 58.610866891295046
-0.032738256670913846 -0.033808675851460704 0.9988919761352171 30.25010373656243 0.06691295244360237 0.9971112621218827 0.03594144884368063 -0.999106827666205 -0.9972215718411984 0.06801547167280081 -0.030381446109374537 58.58486044412249
-0.029809869430311983 -0.03302550005014843 0.9990098538207639 31.088318948340476 0.06875632826894572 0.9970189436049418 0.035011332677509534 -0.9930560948259702 -0.9971880158764052 0.06973193270890979 -0.02745029240571625 58.55997441478293
-0.027045387968618204 -0.033229083869538045 0.9990817659104868 31.85043423332009 0.06860589744262773 0.9970290723835268 0.035017990492487536 -0.984876055617355 -0.9972771820440491 0.06948997630760506 -0.02468532695853743 58.540826150322324
-0.023373736281480945 -0.03458037665130433 0.9991285532917655 32.67059406645353 0.07022878246401806 0.9968758357045178 0.03614534965990862 -0.9800020331899911 -0.9972570313444103 0.0710124336934692 -0.020872175139769484 58.521017640768754
-0.02001682267200365 -0.03508962173270462 0.9991836894469264 33.55291767538232 0.07147395756869537 0.9967767164968621 0.03643694332952282 -0.9701873376244785 -0.9972415957026596 0.0721449644561991 -0.01744430864287425 58.507029321266884
-0.01730339062770217 -0.03484411864621036 0.9992429534745555 34.25849979206687 0.07045933123136429 0.9968655009169349 0.03598132465673888 -0.9637991487277037 -0.9973645648985203 0.07102858915530823 -0.01479405986848683 58.49913810438034
-0.014245608757256927 -0.0333408385074063 0.9993425094124421 35.05427253445421 0.06970223553986511 0.9969795142250486 0.034255606494818285 -0.9586983635015217 -0.9974661202225774 0.0701443989439337 -0.01187864911990966 58.48827258253111
-0.011333286055496744 -0.03311681140426479 0.9993872289706314 35.743843150858815 0.07159221196823218 0.9968596070572509 0.033844925811054395 -0.9493755881567078 -0.9973695963947772 0.07193191656055348 -0.008926789302183193 58.47781322361377
-0.008892681585308346 -0.033427555336611355 0.9994015803261662 36.604000611640416 0.07231904739906565 0.9968024053637227 0.03398411458880365 -0.9437759989153301 -0.997341905064414 0.0725779801683061 -0.00644679743554513 58.46835961701905
-0.007076239370229933 -0.03323022184056122 0.999422672943135 37.41969959039607 0.07094923687456989 0.9969122048892864 0.033649094039721765 -0.938608786168128 -0.9974548273597615 0.07114638500447483 -0.004696730512139182 58.4664237853949
-0.0037896267049141973 -0.03351168613247178 0.9994311410107224 38.27408323551827 0.0692486326255883 0.9970302690942542 0.03369375890757441 -0.9375975960240824 -0.9975922341362348 0.06933692668696922 -0.0014577340917151732 58.47053945908779
-0.0013620864006337516 -0.03125536107952135 0.9995105037589271 39.047915394947296 0.06863760666439883 0.997151315288531 0.03127512381641956 -0.9317323399765538 -0.9976407287556083 0.06864660823476897 0.0007870869340020276 58.47460740480175
0.0005948074692692239 -0.028131509138508457 0.9996040538121396 39.85180842254773 0.06818932040894968 0.9972786914386672 0.028025491691341123 -0.9245545130316624 -0.9976722221181871 0.0681456513356931 0.0025114573048444586 58.47957815448406
0.002670278354436572 -0.02594355867217501 0.9996598428350172 40.67887869860482 0.06833117773555356 0.9973316042301821 0.025700609971746096 -0.9204978635354847 -0.9976591200218555 0.06823930661335181 0.004435906913693168 58.48442114602254
0.005843440389493323 -0.02418612515121122 0.9996903948496166 41.45508507763647 0.06236009225054978 0.9977704948535491 0.023775165492652267 -0.9140292230070961 -0.9980366090975413 0.06220185648250405 0.0073386614046855115 58.50447517445812
0.01064071607534086 -0.025364386408475825 0.9996216399535994 42.221971446263915 0.0595096554263178 0.9979223983871264 0.0246878048502199 -0.912773089170588 -0.99817101544397 0.05922444342839486 0.012128034801729661 58.51816193458083
0.013712133959656586 -0.02454775472642254 0.9996046143951928 42.99864812588357 0.06057761502365318 0.9978826940057068 0.023674491799291618 -0.9076470650891445 -0.9980693011711761 0.060229035703720644 0.015170145611742241 58.526514977614184
0.016336539101954404 -0.023296903174301678 0.9995951039259124 43.779553210178435 0.05997510899418095 0.9979512306929863 0.022278407920806383 -0.9038609415931663 -0.9980661820697602 0.05958687322587875 0.017700303609165823 58.54086009958342
0.020893227670905 -0.02273633929174261 0.9995231522646691 44.56245224077132 0.057951247926778734 0.9980880385470027 0.02149232823873496 -0.8999155826348593 -0.9981007593931697 0.057474569898375585 0.022170879860213395 58.565612297963334
0.025263279900568168 -0.024483959629796964 0.9993809595992464 45.372513558503016 0.05908901961300765 0.9979887289993042 0.022956144090915613 -0.8923369274710773 -0.997932990961738 0.05847249362901975 0.02665920176909159 58.59135986731608
0.031097998699021346 -0.024490205834729308 0.9992162650272897 46.301026679327705 0.06015998701339317 0.9979331785707948 0.02258643553406576 -0.8893320801401717 -0.9977042098936264 0.05941044458475912 0.03250705515387821 58.622506470407
0.034766474427298286 -0.020863107823301388 0.9991776733833918 47.10179210819951 0.05646844695145114 0.9982258863333829 0.01887840970047307 -0.8849971005842648 -0.9977988809147806 0.055765675696444916 0.03588290204723999 58.661829526902764
0.04164601603246893 -0.012179035646955078 0.9990581967229598 47.837066524184976 0.053679427101834 0.9985087986149468 0.009934696500153292 -0.8759550758219444 -0.9976893947790784 0.05321513111175678 0.04223767709186153 58.70050720999931
0.04563735210864424 -0.007137040710724565 0.9989325776759931 48.57537612772594 0.0544803439791637 0.9985040391747225 0.0046449834953133495 -0.8801764381152257 -0.9974713651090065 0.05421020569646634 0.0459579088506347 58.73778307296122
0.05306636099037304 -0.00438851700938446 0.9985813448336077 49.35503876398507 0.05352992527817546 0.9985650523973857 0.0015437714581783778 -0.8923594994335885 -0.9971552077941296 0.05337206243963669 0.05322513053048562 58.78607263180469
0.06049068409122541 -0.005704624903125324 0.9981524604953339 50.04297723546458 0.05169593714247784 0.9986595523273848 0.002574612247301448 -0.9000459980306511 -0.9968291765498931 0.05144468680026749 0.06070450542493467 58.83904132992229
0.06820200325449455 -0.006557686388373391 0.9976499804547206 50.808560463975304 0.05293310107712621 0.9985937173637276 0.002945242272845469 -0.9062413652460027 -0.9962663165852965 0.052607835831924854 0.06845321063798752 58.8984862866647
0.07545997599826217 -0.009813080574420197 0.9971005443143537 51.569341086984615 0.05554962733787865 0.998440097668305 0.005622301194687718 -0.9139310167114256 -0.9956003369449842 0.0549643049418522 0.07588737877469935 58.956170133593915
0.07848967324895079 -0.01328641323700652 0.9968263852931297 52.33451000561774 0.06043423712029319 0.998135602443425 0.008545298039543306 -0.9203766178837839 -0.9950814409770502 0.05957172448563113 0.07914629154197343 59.014440223543296
0.08535472925839832 -0.02096962206960958 0.9961299338657994 53.02112251805361 0.06357836525598404 0.9978555684099043 0.015558151070062136 -0.926747051439569 -0.9943200499158226 0.062004351005392644 0.08650490617183504 59.07055267013874
0.09402806196675989 -0.022848389472447092 0.9953073267394796 53.76733407180188 0.06548764021630987 0.9977133424787122 0.016716914154546052 -0.9265788423123823 -0.9934133543201823 0.0636084690781556 0.09530933910094616 59.13860862973565
0.10065500600424224 -0.02099629926226874 0.9946998166198554 54.59844044811129 0.06667387626202934 0.9976721678704017 0.014312221384678785 -0.9285029258392983 -0.9926848261107265 0.06487989576176666 0.10182060270623466 59.22340680880502
