0.9999994946962948 -0.00048763142603736384 0.0008791033770437618 -0.004179417621344328 0.0004868872017994758 0.9999995231153177 0.0008465872606929423 -0.027788307517766953 -0.0008795157803660238 -0.0008461588087259213 0.9999992552333539 1.3003764152526855
0.999997447657741 -0.0021526945686317143 0.0006859913248244867 -0.0014420903122061368 0.0021520514935165387 0.9999972455339632 0.0009368024635499323 -0.05005282684456844 -0.0006880060848598457 -0.0009353237838542882 0.999999325908296 2.6123752744408755
0.9999931504603781 -0.0037011949253865388 1.372778006256993e-05 0.001116018829712036 0.003701196409252852 0.9999931445331737 -0.00010968954057522049 -0.07456121501264991 -1.332170358128422e-05 0.00010973959846264064 0.9999999938898763 3.9462985452211132
0.9999905800240186 -0.004330813827166395 0.00028968055077709765 0.001504713020507727 0.004330749247862646 0.9999905973544232 0.00022318982063671325 -0.09712945095029554 -0.00029064442057484454 -0.00022193318436656537 0.999999933135739 5.313019133344515
0.9999835243528087 -0.005657924557278355 0.0009689750461012643 0.0030677664026311827 0.005656303279927077 0.9999826121306035 0.0016678338227312183 -0.11542685165766894 -0.0009783946756328045 -0.0016623255273581512 0.9999981397071195 6.559679503974215
0.9999755023423681 -0.006739694971510179 0.0018897689857327801 0.006654684503762089 0.006733652415988459 0.9999722537700352 0.0031858460754209594 -0.13338782006242686 -0.001911188182542442 -0.0031730429821580962 0.9999931395554492 7.780178683203408
0.9999747622235415 -0.006855248068365427 0.0018656071109724778 0.00916160522649364 0.0068487516226345595 0.9999705381877345 0.0034666060842491538 -0.15058053303992078 -0.001889316591468846 -0.003453741515091259 0.9999922510461589 9.113640024006964
0.9999756445227606 -0.006662874624236191 0.0020776099323070907 0.009301134688029004 0.006659529790928599 0.9999765246131892 0.0016127261054443463 -0.16964554714848018 -0.0020883065514540958 -0.001598850921492264 0.9999965413197577 10.416816657996087
0.999987548864056 -0.004311089088990806 0.0025132902186794986 0.007493890111992095 0.004312596575656656 0.9999905238791303 -0.0005946954831546492 -0.18957012695643513 -0.002510702617228906 0.0006055268853110518 0.9999966648492178 11.556258876128018
0.9999965781049206 -0.0014462696967710899 0.0021799271577245026 0.006261177905394485 0.001449747043510076 0.9999976780084806 -0.0015944312957292743 -0.2070799713656911 -0.0021776161182855327 0.001597586182704648 0.9999963528465641 12.876927762694745
0.9999973322650663 0.0008459632176736105 0.0021493740912898783 0.005758423794494113 -0.0008420794586027474 0.9999980124839717 -0.0018071885047567914 -0.22653783686404638 -0.0021508986343768475 0.001805373739885758 0.9999960571225887 14.203378292470768
0.9999956948028004 0.0009526964780342071 0.0027753820070120965 0.008888029476532501 -0.0009502347611061322 0.9999991541065104 -0.0008881667425007071 -0.24762406090937034 -0.0027762258126620126 0.0008855256543093239 0.9999957541982626 15.555202769367163
0.9999910945404931 6.320487808084202e-05 0.004219815736438511 0.012174492395423541 -7.104936182125279e-05 0.9999982698322682 0.0018588395461203236 -0.2638436116160351 -0.004219690947722605 -0.001859122807515092 0.9999893688788354 16.879010103270264
0.9999872342007081 -0.0022526472580996094 0.004522943283805059 0.018549601669223356 0.0022337522979475684 0.9999887760370102 0.004178295187506438 -0.2804957462410994 -0.004532304743654703 -0.004168138713275003 0.99998104223699 18.095617851172943
0.9999778871075294 -0.005331788323099903 0.003974585417175117 0.028643806181536446 0.005323701760388886 0.9999837433126043 0.0020423785344957893 -0.30179455155806134 -0.003985410333604036 -0.0020211738642166395 0.9999900156304975 19.483894108109347
0.9999707668098431 -0.006440595770150234 0.004121195440593129 0.03412795669314447 0.006441816398416656 0.9999792112465395 -0.00028297745086568876 -0.3240441368149296 -0.004119287222704058 0.00030951716290235137 0.9999914677995517 20.84217346864445
0.999975843441977 -0.00547559243821006 0.004281403970310164 0.03601721512092278 0.005483201664620031 0.9999834049777514 -0.0017675600717951977 -0.35085715891635555 -0.004271654481752817 0.0017909931750046803 0.9999892725981788 22.23039597201033
0.9999845607212617 -0.002561127547398835 0.0049314242152357236 0.035018902445445046 0.002560523952453587 0.9999967135703509 0.00012870736628096198 -0.37410733042844974 -0.004931737644438305 -0.00011607834930923663 0.9999878321707831 23.594611331522465
0.9999797483023962 -0.0006400866886574963 0.006331924992166768 0.040959084120530405 0.0006072967195421577 0.9999864040523688 0.005179083037200718 -0.3954320586356686 -0.006335153965757735 -0.005175132794701054 0.9999665413526526 24.917346081398712
0.9999700814355078 -0.0030851277269092303 0.007093533729493663 0.05483924348605046 0.003041298598198602 0.9999762710373492 0.0061812510929444165 -0.41130183247840724 -0.007112435356430565 -0.006159492604597168 0.9999557359774248 26.295848821590006
0.9999633129969968 -0.005587974487248491 0.006492087584038929 0.06809574806062046 0.005561356505250248 0.9999760855864005 0.004110908551756396 -0.43238766429944253 -0.006514903981677946 -0.0040746529213238625 0.9999704761790116 27.669948522003146
0.9999591543127058 -0.006460971806549174 0.0063202491669313845 0.07783409585157422 0.006448760711136515 0.9999773041931528 0.001950534256217746 -0.4531070525585295 -0.006332708070614197 -0.0019096968107931585 0.9999781246940266 29.053869537831016
0.9999586965641931 -0.006586883467721728 0.006262438169080702 0.0871311794527993 0.0065887485540061606 0.999978255529788 -0.000277236529282184 -0.4787901880146442 -0.006260475870969103 0.00031848670889207914 0.9999803523110263 30.428924451338972
0.9999668964661917 -0.0037827000538693933 0.007203967800720761 0.09139476419912455 0.003787428413737249 0.9999926210534027 -0.000642825602932987 -0.5041176820896761 -0.007201483026584228 0.0006700888354740081 0.9999738444695289 31.802271789637093
0.9999718020533546 -0.0030133172178483185 0.006878591244592419 0.09863405130609833 0.0030346860082118877 0.9999905957371615 -0.00309824435247725 -0.529181949436106 -0.006869190563459975 0.003119031352954481 0.9999715425272967 33.10676075608372
0.9999716266307962 -0.001546553256499169 0.00737252374585747 0.10533845328666401 0.0015661020392849635 0.9999952715708683 -0.0026465374184599993 -0.5574867220354395 -0.007368395874338449 0.0026580084517497807 0.9999693203960353 34.475427074756865
0.999970708548635 -0.0015710430278554244 0.007490919072065593 0.11439013860637987 0.001582064003556782 0.9999976746212005 -0.0014655462053559027 -0.5839621444495863 -0.007488599216693267 0.0014773543907979803 0.9999708687285719 35.876639532992144
0.9999725212751214 -8.036495816558539e-05 0.007412842649708158 0.12099257281509902 7.993196365928737e-05 0.9999999950821467 5.870764564627827e-05 -0.6100525422205033 -0.007412847331290369 -5.8113509365744507e-05 0.9999725227811324 37.286024710337905
0.9999635081406526 0.002756525606591422 0.00808603448039744 0.12652575853974518 -0.0027572111830847543 0.9999961961746732 7.363882432171184e-05 -0.6325988275070938 -0.008085800735229803 -9.593104180025064e-05 0.9999673047773635 38.66318293014658
0.9999502295030522 0.0053408959240444295 0.008426941765600411 0.13375641340248381 -0.005339916953260791 0.9999857329273665 -0.00013866740586262373 -0.6531602110655726 -0.00842756214599293 9.366133511865483e-05 0.9999644830811888 40.05324675135015
0.9999276504693886 0.008382933034523317 0.008626717829281096 0.14280569285232148 -0.008385979100574937 0.9999647868177536 0.0003169843042038652 -0.6753578581643043 -0.008623756796898847 -0.0003893048459611511 0.9999627389360287 41.43947906704928
0.9999250478902267 0.008785076697884935 0.008527662583571408 0.15475351553719385 -0.008789699236819779 0.9999612424632527 0.0005047362420278925 -0.6960944421650346 -0.008522897925777038 -0.0005796540002843455 0.9999635114403856 42.83563727551506
0.999932061364566 0.008312590705866195 0.008171504816474988 0.16577852902645485 -0.008315718080366493 0.9999653629807663 0.00034881449493541305 -0.7163663452375688 -0.008168322227776817 -0.00041674272730076833 0.9999665518593519 44.241133915858256
0.999931912899381 0.008471591704139409 0.008025066939422306 0.1748762364356076 -0.00847183666779191 0.9999641133417927 -3.4693825458002436e-06 -0.738829214043675 -0.00802480833778035 -6.451791003327854e-05 0.9999677986258261 45.63029584570618
0.9999372304173385 0.008727880140704549 0.0070256197983535615 0.18517437332865175 -0.008729821840258657 0.9999618641805301 0.00024575442330235627 -0.7611377677989732 -0.007023206955434631 -0.0003070714065567868 0.9999752898303098 47.02725830277803
0.9999289269959333 0.00968844052766481 0.006948026835201069 0.19486807540220555 -0.009696672538260733 0.999952322477333 0.0011520910874272562 -0.7813315859953835 -0.006936533604511146 -0.001219381945860705 0.9999751984970544 48.42509452057611
0.9999224346153586 0.010603693754132008 0.006533485414531506 0.20551051389842162 -0.01061103226957308 0.9999431077899099 0.0010895768127983233 -0.8015989555577868 -0.006521560171262159 -0.0011588193239201188 0.9999780629547366 49.820381542639424
0.9999132944661034 0.011350807204731894 0.006675531869733537 0.21239653681249324 -0.011358934787735607 0.9999347879514585 0.001180866190543633 -0.8226657112317964 -0.006661692760161755 -0.0012565907340918731 0.9999770211506342 51.20357499817423
0.9999063970307189 0.012005648321555115 0.006562132688749858 0.21900679599283696 -0.012019337116302852 0.999925662552852 0.0020505861418364355 -0.8437479921698418 -0.006537026260485981 -0.0021292666858727864 0.9999763664762532 52.572813208901096
0.9999128862008778 0.011474630193090403 0.006523256193151867 0.2289834814108842 -0.011491949730348805 0.9999305229958239 0.002623789757925299 -0.8635913433080383 -0.006492695959677476 -0.002698526121881274 0.9999752811224608 53.98984224135006
0.9999264707435853 0.010458049306961634 0.006138591937096362 0.2412649380491172 -0.01047427305779799 0.9999417194449954 0.0026167379114636702 -0.8808867773454566 -0.006110868202449833 -0.002680842792810351 0.9999777349379996 55.39308919132111
0.9999408726556198 0.009123126015445305 0.005917749945983962 0.25192591518611923 -0.009134728619904307 0.9999564022307015 0.0019365874296785155 -0.9008672576354514 -0.005899824214126161 -0.0019905299642036535 0.9999806147444578 56.78241482159413
0.9999573323184017 0.007135503102940253 0.0058666973786739435 0.2646723439888957 -0.007148250292106323 0.999972129472392 0.0021547148794133063 -0.9198325683577632 -0.0058511588960146734 -0.0021965595639756997 0.9999804693421042 58.17419217807029
0.9999580990696758 0.00683356094528611 0.006091186236446112 0.27462061497455903 -0.006849553294175773 0.9999731392953185 0.002608506763712403 -0.9398926254838091 -0.006073197232945431 -0.0026501193696035316 0.9999780463303662 59.56050467768597
0.9999630082264217 0.005996411165828639 0.006166460240318738 0.2830621569360289 -0.006009800428877862 0.9999796187746454 0.002155071720547481 -0.9611904643531143 -0.006153411864174683 -0.0021920511960192733 0.9999786649894004 60.980216882041184
0.9999706974022219 0.004417890713670957 0.006251925987729524 0.2975588298423642 -0.004429065695000661 0.9999886167883663 0.0017747311797756448 -0.9793657286720875 -0.006244014252334488 -0.0018023693664616532 0.9999788816523492 62.34835239938276
0.9999762033605988 0.002911251344197717 0.006254384712611479 0.3083491853940501 -0.002920692946839184 0.9999946082696736 0.0015009944348058077 -1.0009878234096574 -0.006249981218589783 -0.0015192258534994403 0.9999793146298441 63.71037423741862
0.9999719931336188 0.003533150089547598 0.006597711635296262 0.31700706418151964 -0.003539085731549522 0.9999933429702231 0.000888193347936818 -1.0246497727780817 -0.006594529593726642 -0.0009115183395337551 0.9999778404113532 65.12811478523996
0.9999619071133745 0.005092454753676662 0.00708880996816251 0.32538525162574605 -0.0050975707460861365 0.9999867596181844 0.0007038187358242554 -1.0463527407003221 -0.007085131944544931 -0.000739927635655214 0.9999746263843008 66.51561243989086
0.9999417867790908 0.007765740885000129 0.0074910828019947185 0.33077113565128746 -0.007783216877631207 0.9999670500673653 0.002306580717811307 -1.0689232837740055 -0.007472923663136165 -0.002364751166414651 0.9999692812101006 67.9062416097563
0.9998933825241857 0.012062481767626096 0.008229223411012202 0.3385274172606363 -0.012086345706110458 0.9999228777591959 0.00285635803804697 -1.0889611717675913 -0.008194133988106906 -0.0029555147394012393 0.9999620598306765 69.28320869869533
0.9998364118326131 0.015846821572783755 0.008719393311806056 0.3444171750042683 -0.01587786371993734 0.9998678042615006 0.0035024912530261364 -1.1084794828353297 -0.008662737291220987 -0.0036403636256261513 0.9999558513930983 70.65036749483755
0.9997572325090037 0.019975865644853763 0.009297356488661564 0.351890881243275 -0.020008222331656292 0.9997940333241353 0.0034002894855870327 -1.1293588104730417 -0.009227517817133563 -0.0035854875815617597 0.9999509973962406 72.04143881195009
0.9996809421187548 0.022997172431515882 0.010447201764794157 0.3600655787981747 -0.02303070263714672 0.9997299500831948 0.0031005874754784462 -1.1506649423755446 -0.010373075754014143 -0.00334020460584315 0.9999406194032684 73.43573275358284
0.9995975509959711 0.026045222106130417 0.011241994854104704 0.3693497340761143 -0.026081296610656498 0.9996550978717974 0.00307429114349949 -1.1721468339463008 -0.01115804687050292 -0.003366259700376069 0.9999320808363261 74.82020211111451
0.9995443454823363 0.027629937247667515 0.012152694432858737 0.3812360750710276 -0.02767110342660139 0.9996118555503513 0.0032323796712444186 -1.193048814066343 -0.012058666984489217 -0.0035671852874079256 0.9999209287437093 76.19404981622972
0.9995477549511508 0.027567029600852652 0.012014343556782433 0.39665279823364963 -0.027605580474550837 0.9996142257475068 0.003054768383492607 -1.2122941546790424 -0.01192549784192612 -0.003385049807521447 0.9999231590172429 77.58893671768334
0.9995816521199852 0.026263547983990006 0.012113909045963328 0.411117468864616 -0.026295388738042245 0.9996511484578524 0.0024766747894626236 -1.2352527892152145 -0.01204463682293741 -0.0027941786253158555 0.9999235567230194 78.9800051984473
0.9995877539695706 0.025826874100746692 0.012541717914784442 0.4200709114131672 -0.02586632833522326 0.9996609274501125 0.0029938583861204094 -1.2570122959620356 -0.012460143358897304 -0.003317032373356626 0.9999168676063575 80.35580789075446
0.9995704581943595 0.02632883486612584 0.012872123356732688 0.4281957750464968 -0.02637014984478051 0.9996475927381664 0.0030504966732795916 -1.278445556845774 -0.012787271103816108 -0.0033886261791679882 0.999912497626835 81.70479919226742
0.9995723901755699 0.026368913373646923 0.01263792729017369 0.4424034434047321 -0.026403425700059897 0.99964806054699 0.0025718001368366643 -1.2982467819900296 -0.012565663929933425 -0.0029043849840405416 0.9999168308603792 83.08907506494381
0.9995708860856478 0.026317154064767305 0.012862779321933622 0.4507862253085542 -0.02635831244571987 0.999647934502339 0.003040791052007628 -1.3197151918292735 -0.012778225814535889 -0.003378527362544443 0.9999126474337111 84.45931222898282
0.9995821603795515 0.025776328422770244 0.013079967277881256 0.45608439662224615 -0.025828742957186002 0.9996589523123534 0.00385423131384416 -1.34149584841135 -0.012976158453123665 -0.004190459976003659 0.9999070253563522 85.82918762461406
0.9996047642193062 0.02504580722987446 0.01276804175546764 0.4640664578263592 -0.025110504331633633 0.9996725143102102 0.004932210956005926 -1.363913034059242 -0.012640329199684887 -0.00525087353756533 0.9999063208145131 87.19480776755009
0.9996433575803634 0.023634543699850536 0.012432457100579438 0.4702985113313491 -0.0237024917024323 0.999704758775831 0.005346696929371059 -1.3833737716551828 -0.01230241978449856 -0.005639470281708433 0.9999084192276748 88.55270526049641
0.9996745347064458 0.022311152364224235 0.012370818066378032 0.48138345945472416 -0.02238027508173848 0.9997345246272904 0.005477550137818155 -1.401676903260799 -0.0122453234631336 -0.005752629696666272 0.9999084754640576 89.92363641584512
0.9997069038226367 0.02084130401351767 0.01231854278611748 0.4927018526472709 -0.020907639746577514 0.9997674638188454 0.005280993226839363 -1.4203634208090166 -0.012205615493886721 -0.00553699704268684 0.9999101782731107 91.28953428106357
0.9997292364106127 0.01977654110283936 0.01226141459459418 0.5036109202728485 -0.019840246292970213 0.9997901762774766 0.005095885211370318 -1.438553915485744 -0.012158062875602525 -0.005337774916656351 0.9999118409470162 92.65182025309738
0.9997168367706877 0.020294732602709104 0.012424576684704019 0.5078670106541683 -0.02035467270537373 0.9997816947283305 0.0047170101977173145 -1.4555663917255868 -0.012326133873468564 -0.004968572705797001 0.9999116859548144 93.996728261162
0.9997162113910822 0.020387582965760757 0.012322464959347997 0.5148776563289424 -0.02044130600470454 0.9997820230229293 0.0042496410438705775 -1.4734985441296211 -0.012233139036329487 -0.004500322321116624 0.9999150450954936 95.31734036125418
0.9997228979365017 0.02010192438661821 0.012249080675577471 0.5168689570137489 -0.020147700706192734 0.9997904419343719 0.0036252410854382983 -1.4917053917692111 -0.012173639459742638 -0.003871027335030394 0.9999184054960056 96.64872979200423
0.999677956054476 0.0218625482106734 0.012884609597515653 0.5198300147227384 -0.02191084046916004 0.9997533790023746 0.003618873204473398 -1.5111252845784924 -0.012802314192341593 -0.003900020393666857 0.9999104412857426 97.95823246802738
0.999632235721907 0.023348162743344655 0.013793353549118117 0.5245323042119554 -0.023418605004851017 0.9997134043891254 0.004967698091913216 -1.5285580911967585 -0.013673413811021912 -0.005288892248469722 0.9998925269115354 99.25805533409482
0.99957184396928 0.025484740845758747 0.014375560089139924 0.5341113265003326 -0.025576061394696065 0.9996536228417262 0.0062047903225700245 -1.5454957163283611 -0.014212453250114693 -0.006569803911597054 0.9998774144109743 100.5866489766559
0.99958403725903 0.025018537586177524 0.014346610539972073 0.542164097841412 -0.025091628819062264 0.9996729622664242 0.004937476752294671 -1.5626667681381086 -0.014218390209268432 -0.005295402772411942 0.9998848914196742 101.9082915816145
0.9995882473423751 0.025087218900189633 0.013927211596407897 0.5494384900252931 -0.02512766956756842 0.9996805033327598 0.002737056532781239 -1.5812417093272721 -0.013854096762338826 -0.003085887913471948 0.9998992655756299 103.22854074829824
0.9996074780114852 0.02433992665107124 0.013872918731725596 0.5577224678592971 -0.024364059203165648 0.9997019144451474 0.0015731731793865032 -1.6043046503321985 -0.013830492495252332 -0.0019105562876223269 0.9999025288756946 104.5498145777307
0.9996556264953542 0.021901888016124884 0.014454608867361465 0.564449677530454 -0.021949300481005973 0.9997541866202743 0.003129623560254034 -1.627171847701757 -0.01438251106635386 -0.003445814354185504 0.9998906288884107 105.8719168752562
0.9996754517277208 0.020018874730873354 0.015755502768415284 0.5722235547581036 -0.020101891669156186 0.9997847833195631 0.0051284494709818865 -1.6477310575509123 -0.015649446133887652 -0.005443500451410389 0.999862722146664 107.20446343172844
0.9996911774806436 0.018890616718681797 0.016146029460851807 0.5784877176124619 -0.018979929812544972 0.9998053018799432 0.00539635034696118 -1.6670456230641766 -0.01604094547318523 -0.005701134338369959 0.999855082067187 108.52037727301717
0.9996959945664871 0.01848036231394228 0.016321600916157208 0.5832555340454163 -0.018545872231949673 0.9998205150092697 0.00387148417994426 -1.6859052930843148 -0.016247125003430007 -0.0041730055529297285 0.9998592985784435 109.81017635861856
0.9996669883944984 0.01974776480686156 0.01661138463239263 0.5906706687136432 -0.019781435943805232 0.999802588585549 0.0018651138402549852 -1.7066062066346819 -0.01657127352600099 -0.002193089776744192 0.9998602818648995 111.131466320854
0.9996280427858879 0.02106245698995314 0.017324808270227126 0.5987765446010572 -0.02106283605573227 0.9997781409603821 -0.0001606085053451297 -1.7297768444436232 -0.017324347414638792 -0.00020436083043987767 0.9998499013468504 112.42771895982396
0.9995580664924905 0.023409081922617876 0.01832175191767521 0.6113992058786628 -0.023412695626156114 0.9997258851231899 -1.7267647441396918e-05 -1.7513908778100546 -0.01831713387267893 -0.000411701584697083 0.9998321424661712 113.70813575988404
0.9994962026910894 0.024571649895848927 0.02008917189649859 0.6307464147629792 -0.024619795599507038 0.9996945689902756 0.002152764730684521 -1.7690228932055454 -0.020030139059171215 -0.0026462714794616483 0.9997958745546642 115.01920608317789
0.9994288055889223 0.0256756851458891 0.021973205305273812 0.6498239929833058 -0.025770075956234813 0.9996598000412859 0.00402335265997102 -1.7852472787760145 -0.02186242768560786 -0.004587305713136704 0.9997504643069612 116.3108084183353
0.9994229275861574 0.02515252469056342 0.02282897975827379 0.6711793805773241 -0.025259914176081217 0.9996711110115943 0.004427927806780235 -1.8035132152325843 -0.022710097994726695 -0.005002030641213954 0.9997295790055094 117.60842447119913
0.9993867887580217 0.025698542229044077 0.023783006185724716 0.6901333406070519 -0.02579576102698896 0.9996600496537267 0.003789965612982113 -1.8231630938070278 -0.023677524553184625 -0.004401142307531883 0.9997099603272045 118.9318414485791
0.9992906312324585 0.02780498219410639 0.025399159360475286 0.7072912682058793 -0.027895261607668875 0.9996057070837792 0.0032069838444006584 -1.846773266033742 -0.02529997452317115 -0.003913225105198768 0.9996722452676183 120.27928763847612
0.999204102118042 0.029361689744260493 0.02700099046031497 0.724774070433425 -0.029450616827336507 0.9995620249229206 0.0029016375515881717 -1.8705424540465705 -0.02690396771789687 -0.003694523968411966 0.9996311954984596 121.6243283837605
0.9991617017049803 0.029876304967827116 0.027987501629769207 0.7426176318155949 -0.02994495919602105 0.9995494734688586 0.0020370338428251154 -1.897665977368474 -0.02791403347342661 -0.002873410795129797 0.9996061975826508 122.97371308423807
0.9991226378554934 0.03004536440300432 0.02917585650105629 0.7631816356481949 -0.030105024902512365 0.999545448154324 0.0016076534425257165 -1.9264702342226872 -0.029114292028120138 -0.0024845828347701934 0.9995730012599565 124.33956619102632
0.9991319720070396 0.029275788678790406 0.029634957576448677 0.7843968038577772 -0.029332160886829564 0.9995686398686849 0.0014691932401760279 -1.9587862231163824 -0.02957916244642929 -0.002337175282823256 0.9995597084520081 125.70345431824042
0.999097846869799 0.029166715309614132 0.030867379191939284 0.80949532661819 -0.029251108197912178 0.9995694809181758 0.002285932230644298 -1.9867212140145922 -0.030787417061602988 -0.0031867750182564 0.9995208749274105 127.05983389735023
0.9990941673347532 0.027721495187517684 0.032285654743926306 0.8387920829621928 -0.027847897360929484 0.9996061424421473 0.0034719741509810953 -2.0100572500101284 -0.03217669048007759 -0.0043679167229215155 0.9994726518986146 128.33626650437876
0.9991256371203743 0.02661687182162542 0.0322413303577341 0.8636550142396695 -0.026752251046478548 0.9996349674084257 0.0037747845371744987 -2.041525590923926 -0.03212908826517759 -0.004634012169499166 0.9994729849367914 129.66730652795695
0.9991717572100801 0.02493416794950876 0.03215722099911398 0.8964445972628392 -0.025081688883007165 0.9996766147456074 0.00419223252442053 -2.070957152024038 -0.03204229199817333 -0.004995317750500399 0.9994740308402583 131.0591691595603
0.9992255747090123 0.023299465201993642 0.03170781873204916 0.922725915935686 -0.02347232389410173 0.9997115278092932 0.005090302173710447 -2.100328410976081 -0.031580070589753 -0.005830616306222485 0.9994842185122456 132.4031720430849
0.9992757424793896 0.021948672024926574 0.03108450238634165 0.9471879633190843 -0.022101306556459772 0.9997452673460685 0.004575223233493006 -2.1298402192739223 -0.030976164074359873 -0.005258917710053224 0.9995062886464275 133.7215024086279
0.9993635956445704 0.019484825737697834 0.029878843122293504 0.9743464745617318 -0.01964085402134934 0.9997949082483046 0.004937438007428503 -2.1585080597377093 -0.029776510098853487 -0.005521141796467681 0.9995413330321037 135.06700001381824
0.9994765971435068 0.017427457944309763 0.02725464129345819 0.9946721100545609 -0.017589056131667034 0.9998290487957604 0.005700727020562916 -2.1810324133862173 -0.027150632899305104 -0.0061771266593153564 0.9996122679516296 136.34504302552642
0.9995364528505015 0.015632654141463687 0.026124692295414167 1.0181325820518874 -0.015799604410223152 0.9998559784766908 0.006196354161964857 -2.2092547797632633 -0.026024064315881782 -0.006606241663262148 0.9996394878392749 137.72755685434572
0.9996038354173326 0.013934594995807504 0.024454023825548232 1.0364780316072497 -0.014098517737047253 0.999879198347449 0.006543738203942492 -2.2370125823992337 -0.024359885397428057 -0.006885911295274514 0.9996795387568238 139.05533505970504
0.999649061926795 0.012704518915677173 0.02324539068287192 1.0601156655652655 -0.012856963236110365 0.9998967332667527 0.006420381516914249 -2.260807393770532 -0.023161422348885543 -0.006716993494014174 0.9997091729664062 140.4474625263835
0.9996765088943178 0.011977678617599805 0.022436862075646855 1.0769759430302022 -0.012117809744341013 0.9999078475429533 0.00612005792610149 -2.286960693386548 -0.022361490376718234 -0.00638996376768885 0.9997295294784372 141.7606424425068
0.9997097844840866 0.010837709012871195 0.021514898794379112 1.0950054373887679 -0.010922517602037716 0.999933019274764 0.003828259825079435 -2.312431074698635 -0.021471968144844616 -0.004062145665466923 0.9997611982651543 143.06106102163469
0.9997675771375527 0.006337927934296961 0.02060636731707518 1.1092158924318203 -0.0064066982439795585 0.9999741204094758 0.003273030538562591 -2.341226363074878 -0.020585089801046667 -0.0034042885887410525 0.9997823087538033 144.39260534818527
0.9998029245383395 0.0011299628713870903 0.019820072363431678 1.1307708237487686 -0.0012309222626715954 0.9999863272549038 0.00508233545057585 -2.3697843839778727 -0.019814058518275387 -0.0051057308152905306 0.9997906453842594 145.76128612572788
0.9998187009819484 -0.00646667275995322 0.017909419593716502 1.1523656546663896 0.00633889193205782 0.999954114447909 0.007182440237961952 -2.397951568288585 -0.01795504430074765 -0.007067612193229152 0.9998138152886477 147.13548990573224
0.9998253138561565 -0.009197528961591386 0.016271055080651728 1.1693917848737105 0.009123709544945787 0.9999477732734144 0.004605284972720501 -2.421821086897006 -0.016312562538619763 -0.004456028112701641 0.9998570118356325 148.5057922744155
0.9998336581890795 -0.008606451230544047 0.01608057677627236 1.1815023006465717 0.00858984302118677 0.9999624998372648 0.0011015970587188793 -2.4458851802980535 -0.01608945459338796 -0.0009632841868709155 0.9998700923292286 149.84703320978565
0.9998349865496843 -0.0044470440882408285 0.017613161841877754 1.1851112826996075 0.004459137639069737 0.9999898484265628 -0.0006474066234470981 -2.4756561904737437 -0.017610103994774376 0.0007258393055585397 0.999844666633069 151.10960074866662
0.999834522300057 -0.004770477159385005 0.017554787514718576 1.2040800152949296 0.004780964576637781 0.9999884168364908 -0.0005554912834966618 -2.502376794720414 -0.017551934216264272 0.000639328179334993 0.999845748535615 152.46902243392677
0.9998124060269105 -0.008533689254784095 0.017387607724503793 1.225052199704635 0.0084932291410553 0.999961053044461 0.002399469310143098 -2.5279177168518387 -0.017407406855587983 -0.0022513422475429158 0.9998459449558446 153.78341516521925
0.9997471303305744 -0.013974249929909349 0.017618051387033706 1.2548086353657275 0.013888441597704158 0.9998911322044763 0.004983465544975392 -2.548387904381025 -0.017685773541660368 -0.004737518099936278 0.9998323706184368 155.10267978153968
0.9996762894269346 -0.018090381251715512 0.017890066063638653 1.28420162798579 0.01798627436867328 0.9998204512766939 0.005963148765806029 -2.567081435572262 -0.017994729559751208 -0.005639442794807485 0.9998221773860754 156.46564620282908
0.9996631596805998 -0.01948195527491371 0.01714702878239949 1.3106803624247327 0.01938559640091458 0.9997954436589594 0.005767971130763609 -2.5838205548419575 -0.017255892604528596 -0.005433622866075173 0.9998363415644419 157.87561288876645
0.9996706407237713 -0.017551076965744584 0.018723508545823185 1.3304013997465167 0.017437402112909266 0.9998286262240378 0.006217329853421763 -2.6027444714964973 -0.01882942066224327 -0.0058887927706831565 0.9998053685779175 159.2658036709043
0.9997107132041025 -0.013713717380665588 0.01975914625044796 1.351012793887851 0.013606503976325526 0.9998920228843547 0.005550281233874373 -2.624636256349688 -0.01983312770305281 -0.00527982270877438 0.9997893630748805 160.64853296431718
0.9997314724774856 -0.010710423135426757 0.020549203737790223 1.3750160698207132 0.010642088074060732 0.9999374819994765 0.003431916952679359 -2.64726326005902 -0.02058467632538905 -0.0032123089524932038 0.9997829525310828 161.99770362851186
0.9997399609085911 -0.008764226215099619 0.02105228969347639 1.4024627841033914 0.008698692981264952 0.9999570376351987 0.003202440359303972 -2.6693371273525095 -0.021079452149076 -0.003018480195026452 0.9997732470287469 163.3674127753547
0.9997326014248834 -0.006327341242291666 0.02224163665375297 1.4304375705494936 0.006238221172699947 0.9999722431556095 0.004074004778917469 -2.690305157737301 -0.022266796914564332 -0.00393416714715563 0.9997443233567374 164.72228108085673
0.9997407019670751 -0.0033834817373699856 0.022518456468234877 1.4602293230337657 0.0033039869911503654 0.9999881818986983 0.0035664734539261897 -2.7114093903034737 -0.02253025744063336 -0.003491147987143277 0.9997400659098281 166.10135656110285
0.9997288948394395 -0.0025113793222197155 0.02314799768903663 1.4907874984577838 0.0024755187327933047 0.9999956913052217 0.0015777128999931401 -2.73300335599389 -0.02315186018693331 -0.0015199818719782072 0.9997308042793271 167.45651471743594
0.9997195217471507 9.184043697507772e-05 0.023682681498955162 1.5205289278428078 -7.675787750285887e-05 0.9999997936797308 -0.0006377685499708047 -2.755747135302648 -0.02368273518568027 0.0006357718373967446 0.9997193225342264 168.79242355398821
0.9997247131646714 0.005351706864716405 0.022844192291443043 1.5637338429899648 -0.005308316351278049 0.9999839906873387 -0.0019596291839953936 -2.7706461013356605 -0.022854313932582446 0.0018378255244065 0.9997371168122198 170.13109880256644
0.9996778271960084 0.009679932394353028 0.023463604188343406 1.6027523506678334 -0.009653266949649943 0.9999526255187202 -0.0012494620507814236 -2.796386816063225 -0.023474587320446914 0.0010225590732580322 0.9997239109489546 171.50585911554137
0.9996340652503785 0.012064365538184673 0.02421129230673785 1.638897948613287 -0.012091514058624707 0.9999264194024768 0.0009752275176548027 -2.8188485535146586 -0.024197745324127242 -0.0012676218293217038 0.9997063880240656 172.87457202799806
0.9996130550527973 0.012738240549264646 0.024728068984887417 1.6769190904614253 -0.01282943614854013 0.9999114585471993 0.003532794095653948 -2.837162422193425 -0.02468087794473309 -0.0038486742809474396 0.9996879723044353 174.2319877129115
0.9996797297907933 0.010522537441879662 0.02301551761724805 1.7174757965758436 -0.010618581028596911 0.9999354002205644 0.0040547654282467585 -2.845774013507814 -0.02297136439884963 -0.0042978589464086215 0.9997268851171948 175.56282493891186
0.9997232676769483 0.009650625155356779 0.021453519511608166 1.7574534685813967 -0.009731941607539275 0.9999458381460662 0.0036891851279169875 -2.8546495665245977 -0.02141675460641979 -0.0038969486103095506 0.9997630401318373 176.96301653093178
0.9997485553749358 0.008956423271952117 0.020557444099448673 1.7886407917550193 -0.00894961303559959 0.9999598618346421 -0.00042325660749989186 -2.867092001950914 -0.02056040982668752 0.0002391690122098681 0.9997885838245698 178.32847771825888
0.9997640560510413 0.009529975786838975 0.019519523300329623 1.8165161760371915 -0.009453952456186727 0.9999473766028008 -0.003983316222971506 -2.8876866244811383 -0.01955645702385812 0.003797839738363148 0.9998015410080103 179.697183610468
0.9997083707233076 0.013392702896986875 0.020094999747747665 1.842018242039714 -0.013311477992181088 0.9999027014990016 -0.004170382316005 -2.9124910742109322 -0.02014889722571978 0.0039016719635316132 0.9997893772672686 181.06609814122837
0.9996463544369959 0.01712777930503505 0.020342203344309105 1.8689255433279917 -0.017061517360742698 0.9998485704865273 -0.003426473609484248 -2.9335659010998016 -0.020397810818131513 0.0030781929967808033 0.9997872043798612 182.44037920296665
0.9995773712947397 0.020294503602266718 0.020813743513240897 1.8970309613217968 -0.02028886031536877 0.9997940435650734 -0.000482285084722746 -2.9534452695717275 -0.020819244525218692 5.9794122421757794e-05 0.9997832542516694 183.83819571782973
0.9995278324063765 0.021829707005719172 0.02162350889782045 1.9253448914128837 -0.021869034540981047 0.9997595893736415 0.0015839140420796695 -2.9722397435666967 -0.021583733997041443 -0.0020560514321815663 0.9997649299106512 185.19986754505004
0.9995339884017417 0.021307185019658993 0.021858863105020276 1.9522852595116815 -0.021367794615802908 0.9997684486098302 0.0025429348300796983 -2.995062195527661 -0.021799618871963362 -0.003008825490318296 0.999757832470545 186.5713706568773
0.9995613892407968 0.019856351530909352 0.0219716736478678 1.980864987623006 -0.019941380520183714 0.9997944605033514 0.0036576071086701686 -3.0164841012977055 -0.021894530868614016 -0.004094148347716797 0.9997519029576021 187.97101726583028
0.9995989472577779 0.017861560950064307 0.02197519696313469 2.008282459456423 -0.017955067220779324 0.9998305307250787 0.00406514342976834 -3.0396704360432474 -0.021898863035297565 -0.004458079231511258 0.9997502514764991 189.37009119837543
0.9996464575669004 0.014802812654287057 0.02208702359913005 2.038764449133302 -0.01490384889406234 0.9998791759504262 0.00441687546114561 -3.0702231011915075 -0.02201897277552715 -0.004744495570489405 0.9997462951167604 190.77852970470352
0.9996861352994183 0.011554059831087267 0.022229138344348677 2.0710129350777673 -0.011683242999449608 0.9999155572353758 0.005690363053746645 -3.0965841719745373 -0.022161514459268106 -0.00594828547459599 0.9997367079270325 192.20457365462346
0.9997126352734839 0.008272588632006675 0.02249913669168878 2.1005312753539416 -0.008432282737332089 0.99993986101383 0.007012201043889055 -3.1202288872359896 -0.022439774561777454 -0.0071999050665840034 0.9997222703754505 193.63815710755915
0.9997350377568054 0.00625195172183508 0.022153270211546044 2.131823494754915 -0.006399431461444705 0.9999577914506591 0.006592616634589735 -3.1498039010406322 -0.022111118433227266 -0.006732638174463367 0.9997328493276791 195.09986614627397
0.9997266983653027 0.0077519677293177046 0.02205528444463154 2.155056463597448 -0.007799472830766277 0.9999674438125703 0.0020687045502892102 -3.1780725540743915 -0.022038529877742043 -0.0022401587617546436 0.9997546123372207 196.53648630238436
0.9996236376701034 0.014208517491715578 0.023467020302462595 2.169022466287564 -0.01413738601319103 0.9998949599889674 -0.0031942613191981366 -3.227632806892303 -0.02350994104421809 0.0028612967949704256 0.9997195084886284 197.97420667788015
0.9994084045999553 0.024327527822921687 0.024310742584212605 2.1820486175170233 -0.024243545021725064 0.9996990735330527 -0.0037433810834718003 -3.26533599564075 -0.024394494045797854 0.003151787934090262 0.9996974416757626 199.366288168806
0.9991553828884576 0.03183547205229818 0.02598121560331502 2.1972719086366532 -0.03186753262770225 0.9994917641974495 0.0008207714010683626 -3.301387923849373 -0.02594188137435162 -0.0016480353994443734 0.9996620942949062 200.8093086101568
0.9990732333045987 0.03388727962321075 0.02653915548829733 2.2244770306217605 -0.03397341178867835 0.9994188113782276 0.002801205948899062 -3.3209965186328696 -0.026428805983823564 -0.0037002355424463574 0.9996438498141207 202.2044457236831
0.9991350303720372 0.03247938151287708 0.02596691856975633 2.2583231884081796 -0.032567296108135524 0.9994651326597764 0.0029698184424469818 -3.3399638718004905 -0.025856571846870936 -0.003812921965770805 0.9996583913109552 203.64249515543514
0.9992061956582146 0.030711186771861614 0.02537324506839599 2.2934493849569555 -0.030794360272740642 0.9995215524891854 0.0028936974620040186 -3.359440174681327 -0.02527223641923489 -0.003672753282319598 0.9996738592909659 205.08159407498806
0.999290035143482 0.029126620415194576 0.02389697985367116 2.3270896217855452 -0.02918816809833259 0.9995714455379074 0.0022307192387126602 -3.377231134893329 -0.02382176538380551 -0.002926644571459844 0.9997119376328102 206.473424343434
0.9993175260466515 0.02830769758318593 0.023730916407459134 2.360159103571038 -0.028359980005175135 0.9995960268062389 0.0018694189704784245 -3.400986657656223 -0.023668410806494598 -0.002541151455543209 0.9997166342915232 207.97578059823755
0.9992634278456308 0.02973651374174749 0.024255752321578897 2.3897847764801243 -0.029794326393792318 0.9995539983161037 0.0020254789633274463 -3.424599015388601 -0.024184703532172735 -0.002746670853519913 0.9997037340703893 209.4387711580444
0.9992344997209592 0.03083302123860803 0.024077777486783337 2.419043629322056 -0.03091202915770292 0.9995178554760471 0.0029159968994086757 -3.4481143316296428 -0.02397625952388799 -0.003658057662692631 0.9997058355303203 210.90433809159703
0.9992604611571927 0.029915593253506654 0.024157567100281628 2.449325809259122 -0.029979606683250608 0.9995478828918261 0.002291940135812803 -3.473983471590361 -0.02407808030203941 -0.003014479517147664 0.9997055361266164 212.38817330960106
0.9992737084916885 0.029665712563365067 0.023916542713680485 2.479471749332186 -0.029704035292797592 0.9995579579296294 0.0012486099765689758 -3.4990762132104916 -0.02386892969095462 -0.001958120950594674 0.9997131788456864 213.85058671373113
0.9992662418541356 0.0300582692986373 0.023737698655987828 2.506228732871373 -0.030089616125849004 0.9995467397483133 0.0009643961410406622 -3.523639918537954 -0.023697951221802627 -0.001677946747786096 0.9997177559704524 215.2762820601819
0.9992354999010842 0.03103052419201212 0.02378071289509843 2.534454523721826 -0.031064161593410505 0.9995168448566102 0.001046285040432586 -3.550029168345894 -0.023736756348090842 -0.0017842130635955266 0.9997166513476763 216.75272626545404
0.9992345594151284 0.031156675865499913 0.023654953381186047 2.5665117796440353 -0.0311900238302187 0.9995129296669647 0.0010420374425986554 -3.5757363401339646 -0.023610965332326025 -0.0017790383845110466 0.9997196393682072 218.22767806131458
0.9992362883489747 0.03142091668101149 0.023228560900090647 2.5972539413587095 -0.03145099928742204 0.999504861559737 0.0009307858368171541 -3.599798567238364 -0.023187813402450574 -0.0016606364371455652 0.99972974727985 219.6988322759043
0.9992213067715426 0.03200274526331829 0.02307822327176609 2.627175622608394 -0.03202872278041294 0.9994866623413228 0.0007567819094418682 -3.625020560586258 -0.023042157251997628 -0.0014953586239294448 0.999733375901673 221.17700405553532
0.9992137142783041 0.03257625922998508 0.022599569304215635 2.656562409834991 -0.03260198172990694 0.9994681170468614 0.0007705803555673373 -3.649373196280007 -0.022562446353134008 -0.0015067652047961466 0.9997443001453797 222.6431436896252
0.9991902208063472 0.033334604567875806 0.02253234970583337 2.685410116971916 -0.03336133809554412 0.9994430261946478 0.0008114871285482692 -3.6747709176663648 -0.022492749174732162 -0.0015625393397790024 0.9997457850400621 224.1134882443814
