0.9999994912981873 -0.0009925637745012675 0.00017950075260853964 -0.00043901317985728383 0.0009922346171622244 0.9999978431079941 0.0018246232005234009 -0.023956065997481346 -0.00018131142033575538 -0.0018244441654737265 0.9999983192634154 1.2225770950317383
0.9999985398998666 -0.0017050097359049665 -0.00011462955799309508 -0.00013981686532535148 0.0017052393378163544 0.9999964782000511 0.0020336534353376456 -0.04400791607485041 0.00011116175538401635 -0.002033845936831559 0.999997925554733 2.5527125856531905
0.9999944520190989 -0.003266783169002839 -0.0006511979339003719 -4.2015373044296364e-06 0.0032672684750681266 0.9999943845135348 0.000745585748330925 -0.06375641459984131 0.0006487586101334922 -0.0007477092503158941 0.9999995100214514 3.837321472458843
0.9999911443551437 -0.004160255115572208 -0.0006352075754769292 -0.00014516993748205678 0.004160893820955898 0.9999908358931464 0.001007517908870321 -0.08435035771396586 0.000631010222832425 -0.0010101520179253587 0.9999992907092482 5.135116692773351
0.9999894263860533 -0.004533146758480468 -0.0007731083744969418 0.0006105138554841057 0.004534532091090383 0.9999880995493479 0.001799660634067981 -0.10279642566523688 0.0007649410483891925 -0.001803147289885247 0.999998081760682 6.452672688500586
0.9999833990548459 -0.005695854691246801 -0.0008711222953418813 -0.0014974495206915774 0.005698158088603423 0.9999802143174424 0.00266495178913373 -0.11829979200444951 0.0008559258814425932 -0.002669871340968604 0.99999606958123 7.776235629575126
0.999981745436278 -0.005818074561325599 -0.0016305835195590205 -0.005697403377466572 0.005823554200770344 0.9999773435424314 0.00337618398376338 -0.13793747971600984 0.0016109036861624096 -0.0033856181445027444 0.9999929712648452 9.10554987842804
0.9999820007522275 -0.005695026496011624 -0.0018880796546724876 -0.006840159723606606 0.005697833555313508 0.9999826650339586 0.0014846967223701762 -0.15475765471137098 0.0018795915377033511 -0.0014954279625575 0.9999971154112697 10.445764937011088
0.9999929029550434 -0.0031320708943065587 -0.0020938413165554927 -0.015414496951702359 0.003130518054053081 0.9999948227828621 -0.0007444892110070023 -0.17611961661935144 0.002096162269273265 0.0007379291192898037 0.9999975307791295 11.744062898454372
0.9999987245297035 0.00030596119644884276 -0.0015675862697635797 -0.02281650148287411 -0.00030840922707423566 0.9999987330619305 -0.0015616524204720163 -0.19441122281870477 0.001567106478685853 0.0015621338867005715 0.9999975519545058 13.096808523561057
0.9999923434125778 0.003130887496318256 -0.0023474794369649854 -0.03029051567765935 -0.0031348991940185885 0.9999936288988509 -0.0017072108102057692 -0.2154239973328651 0.0023421193959567944 0.0017145568501918706 0.9999957873768982 14.449114677218233
0.99998470407714 0.004413454283797573 -0.003333621610193122 -0.038698329884888485 -0.004416471024213824 0.9999898440258992 -0.0008981251304590434 -0.23852553754304937 0.0033296239198139757 0.0009128342360534412 0.9999940401513451 15.808458877017888
0.9999908656537507 0.003358947779499277 -0.002643119156832743 -0.04753434637016893 -0.0033516939524955696 0.9999906180437235 0.002744079477777494 -0.25847868034254756 0.00265231157887303 -0.0027351954859117255 0.9999927419481314 17.07255069968915
0.999996842673275 0.0019421588633981627 -0.001594572805131998 -0.054665383979070774 -0.0019344573652634524 0.9999865259543904 0.004817238251408754 -0.27671887933684175 0.0016039071617523677 -0.004814138408706344 0.999987125693725 18.348887664173954
0.9999953804044222 -7.506565556862521e-05 -0.003038673224108442 -0.055535437420508406 8.22220877926722e-05 0.999997223459743 0.0023550610040224324 -0.29347913328978736 0.0030384880029117357 -0.0023552999706496374 0.9999926100490463 19.73273526971494
0.9999929249212829 -0.00030936880466282815 -0.0037489196204360327 -0.06009790873770076 0.00031048962508239465 0.9999999072788215 0.0002983932650801489 -0.3148510986025478 0.003748826959264049 -0.00029955515457172214 0.9999929282565643 21.125470185554576
0.9999911960610617 0.002729084038841534 -0.0031874599097759682 -0.07228537003905296 -0.002732190570389436 0.9999957964652061 -0.000970662971848077 -0.34087260569761896 0.0031847974903537668 0.0009793631740995276 0.9999944489409519 22.507337455530525
0.9999814235721863 0.005191532868451653 -0.003193821695008606 -0.08173960022827957 -0.0051890598126464816 0.9999862308747395 0.0007821247935475709 -0.36595771302998614 0.0031978381454505593 -0.0007655373326564741 0.9999945938772805 23.89998970528046
0.9999720632052329 0.007322446060237901 -0.0015015301410611335 -0.09473707679935665 -0.007313047256558226 0.9999542103078422 0.006172246547452417 -0.3888652055863236 0.001546657328872417 -0.00616109335378864 0.9999798241863644 25.208207397343795
0.9999843664354242 0.005261875468688098 -0.0018919702152005967 -0.09587300000896316 -0.005248677755389935 0.9999623217177221 0.006914226400852718 -0.40590851296799413 0.0019282807272963678 -0.006904187964865402 0.9999743066309164 26.59319457768214
0.9999888032132466 0.004219456761444234 -0.00214234282435302 -0.09911321302958778 -0.004208524137608201 0.9999782293787298 0.005082233088215604 -0.42461825428464445 0.0021637404469860657 -0.005073160082048161 0.9999847905213655 28.00271026234752
0.9999889371527236 0.0037959783427674674 -0.002777790594558065 -0.1026333512242282 -0.0037882678039280033 0.9999889719254862 0.002775797985171319 -0.4421989003766408 0.0027882968299120106 -0.002765244262266719 0.9999922893827519 29.38502978627609
0.9999916276563869 0.0031217610060667086 -0.002645604912055033 -0.10913261021601273 -0.003121018613816475 0.9999950890835867 0.00028469548861742664 -0.46318475909433887 0.0026464806709854145 -0.0002764361228736411 0.9999964598552973 30.730328819055515
0.9999771863164199 0.006324823742002503 -0.0023713817340204313 -0.11773247742826427 -0.006325760003641806 0.9999799170908923 -0.0003875245386800313 -0.4876001815571785 0.002368883085373754 0.00040251648954426104 0.9999971131825343 32.11787889392392
0.9999705638702616 0.007108917782864376 -0.002886984750074998 -0.12539625215271516 -0.007116177820812485 0.9999715237505048 -0.002512309956182941 -0.5165079094876224 0.002869042734653388 0.0025327803003486363 0.9999926767820531 33.51270832836441
0.9999669967553122 0.007701921078849663 -0.0025856936896031624 -0.1349998675796593 -0.007706700912235705 0.9999686032305639 -0.0018437229087094938 -0.5493857407844065 0.002571412298840408 0.0018635892277876292 0.9999949574242754 34.84919200132725
0.9999625733541109 0.008023075767309417 -0.003237614284655656 -0.14218016481109108 -0.008025141052041263 0.9999676024576232 -0.0006254168590261035 -0.5767975480539109 0.0032324916270635475 0.0006513757630772546 0.9999945633389689 36.257712089401664
0.9999594406688093 0.007884615594712535 -0.004353143030675895 -0.14870547171034346 -0.007881381951853752 0.9999686530091046 0.0007594851451122159 -0.6021679022217129 0.0043589948211600485 -0.0007251455579868716 0.9999902366163719 37.65568222128755
0.9999343681913873 0.010249519202816524 -0.005119244651503485 -0.15916205324465255 -0.010245892729726062 0.9999472399796266 0.0007341248514277545 -0.6252148482101341 0.005126498986813347 -0.0006816254379294768 0.9999866271080324 39.05824482323274
0.9999028382101388 0.012813886908758903 -0.00548802711346939 -0.17083756391471894 -0.012812776967398284 0.9999178848318084 0.000237360202168696 -0.6477371854401508 0.005490617969987156 -0.00016702027243069143 0.9999849124954509 40.452167233690375
0.9998719734813678 0.014650120737910914 -0.00643510752352636 -0.1827995259007546 -0.01464780170644647 0.9998926322187083 0.0004073572280905594 -0.6707996123870321 0.0064403844328841725 -0.00031304489659852915 0.999979211509543 41.8672752383672
0.9998571600153037 0.01542261785115797 -0.006913929761614732 -0.19450802976192857 -0.015419826829537754 0.9998810030529274 0.00045680895197195863 -0.693187231155594 0.006920152214978077 -0.0003501321017525611 0.9999759941622753 43.28189219847158
0.9998597864127248 0.014800336408501143 -0.00783310646524347 -0.20596396765986952 -0.014800393048787492 0.9998904668967937 5.0739657701567473e-05 -0.7154549481010861 0.007832999444787821 6.520051116645976e-05 0.9999693194636471 44.68521924643464
0.9998581683821628 0.014985834364818347 -0.007685563600494036 -0.21954352803072003 -0.014987408696525215 0.9998876716348364 -0.00014728621320502931 -0.7393020155982755 0.007682493086904117 0.00026245200610686907 0.999970454772996 45.98900259207702
0.999867466710111 0.014474575773702156 -0.007452225900816349 -0.23479960746093714 -0.014470499313244683 0.9998951164376428 0.000600644468728525 -0.76634383532707 0.0074601383586920455 -0.0004927274335611212 0.9999720513871093 47.28431917466674
0.9998637418486425 0.014325707563767717 -0.00820194118662773 -0.24840538636409765 -0.014310135010476248 0.9998956951409845 0.001954194081770033 -0.7881090485410651 0.008229080897246884 -0.001836556921168425 0.9999644540113714 48.698983059842234
0.9998478284031649 0.014753384254310935 -0.00930901125363047 -0.2629181796134492 -0.014737067726579555 0.9998897490716164 0.0018189382403586527 -0.8083094580963365 0.00933482042129229 -0.0016814739203098261 0.9999550158747921 50.11124642147107
0.9998460874842434 0.014573077514581286 -0.009768661843088432 -0.2787727848569505 -0.0145523764986292 0.9998917171062629 0.002186870030760332 -0.830263470338516 0.0097994734905887 -0.002044376199063846 0.9999498941673338 51.478607476026355
0.9998272764208124 0.015430082827787524 -0.010360012976246445 -0.29437684543704395 -0.015404251306935646 0.9998780482952094 0.002568575293043195 -0.8503801623742576 0.010398382884523395 -0.0024085433960959503 0.9999430346535216 52.87856200731435
0.9998307585831755 0.01486815498163779 -0.010834766191920236 -0.3107150175472744 -0.014829718048556956 0.9998834832511851 0.0036193071267536184 -0.8707198790358909 0.010887316179476095 -0.0034580180623393457 0.9999347521000991 54.274491871672566
0.9998510518267686 0.013088069795625474 -0.011250626201630753 -0.3258179579411154 -0.013045914110417662 0.9999076312656535 0.00381222529945912 -0.8888856754678615 0.011299481666323864 -0.0036648827723499266 0.9999294426850003 55.70492464160654
0.9998741003200922 0.011074065186929855 -0.011364356089161698 -0.3390371610912622 -0.0110371605542186 0.9999336268311543 0.003304999121724405 -0.9080942600466948 0.011400201576552882 -0.003179152800641492 0.9999299617430623 57.12495930924364
0.9998786337542337 0.010205957952222892 -0.011770989085198294 -0.3522115697476677 -0.01016149825817281 0.9999410331017793 0.0038307013059685245 -0.9276422136373809 0.011809390962939181 -0.0037106255030461494 0.9999233818365577 58.51061603903436
0.9998632310203767 0.011537121661793652 -0.011849644604507945 -0.3710113367166198 -0.011489652926466976 0.9999257241165468 0.004066217607182165 -0.947672357601362 0.011895676908923717 -0.003929513170941322 0.9999215228192239 59.928481150025554
0.999856676844465 0.012014917561086686 -0.011927595128205936 -0.38965557167520615 -0.011963500977466035 0.9999188735195412 0.004372759286060747 -0.9667745260188586 0.011979165826729333 -0.004229436772426359 0.999919302469295 61.33533678705991
0.9998805933263515 0.010000468355820436 -0.011780904973989488 -0.4050053540338846 -0.00995460328841061 0.9999426682072555 0.00394539882967038 -0.984649094341763 0.011819685389734375 -0.0038276534873253813 0.9999228190745854 62.766112116641004
0.9998904746818097 0.008046977125374995 -0.012421143253646974 -0.4181009041165025 -0.008008096995573316 0.9999628887043196 0.0031767273446568524 -1.0039356486194548 0.012446245341202995 -0.0030769096926125065 0.9999178084240962 64.1070728976263
0.9998924270860831 0.007444038144862334 -0.012638059661140318 -0.4344566157748124 -0.00740624135044351 0.9999679680179303 0.0030348850309347888 -1.0239688848700033 0.012660246638975393 -0.0029409580394568965 0.9999155308929089 65.52989199299081
0.9998934962284918 0.007667198503791851 -0.012418142657626868 -0.45129367848084406 -0.007631464953005142 0.9999666097111324 0.0029223629985582183 -1.0449408077733293 0.012440134349466402 -0.0028272831354040555 0.9999186214524843 66.9346163854683
0.999862381534393 0.010821758172360064 -0.012574082170452455 -0.4717756309086193 -0.010768577784341826 0.9999328171202605 0.0042894030403698245 -1.0663419963592533 0.012619656289808823 -0.004153407757385813 0.9999117428448998 68.33466759365528
0.9998305551869698 0.013963090466646616 -0.011995541635726734 -0.49329370810259593 -0.013896409249619636 0.9998876221103026 0.005624318676266608 -1.0852661559257035 0.012072726472561888 -0.005456670708899172 0.999912233158636 69.73501148578649
0.9997914270826891 0.01649410906288485 -0.01204353345907371 -0.514375340289035 -0.016419844692597347 0.9998457174291917 0.006239394103295325 -1.1030518428650693 0.012144588598596094 -0.006040339785716855 0.9999080074002012 71.13109014692266
0.9997395151352422 0.019645111480237724 -0.011617722327455615 -0.5389386724604537 -0.01957717345036063 0.9997907456069024 0.005932897984021861 -1.1206273873012615 0.011731843710317788 -0.005703910388790144 0.9999149110046465 72.53452350799782
0.9997101134892987 0.02122797377942695 -0.011360550885912665 -0.5623946835385353 -0.021163349658073472 0.9997593301880872 0.005778783013524906 -1.1380800490003529 0.011480488598555825 -0.005536680511574108 0.9999187684759437 73.94667181875377
0.999686482626361 0.022607380964303134 -0.010763028387367332 -0.5840766911496594 -0.022545747502154326 0.9997289081994674 0.005813723408449601 -1.1577439378301622 0.010891543678538519 -0.005569240184775417 0.9999251761207234 75.36922706322417
0.9996786673466691 0.023286461290611356 -0.010015127185733403 -0.6053055637297572 -0.023225655411990745 0.9997113594330242 0.00614546591054412 -1.1784012933044679 0.010155342567782832 -0.005910883278754025 0.9999309628550328 76.77216987979037
0.9996916422236337 0.022636426677698458 -0.01020845999536773 -0.6210094205756823 -0.0225780279795065 0.9997282591216389 0.00580004880784496 -1.1952975131271906 0.010336978319047726 -0.005567773422288671 0.9999310710135708 78.19414003309878
0.9997177974750358 0.021325608713530283 -0.010466318581929214 -0.6379860571845373 -0.02127481333031853 0.9997614568959078 0.004940811991121933 -1.2117588358291833 0.010569187737056044 -0.004716748707416475 0.9999330200329457 79.57558376015523
0.9997282172549655 0.0207506610915818 -0.010625520621048242 -0.6594773538453776 -0.020701106802266788 0.9997744127899706 0.004752652694024831 -1.2307945015443185 0.01072174432483593 -0.004531400967823444 0.999932253007122 80.98560450726663
0.9997183178051393 0.020809082071163717 -0.011413463462742357 -0.6791749907855685 -0.0207584988360175 0.999774244606157 0.004532609431897769 -1.2501093258357168 0.011505206253468106 -0.004294406308518279 0.9999245913085245 82.40524482375416
0.9997362280347671 0.01939387135770315 -0.01230252447972386 -0.7020360738456488 -0.019343509214343177 0.9998040771423239 0.004199521503676212 -1.2688188577583202 0.012381559113777368 -0.003960439792002926 0.9999155023853582 83.79672810738305
0.9997380269963205 0.019050580488481315 -0.01268671590890781 -0.7277747067603265 -0.018995761681559777 0.999809760842157 0.004427545921352834 -1.2890952740911314 0.012768649718698684 -0.004185392191921621 0.9999097179628561 85.18333311933036
0.9997308600910436 0.018381598011068673 -0.014153594461434889 -0.7532397300030255 -0.0183103656983562 0.9998191079150023 0.005146062187813171 -1.3081750516330346 0.014245627034698888 -0.004885519686569357 0.9998865904730285 86.5313935478524
0.9997286517589565 0.016634940562201314 -0.016306489650082433 -0.7858124224679709 -0.016534006823139092 0.9998434233199076 0.006305193280133933 -1.328214219007875 0.01640882294951728 -0.006033870765892019 0.9998471597864294 87.84856676958265
0.9997282496167506 0.015376421006957545 -0.017521204160735965 -0.817571074674137 -0.015262571097555648 0.9998616505721454 0.006613141359192604 -1.348204480140661 0.01762046655788247 -0.0063439256112757395 0.9998246215042511 89.14204996617441
0.9997395872263262 0.013597463500731715 -0.018326666878583087 -0.8533837340906987 -0.013474237260462011 0.9998858869124051 0.006830672268646709 -1.3666137904995648 0.01841745538289863 -0.006581955616619696 0.9998087193045867 90.51289246161988
0.9997315733945603 0.014283100228564998 -0.01824209982142954 -0.8895180354612751 -0.01416905812844506 0.9998793510810564 0.006365616504161285 -1.3861619761457844 0.018330819670352362 -0.00610543443057681 0.99981333493839 91.90567536704454
0.9997252265182538 0.014349621253922133 -0.018535367082755747 -0.929158930064249 -0.014243031573493133 0.9998813332127429 0.005869884522205635 -1.405160140867674 0.018617398169991313 -0.005604271815012045 0.9998109744460708 93.27938748196033
0.9997197400097584 0.015298337912388296 -0.018066607095326617 -0.9617990733324671 -0.01519553676085174 0.9998676391579794 0.0058137618800816445 -1.427307906219346 0.018153156677782667 -0.005537600722972965 0.9998198827193141 94.56342751924555
0.9996914240806022 0.01737874109531655 -0.01774925287545924 -0.9957761674155505 -0.01728642200586002 0.999836310325487 0.005341551174685767 -1.4462135811967987 0.017839176940945445 -0.005033081825127114 0.9998282011692856 95.89844660569973
0.9996782368078223 0.01880034953940251 -0.017028496997603833 -1.0271835351845302 -0.018714787089585478 0.9998114952760356 0.005170170025216533 -1.470370062570309 0.017122488049129966 -0.0048498217590393165 0.9998416372765795 97.19062670832903
0.9996509377894849 0.020484899423605 -0.01668446799289118 -1.0645861174350453 -0.020397061681570863 0.9997772781937013 0.0054179223281025585 -1.4876344986899295 0.016791737592018734 -0.005075717013383115 0.9998461254840363 98.54041538584214
0.9996229593716784 0.021719706457667364 -0.01679861447851961 -1.097393787553678 -0.021605995389388406 0.9997426057242095 0.006921218317775908 -1.5044892978888633 0.016944617441503135 -0.0065556579503016155 0.9998349380215706 99.86094351344742
0.999584021366843 0.024070195259706453 -0.01588741414603971 -1.1261791258824192 -0.02394154316794306 0.9996794102399944 0.008238886633231737 -1.5206500187639853 0.016080632413735977 -0.007855090220826911 0.9998398425841987 101.20214517885532
0.9995894387363512 0.02397513539252948 -0.015689067838897914 -1.1615914788296418 -0.02386885348517221 0.9996911006652045 0.006926837957965129 -1.5361499826040357 0.015850293374163226 -0.0065495140050544345 0.9998529252176285 102.54042927875658
0.9995867675911867 0.023920513486196195 -0.015940611379638644 -1.197322893262641 -0.02385063978549332 0.9997051369104818 0.004559190346774413 -1.5514889920074988 0.016044969255894565 -0.004177112561588881 0.9998625458992967 103.8699862266566
0.9996008546168819 0.02299793844473767 -0.01640811617732999 -1.2333260766200644 -0.02294331508306322 0.9997306072830104 0.0035095803941235845 -1.5699757248076611 0.016484409064203193 -0.003131722981936599 0.9998592183747501 105.22229318585596
0.999622372016688 0.022941551219607184 -0.015126089757956988 -1.2575938333274577 -0.02286723877133125 0.9997256663969786 0.005067675807737057 -1.597524426521531 0.015238200507361606 -0.004719870205369911 0.9998727519392354 106.4783418829136
0.9996419441284278 0.022519592783168462 -0.01445169471082971 -1.2808878751720503 -0.02241161929651634 0.9997200140164205 0.007590315903590502 -1.6209004226258974 0.014618579262116153 -0.007263712266365539 0.9998667589356427 107.74515888847591
0.9996740245926296 0.021511476275961273 -0.013751397863525833 -1.3171535341448932 -0.021398009197936357 0.9997362009021595 0.0083458856978964 -1.637804036694481 0.013927302579367551 -0.008048912606437952 0.9998706142540216 109.07668911129323
0.9996777816844197 0.021217085903656733 -0.013934420413942524 -1.3508941950623947 -0.021117242262516225 0.9997505462941086 0.007273737956385482 -1.6544774573757313 0.014085271944192115 -0.006977137693124226 0.9998764547002131 110.4250569964614
0.9996498197958515 0.022799242714291835 -0.01343250958586968 -1.3804911342150101 -0.02273652482712258 0.9997299520151345 0.004803486504951902 -1.6705769198899698 0.01353839801842553 -0.004496395831377285 0.9998982419244572 111.73772581473294
0.9996098852664439 0.025251363142544097 -0.011935071723642911 -1.408589867526666 -0.025218032772022204 0.9996776664725121 0.0029349581228345365 -1.6858782490968538 0.012005336343241243 -0.002632834122565186 0.9999244671892806 113.0147906754445
0.9995431021492294 0.0280500557953673 -0.011259720945503723 -1.4341798579529308 -0.02802025858333725 0.9996034465883544 0.002795474486857803 -1.7050514194048068 0.011333669080079474 -0.0024786969481036406 0.9999326997386477 114.34718947636618
0.9995578711638344 0.027627620873425334 -0.010989848010613328 -1.4522953919046846 -0.027576533365937364 0.999608298378143 0.0047733239018124375 -1.7237683071544674 0.011117418852388922 -0.004468151567319827 0.9999282167333964 115.65527316867627
0.9995510015675229 0.028237224189084423 -0.010022696017342559 -1.4721429353880937 -0.02816908375424051 0.9995795238402394 0.006875917376451891 -1.738013963373224 0.010212638533075214 -0.006590499936772201 0.9999261309340677 116.96508862352802
0.9995712695158354 0.027478887673790777 -0.010108802634876056 -1.4907926183362463 -0.02740212520569998 0.9995951775575793 0.007655360072741296 -1.7518442409201778 0.01031507114424472 -0.007375075311030266 0.9999196005536864 118.30376140957966
0.9995478167448654 0.028694346637085165 -0.008988687982258162 -1.5185770199668316 -0.02863423961776192 0.9995671936246902 0.006745795043914896 -1.7710171951976987 0.009178363802126577 -0.006485360462820185 0.999936846874632 119.66613893430413
0.9995100837864919 0.030139892172245684 -0.008436783093346637 -1.544263672892701 -0.03009132046366201 0.9995301742011973 0.005826087373017103 -1.793885592772112 0.00860841692019928 -0.005569359134607441 0.9999474373170603 121.03201904588566
0.999460860385889 0.03206001124485014 -0.007081259469703095 -1.5745679262123655 -0.03202475650609838 0.9994743829798782 0.005037135864525325 -1.8191512396449698 0.007239028071660422 -0.00480764453476535 0.9999622408004232 122.39672244109721
0.9994641377153252 0.03208735151897588 -0.006468330036254453 -1.6023992200711805 -0.03206091435335425 0.9994772998928934 0.004150273441456046 -1.8442446464231812 0.0065981203222675545 -0.003940668891146093 0.9999704675323675 123.76201994133385
0.999459234308928 0.03231728162583986 -0.006068958965615933 -1.629486161163696 -0.03229784863123874 0.9994729285947166 0.0032732216690557784 -1.8712989012556582 0.0061715418173879785 -0.003075437305057211 0.9999762265959014 125.09830960901724
0.9994948497329657 0.03138041948541695 -0.005031364645357475 -1.6561903674986456 -0.031362752666437684 0.9995017541710568 0.003552626375637258 -1.9026515320890338 0.00514034069485147 -0.00339303432052792 0.9999810319279258 126.46323315295595
0.9995296558081876 0.030323555094534868 -0.0045770259332348065 -1.6759808660727347 -0.030303054422637036 0.9995306998777509 0.00448384818573271 -1.9288480387736529 0.004710844151900382 -0.00434304136783294 0.9999794727588425 127.78015760100135
0.9995772094192034 0.028767419748481612 -0.004223502187957932 -1.6987656770701172 -0.02874345258935992 0.9995709676176858 0.005629798316694331 -1.9582575951347063 0.004383644940028148 -0.005506020056093613 0.9999752333933978 129.10708321950327
0.9996176298933432 0.02736379276992199 -0.0039770405653939585 -1.722683399804638 -0.027338746192389688 0.9996068667314539 0.006221329436160786 -1.9846434439419938 0.004145716227881848 -0.006110223283146581 0.999972738732605 130.46753865608576
0.999664406268561 0.025495841846309653 -0.0045865987694887035 -1.7449323958983862 -0.02546416029353569 0.999652348227854 0.006838071590922358 -2.0119929178166336 0.00475934662211425 -0.006718982890692911 0.9999661013697633 131.82605340916078
0.9997191316589858 0.02312598728019127 -0.005181361531404341 -1.7682289199359473 -0.02308422368454133 0.9997016732868595 0.007980165683436482 -2.0392615348085807 0.00536436500293804 -0.007858316598958531 0.9999547341996757 133.17709306038446
0.9997745402014881 0.020319736974977107 -0.006162552569358779 -1.7889765311525105 -0.02027273645396073 0.9997656332400591 0.007595705942962544 -2.065375917839822 0.006315451018780386 -0.007469061612508789 0.9999521629543366 134.53720594645213
0.9998057875297175 0.018346829186632233 -0.007195907231010255 -1.8169546602287692 -0.0182918291122799 0.9998035309001393 0.0076360059809867 -2.0915339857726822 0.007334589954995144 -0.007502896668024572 0.9999449536508394 135.89499847311077
0.9998270733103402 0.016567755544196566 -0.008445883725636535 -1.842334980079358 -0.016495473160975993 0.9998273210541611 0.008557303246669826 -2.116241362823756 0.008586200607646477 -0.00841650461222999 0.9999277171922158 137.25546040001933
0.9998463004962229 0.014865830369633638 -0.009294217096541291 -1.8703022078622134 -0.014783076792051139 0.9998510255324528 0.008909959722868248 -2.140947027812012 0.00942528644533847 -0.008771193141419994 0.9999171116379085 138.60432017462506
0.9998502059210214 0.013691029485758925 -0.010588740780230543 -1.9014977307511127 -0.013595015714393253 0.9998662922733311 0.009086975476315698 -2.16432467559224 0.010711735032955116 -0.00894166020389064 0.9999026479839827 139.94165766789794
0.9998449352652171 0.01311724594847374 -0.011749182236248464 -1.9289983758153626 -0.013015109151424188 0.9998772088399115 0.008727781865085691 -2.184947283388191 0.01186222400184052 -0.00857351160466078 0.9998928855334921 141.2735078287989
0.9998414418299929 0.012271419699487975 -0.01290362188997039 -1.9608893123252766 -0.012163181729945084 0.9998904607769735 0.008433472441154862 -2.208408092664927 0.01300569911710379 -0.008275186147175569 0.999881179483194 142.62440267871966
0.9998537967387267 0.009544093532443279 -0.014187861917720347 -1.9773494905948674 -0.009457574281229458 0.9999363469084427 0.006152757114797945 -2.2313887580418106 0.014245681305832708 -0.006017674803663264 0.9998804169269885 143.92132831397123
0.9998766407640967 0.0036181412615896857 -0.015284381181978262 -2.007016300309774 -0.0035465895122330417 0.9999826380559553 0.004705878184170063 -2.25614876025387 0.015301142347437555 -0.004651090244632027 0.9998721130236595 145.26223972839094
0.999864052736645 -0.003059887499378419 -0.016202257050856875 -2.036039689040046 0.003170497209521838 0.999971815964287 0.006805528967770794 -2.285675306615253 0.016180976252850355 -0.006855972985499632 0.9998455738972517 146.62401241578902
0.9997839701382312 -0.010373081588271512 -0.01801144727662438 -2.059113455196986 0.01051845849306502 0.9999127134143444 0.007995472674797393 -2.309756191739898 0.017926937428496388 -0.008183198074519876 0.999805811237215 147.9667306688101
0.9997326305244387 -0.013795150050423966 -0.018556974423958764 -2.089785324175625 0.013905480405912057 0.9998863199292362 0.005829651194582742 -2.3342390491291862 0.018474443952822155 -0.006086136168045506 0.9998108090369776 149.29910431718233
0.9997260010378184 -0.01380736389562439 -0.018901839888878103 -2.124736498614927 0.013858853717377342 0.9999005921016317 0.0025957828196984337 -2.3577316016758982 0.01886411997871384 -0.0028570294119090343 0.9998179746135624 150.61270972743583
0.9997676312264993 -0.012364816168286538 -0.01765771425972563 -2.1603630927414685 0.012359900385893543 0.9999235384290426 -0.00038750225067517123 -2.3860220963103895 0.017661155517248183 0.00016916461795967244 0.9998440153189524 151.91716857189522
0.9997880095411955 -0.011674814087986122 -0.016959796392184145 -2.191210520241288 0.011668616342150261 0.9999318115606988 -0.00046435072886125573 -2.4128472429348613 0.016964061138568343 0.0002663549335958173 0.9998560644836507 153.28775401014786
0.9997935710825987 -0.01295737997028189 -0.015649968888442344 -2.2154533008326993 0.013004768436877335 0.9999111414378397 0.00293005569572483 -2.44121903506424 0.015610612409725437 -0.0031329750689381617 0.9998732385894767 154.69652486492922
0.9997487111656775 -0.016852139979474115 -0.014782418634225032 -2.235145834214144 0.016936548047624695 0.9998408641747786 0.005603540529210164 -2.464905441020988 0.014685634572457973 -0.005852495565501153 0.9998750324079795 156.07779011140565
0.9997160991861189 -0.0191690492963214 -0.01415162807466627 -2.2563229029490612 0.019266376242269557 0.9997914419463503 0.006773430248325551 -2.4826083465943545 0.014018836420323671 -0.007044157856892467 0.9998769184582197 157.4511248499171
0.9996958249407737 -0.020430348101393134 -0.013815153724824357 -2.2749018409238073 0.02052564774049517 0.9997662563409796 0.006791941311270321 -2.503474317368115 0.013673162794969279 -0.007073440350956236 0.9998814985090891 158.8977902207226
0.9997353732832208 -0.018752718040707078 -0.013323624594818536 -2.296338035948972 0.018849364660819018 0.9997966571175245 0.007165603150222323 -2.5256476888949746 0.01318654079512066 -0.007414848798778526 0.9998855610314351 160.2750981385437
0.9998014285187666 -0.015482951620737635 -0.012545187959618476 -2.315714742753157 0.015568630541442283 0.9998559430177291 0.006760987737880249 -2.5452690715888746 0.01243870069164497 -0.0069549565949467845 0.999898448495578 161.63938127704208
0.999862439615651 -0.011958637120877946 -0.01149316510141577 -2.3365682490405657 0.012006424466044894 0.9999195231522776 0.004097925141219823 -2.570789347281431 0.011443234568005663 -0.0042353532477282935 0.9999255543116631 162.9940037371785
0.9998808519658658 -0.0102930497756737 -0.011503694985902561 -2.3534264706956227 0.010338134923906324 0.9999390842622871 0.003866617513306084 -2.59302054433424 0.011463194943308098 -0.0039850835643183485 0.9999263544235022 164.38614356221058
0.9999079096572464 -0.00809035909756604 -0.010895792515780177 -2.3716527079946306 0.008144536361444823 0.999954644505143 0.004937151005419143 -2.613993399280727 0.010855355007165994 -0.005025437519822356 0.9999284505630396 165.8025019660779
0.9999157392233888 -0.007124398692589316 -0.010851608019613825 -2.386777018711678 0.007175465407729563 0.9999633312750661 0.004674270152104282 -2.6341373646730815 0.010817908740823784 -0.004751741632434152 0.9999301944645597 167.21815121107954
0.9999292335450933 -0.005183631192780458 -0.010707841499473824 -2.4058271638349273 0.005207737821419112 0.9999839650678884 0.002224651408071586 -2.656213962192162 0.010696138027530357 -0.0022802576085406033 0.9999401947399319 168.59070256062182
0.9999366367054588 -0.0016788699342210767 -0.011131216012524817 -2.4249308819030007 0.0016694124375385823 0.999998237696809 -0.0008588744900728438 -2.6785471456183023 0.011132638334505951 0.0008402374784993189 0.9999376772402824 169.94853201283007
0.9999353474107675 0.0026246472875047122 -0.011064005835235837 -2.4301310896982895 -0.0026490864705308475 0.9999940825468849 -0.0021948148180337248 -2.7042719092181984 0.011058179749741296 0.0022239824257408516 0.9999363832578504 171.3426222981036
0.9999215394408533 0.006673738831014985 -0.010600762814432977 -2.4404137849711076 -0.006685303741205199 0.9999770956432147 -0.0010558896007612022 -2.728762937235841 0.010593473279349395 0.001126676074375688 0.9999432528523313 172.71413967616624
0.9999054389582156 0.008342009613681896 -0.010932704028828165 -2.451800082790322 -0.008330889806028873 0.9999647333159349 0.0010622614701661344 -2.7514293232547975 0.010941179864005557 -0.0009710818690687722 0.9999396719718571 174.09259577827135
0.9999087171049968 0.008045249719459073 -0.010855017935943656 -2.453326682204415 -0.008008435744417198 0.9999620471099937 0.0034306408320233946 -2.772260439265622 0.0108822063188333 -0.0033433959595520293 0.9999351975448659 175.4303919460349
0.9999119612656925 0.005788692526136146 -0.01193988093042832 -2.462415201532616 -0.005728791250999489 0.9999708639236914 0.00504502274615011 -2.778062816289967 0.011968737134611222 -0.004976177503320772 0.9999159899655851 176.8246165062375
0.9999153572764473 0.002908181586161593 -0.012681512629615675 -2.466816684083414 -0.0028469212342463073 0.9999842052393824 0.004846061415953138 -2.7836470864356304 0.012695405554734683 -0.004809547964528773 0.9999078432166515 178.21798027096781
0.9998796553734188 0.0027417005136526856 -0.015269507150700029 -2.4827689597760996 -0.0027370422096709814 0.9999962011671869 0.00032596186591771215 -2.797785497890974 0.01527034283421042 -0.0002841293525663417 0.9998833611478065 179.58108849081384
0.9998506703171671 0.004206031521122556 -0.016761454744549337 -2.5059405434546105 -0.004265533505817687 0.9999847222067243 -0.003515761233603638 -2.8177792989724817 0.016746411263939446 0.0035867327729128253 0.9998533357736988 180.97395789895936
0.9998262652608843 0.008066306543977912 -0.01680398741993641 -2.5359416718351686 -0.008140978934472897 0.9999572687953941 -0.004380073657498919 -2.84262777584414 0.01676793834850516 0.00451611359414557 0.9998492091118258 182.3060935502413
0.9997841031973473 0.011415904797658756 -0.017361569961422373 -2.5589621284238064 -0.01148107125403294 0.9999273977134573 -0.0036584566218269554 -2.870772038597911 0.017318544879244033 0.003856996194548622 0.9998425834018169 183.71374765327383
0.9997516666803468 0.013242232597755648 -0.017923399390030438 -2.581255390465101 -0.0132479445720038 0.9999122221324735 -0.00019998679127351295 -2.8954794248963514 0.01791917784064661 0.0004373853295507554 0.9998393429744536 185.0727485194168
0.999729590135161 0.014513894399199827 -0.01816847482729955 -2.6048886492937067 -0.014486387592543856 0.9998937141419156 0.0016446865975568463 -2.918153293759608 0.01819041458295914 -0.001381046289762664 0.999833586917565 186.47850811290772
0.9997390250835175 0.014201476152790804 -0.017894127532187366 -2.6332711542362937 -0.01415423252756631 0.9998960034018688 0.0027640699206456392 -2.9445312917140822 0.017931520476860162 -0.0025100709257604437 0.9998360666215907 187.90684927844262
0.9997628038623378 0.012367370858272672 -0.017927190280945672 -2.655400863986442 -0.0123046831699707 0.9999178035869787 0.003602893542700972 -2.966218158012787 0.017970275050814454 -0.003381450553733423 0.9998328035260442 189.34409637469966
0.9997985578397002 0.009641762989679503 -0.01760341296752909 -2.6732014842410083 -0.009565898921904415 0.9999446146788169 0.004388752972033124 -2.99190448920179 0.01764475331282453 -0.004219476423025492 0.9998354158056433 190.7300695044247
0.9998115700453086 0.006791561815110978 -0.018185133808836407 -2.7029187076818846 -0.006718246687168632 0.999969069450612 0.004089658118816263 -3.0254267308200578 0.018212346498573583 -0.003966715289755299 0.9998262727118269 192.1614950907174
0.9998347217057272 0.0032978442941543917 -0.017878856077548785 -2.7332282907834116 -0.0032138983818967653 0.9999836868270043 0.0047219632637281374 -3.058169754625097 0.017894136716283083 -0.004663721999076491 0.9998290101653847 193.57012408759536
0.9998536889430221 0.001635470573303216 -0.017027211839672794 -2.7534352197022125 -0.0015356271334596178 0.9999815618744406 0.005875181738665714 -3.0851638349348414 0.017036506576649332 -0.0058481746861074255 0.9998377649881521 194.97748718286695
0.999859834881577 -0.00174480710728132 -0.016651313423959126 -2.779700247288624 0.0018402770703944298 0.9999819480125542 0.005719880184259682 -3.1183886955804354 0.01664103274705992 -0.005749721486862351 0.9998449963529015 196.39656126210556
0.9998505255638863 0.0003510479772788091 -0.017285927656245793 -2.808578296487551 -0.00032310641013338714 0.9999986368948715 0.0016192006200181326 -3.1525347314059355 0.017286472510811585 -0.0016133733968876655 0.9998492760883583 197.77064660970987
0.9998362065869181 0.005410142771211493 -0.01727108430515337 -2.844852975981195 -0.005477531326857685 0.9999775602504971 -0.0038568959056952514 -3.1965562965112735 0.017249830388844378 0.003950867076881232 0.99984340473941 199.17164094621486
0.9997513483792818 0.014958699476732487 -0.01653719213686258 -2.8920272179095865 -0.015021750664272644 0.9998803395984308 -0.0036950631263203467 -3.234556811275321 0.016479939950956448 0.003942561919852448 0.9998564235852665 200.58739462881576
0.9996889702445608 0.019588397660821138 -0.015435590317504529 -2.921609941737694 -0.01959641498461906 0.999807903982674 -0.0003683117196859754 -3.2654263732616 0.015425410565651086 0.0006706793971762606 0.9998807963442573 201.96895784914366
0.9996796374735492 0.02069153187631118 -0.014576794207352275 -2.952339607851394 -0.02066749188271512 0.9997847879601812 0.0017979273327267487 -3.290978202864801 0.014610858976453272 -0.0014960855682276016 0.9998921364466976 203.43188768711607
0.9996965182231491 0.01959132554338828 -0.014934905957673229 -2.9814101333367775 -0.0195681298093302 0.999807084464773 0.0016976895523214243 -3.314207049556072 0.01496528477098795 -0.001404926156009658 0.999887026835641 204.88856913732874
0.9997031730496695 0.018699413638248702 -0.015617225233914551 -3.008643859347582 -0.018681213157389794 0.9998246320623579 0.0013104946927174868 -3.340207894520086 0.01563899195566341 -0.0010183569890527013 0.9998771848980514 206.360590761938
0.9996997402183114 0.019086107872304917 -0.015367169346558884 -3.03635988881664 -0.019075050723138216 0.9998176797981049 0.0008657961913343341 -3.3697203791232804 0.01538089228064427 -0.0005724066928022748 0.9998815432356115 207.85049199668646
0.9996816134503812 0.01997142188009367 -0.01542122035795456 -3.066637507041026 -0.01996284096597206 0.9998004704026554 0.0007101853262578161 -3.401155454054145 0.015432326778829688 -0.0004021078432951445 0.9998808336994327 209.3389559126188
0.9996666710921169 0.020921508628957728 -0.01512736541147882 -3.0971849943567684 -0.020907571514089354 0.9997808307003541 0.0010788964244566066 -3.4327708228235814 0.015146622098250085 -0.0007622603229294712 0.9998849927857762 210.78874447249584
0.9996493012247737 0.021487669343739964 -0.015477552357986864 -3.12477376073117 -0.021457113926418935 0.9997674845194878 0.0021375592449721236 -3.457876293619198 0.015519884753721777 -0.0018047060013155025 0.9998779306562771 212.25291133124168
0.9996506687214834 0.021031946128074182 -0.016006179017968684 -3.152252719654301 -0.021007807396052913 0.9997779089518288 0.001674753808950164 -3.485165345395015 0.016037847520780964 -0.001337914039104656 0.9998704903300841 213.72588156654433
0.9996573611411336 0.020340080488352785 -0.01647548002552309 -3.181217133771197 -0.020325122825078944 0.9997928456072552 0.001074827751031101 -3.5156732720237063 0.016493929140430276 -0.0007395933181561212 0.9998636923617304 215.22739705247676
0.9996599902873472 0.020647910936056224 -0.015923805847736484 -3.209692742645445 -0.020634818899181784 0.9997865932058149 0.0009860501559515618 -3.5529852245950635 0.015940767475177826 -0.0006571300394676044 0.9998727219563561 216.6415696918016
0.9996499492174123 0.02115590071005183 -0.015887318677812037 -3.242014725916917 -0.0211411476648074 0.9997759002202792 0.0010959991546396924 -3.5833649407836754 0.015906945182489803 -0.0007597393491124214 0.9998731879048871 218.152545053985
0.9996418797141147 0.02130429524852158 -0.01619380516105279 -3.270026406654741 -0.021290923457629212 0.9997728247739083 0.0009977083358278314 -3.615517800049789 0.016211381802662392 -0.000652569970061642 0.9998683739635339 219.64445020419882
0.9996418605748503 0.020963145118114576 -0.01663421573766991 -3.2948173586836527 -0.02095301718485887 0.9997801548815312 0.000782927783842895 -3.6403682593185756 0.016646971415290087 -0.0004341103783284118 0.9998613353314932 221.11684884963552
0.9996249440760877 0.021514556623097904 -0.016943878959338993 -3.318534106810475 -0.021505205931500612 0.9997684669547483 0.0007338942691036911 -3.668401021540918 0.016955745301253117 -0.00036923741141153664 0.9998561728393799 222.5222084091342
0.9996599455767903 0.020582891547791686 -0.016010552299628535 -3.3359364815502226 -0.02057224139911417 0.9997880248356239 0.0008296258800345165 -3.6965840106137002 0.016024234559687017 -0.000499970815243304 0.9998714787091183 223.78440791399083
