0.9999912999392994 0.00037994885284678973 -0.004153996218019123 -0.004631216637790203 -0.0003774797885666831 0.9999997516522585 0.0005951507627803824 0.0014386832481250167 0.004154221313233133 -0.0005935775353185356 0.9999911950167313 0.09810904413461685
0.9999228515580798 0.00010388676456047593 -0.012420955659623676 -0.015752411738809938 -9.312902127980148e-05 0.9999996201036553 0.0008666715241850938 0.00038518770206987093 0.012421040976648604 -0.0008654479103834059 0.9999224813659162 0.27894692386741987
0.9997799127427339 -0.00010268044796206223 -0.020978930689073527 -0.029963074246061726 0.00010576607752536776 0.9999999837527379 0.00014597281010429188 -0.0015586934851030193 0.02097891535966981 -0.00014815954255854055 0.9997799073591558 0.4625413409198699
0.9994715669798448 0.0005311515652280071 -0.03250084117170039 -0.049819846593572276 -0.0005609265645348469 0.9999994313385551 -0.0009070192699917686 -0.004402245362939955 0.03250034092502014 0.0009247705562425226 0.9994712965559222 0.6726661410676373
0.9990212224245669 0.0003975313121727447 -0.04423165285380865 -0.07159065009386388 -0.00048197858687110796 0.9999980815882837 -0.0018985563974281993 -0.008692657915570593 0.04423081326367168 0.0019180168425381536 0.9990194974921291 0.9043980129175657
0.9983324624070916 0.0002077231228122199 -0.05772565595380787 -0.09392366799647739 -0.00035315662723110254 0.999996789590403 -0.0025092009254776117 -0.009870259996065752 0.05772494941175598 0.002525402936567567 0.9983293307097706 1.0944950994574683
0.9972364108108861 0.000973753206220303 -0.07428723145813745 -0.12386161022728612 -0.0011586605074033508 0.999996337214516 -0.0024460301267579293 -0.00986407961877294 0.07428457753026597 0.00252534398563825 0.9972338863972205 1.2634618151555195
0.9957658310491574 0.00012940062592189312 -0.09192601900691023 -0.1526584332780795 -0.0003988057922560354 0.9999956796912898 -0.002912310542477449 -0.012614833465434051 0.09192524500332253 0.0029366399564422735 0.9957615806390834 1.4926860322297428
0.9938077864340753 -0.0005253843704739764 -0.11111168972824859 -0.190068036830162 0.00018482113925321733 0.9999952540798763 -0.0030753306928369244 -0.014097104747839189 0.11111277813172439 0.0030357517993211095 0.9938031670038407 1.6849164164000903
0.9913384541673935 0.00013037427037752885 -0.13133184035698442 -0.24406751997042045 -0.000555744066324004 0.9999947183700751 -0.0032022461627759617 -0.017440350756588903 0.13133072922029929 0.003247496651867594 0.9913332907392757 1.9584906169316287
0.9869684333006782 0.002944322531514268 -0.16088704930116432 -0.33696976886837426 -0.0034655430242514452 0.999989616654674 -0.0029591543362429335 -0.02527959998936325 0.1608766660505865 0.0034781529105346438 0.9869683889430197 2.388798379735514
0.9825186385159429 0.005577125198979113 -0.1860806831546274 -0.4331159505819071 -0.006212427669782855 0.9999766947662796 -0.002831195287386067 -0.030414412888041354 0.18606055657023507 0.003937714923977215 0.9825303881763418 2.7550803670269186
0.9766918327687817 0.008498982129723082 -0.2144780434112467 -0.5264649957555222 -0.00925952785722961 0.999953899673485 -0.0025415884111461484 -0.03409667720224277 0.2144465549889277 0.004468314061156768 0.976725503518175 3.0527994372151426
0.9688455787819894 0.008292981526098838 -0.24752670751254174 -0.6453823350979175 -0.00917199893981745 0.9999550603012494 -0.002398293846323016 -0.03956387161932594 0.24749569473031166 0.0045938910885116434 0.9688781023713086 3.4073821784083536
0.9602385092207144 0.010050728062677306 -0.278999978987436 -0.7716352276465919 -0.010745623372369171 0.9999418019932151 -0.0009613557619866371 -0.03900463931522633 0.27897407941943075 0.003921159518818693 0.9602906265918196 3.7274866777014743
0.9512433548969244 0.012804844663222847 -0.30817546254949363 -0.8858223846850217 -0.013322132977313755 0.9999111659321234 0.00042546115766415454 -0.03639590555505203 0.3081535340335698 0.0037008373934347503 0.9513294399235258 3.9872887125255683
0.9402171931089512 0.017472508970788052 -0.3401269486715076 -1.0379540084623018 -0.017698822141368087 0.9998403929522526 0.002437276326855972 -0.04097938298295047 0.3401152473458562 0.003728277263155828 0.9403763706471556 4.312348969667125
0.9287988488931614 0.019834902203805516 -0.37005307044977126 -1.18647209394691 -0.018915564567187897 0.9998023952520652 0.0061132532532084255 -0.041717428003355574 0.37010120198648716 0.0013217801628064175 0.9289905022040641 4.596295231027268
0.9138442222636276 0.026011792126042443 -0.40523095156438477 -1.364914398369605 -0.024926649664197206 0.9996576275316331 0.007955492086929536 -0.04315994670651226 0.40529914824966473 0.0028309694838301197 0.9141797339910126 4.90449590619631
0.8977473418730408 0.028926772471205002 -0.43955995267345316 -1.5563361887896725 -0.027774856145216745 0.9995732032877744 0.0090536531372798 -0.04114684268294641 0.4396342428951616 0.004080821414469985 0.8981676232032537 5.219849517045073
0.8803610001611352 0.027245630636123605 -0.4735210502253573 -1.7701062646964982 -0.02562733138187666 0.9996228320564751 0.009870841789635935 -0.03802115812789906 0.47361139057409624 0.0034451767200632697 0.8807271890181653 5.540959188508495
0.8577820588822433 0.025848670155838905 -0.5133632103208351 -2.010541302284708 -0.022617347966732572 0.9996655046585028 0.012543299678026325 -0.039157092944172786 0.5135157203345301 0.0008514969381508434 0.8580797631469196 5.9569582013954525
0.8296735016370944 0.029668340260493007 -0.5574600167432904 -2.2684081720982543 -0.024610896840978773 0.9995597975436141 0.016568490916546892 -0.037877875635710836 0.5577061811006985 -2.684691053443395e-05 0.83003844178527 6.257660279822792
0.8009103558406998 0.03685530112435595 -0.5976489677780398 -2.532839176851428 -0.029535823600508233 0.9993206126001078 0.022044236362028798 -0.049725041452253343 0.5980553795689523 -3.402701630969042e-06 0.8014547791092512 6.522823613379958
0.7662812212932639 0.04050922961073187 -0.6412270208043706 -2.835535133007784 -0.03064566849648412 0.9991789489775348 0.026500394762201708 -0.04782423596756655 0.6417740512795042 -0.0006559241525746784 0.7668934977347238 6.797339068919558
0.7292222670057599 0.04273681819364105 -0.6829410294261603 -3.135867717546626 -0.03131074092849946 0.9990863500348145 0.02908784413841358 -0.04176810958837193 0.6835601822849899 0.00017188599688107474 0.7298941345494673 7.044067489049097
0.6900065604411576 0.04354432512967445 -0.7224921025846331 -3.481061834195971 -0.029934147840065928 0.9990514772576703 0.03162424042337832 -0.03306634487864025 0.7231838586011528 -0.00019374794905100854 0.6906555357922504 7.321288625262045
0.6435286768178233 0.041275651177959 -0.7643082903730252 -3.866916922341709 -0.02706076386866081 0.9991476037104501 0.03117340306270761 -0.02837795359830593 0.7649434993330854 0.0006217873437913634 0.644097086011537 7.605014927884193
0.5983575892482674 0.042840399478749236 -0.8000830554145627 -4.219362774457801 -0.02693652259054239 0.9990806541956875 0.03335071457474992 -0.019428025911726793 0.8007762603497499 0.0015958021238301255 0.598961463097461 7.808102200582337
0.5482257386229396 0.04755046554690328 -0.8349775402593799 -4.631898275919298 -0.026572682735024243 0.9988686757371994 0.03943679960743826 -0.007863625367381133 0.8359081480902048 0.0005673246744707346 0.5488690609782246 8.020889270572175
0.4958247254997804 0.04743472144823566 -0.8671261665894963 -5.026803621591814 -0.025720683339139343 0.9988712050623402 0.039934473151348536 0.00994760484415688 0.8680416395724543 0.0025025783576844794 0.49648509450932043 8.189671027636985
0.4466454641395579 0.04761108146116132 -0.8934433469927775 -5.479568876760596 -0.021143285299447086 0.9988659360952744 0.042659151365881394 -0.11320691781155523 0.8944611734727811 -0.00016318887725256452 0.44714559431921674 8.358953184641154
0.3885431498647265 0.051280077037456115 -0.9200024860793737 -5.980483309039024 -0.018495990201923083 0.9986830660781185 0.04785427750221107 -0.10425268618254804 0.9212448746341261 -0.0015770947469408378 0.3889799400129938 8.54042603004317
0.337304636370871 0.0524538232815785 -0.9399330713970322 -6.494073922026232 -0.017240750018772365 0.9986232226300429 0.04954206054231253 -0.08714156849903176 0.9412376633037505 -0.0005056155979552587 0.33774458623546055 8.693792510223888
0.28606813952624055 0.05310800736960685 -0.9567364104606995 -7.008593052570308 -0.013349770487395685 0.9985868837373509 0.05143947176692708 -0.07299746931870262 0.9581162785256957 -0.0019429824899922796 0.2863728716954775 8.827631269923078
0.2390706445101385 0.05551803389121324 -0.9694137273870016 -7.501485761292228 -0.011695585121412147 0.9984563328450182 0.05429700443252949 -0.06025092359966498 0.9709317381887226 -0.0016429590781345683 0.23935091489963609 8.918750963391219
0.1948163443444238 0.05638588936312503 -0.97921765887723 -7.992725223869365 -0.008317017351583997 0.9984053079025175 0.05583608487754848 -0.046340839027507935 0.9808044755192789 -0.002733611678489582 0.19497463467985499 8.992818512442966
0.15121273414410158 0.05723078379520796 -0.9868431214832731 -8.50101196172005 -0.0072634428941926515 0.998359967278143 0.05678572121324317 -0.025392424730837172 0.9884745578061114 -0.0014188455065786375 0.15138043284203023 9.052005653946205
0.10955340624802296 0.0565734570306788 -0.9923696363447706 -9.020495008662945 -0.007370905366066258 0.9983977558719401 0.056103394050258985 0.005648956617081494 0.9939535808746501 0.0011683447573739496 0.10979487254415748 9.088786117200412
0.07407337167077345 0.05508408704873367 -0.9957303244168721 -9.547775455339243 -0.007276545842401096 0.9984766103211294 0.054694702871767954 0.031023858520668354 0.9972262468918107 0.0031940562980452953 0.074361350945488 9.107962649433953
0.04170629372179341 0.05310012680241359 -0.9977178767555274 -10.07573770745025 -0.008111789960775082 0.9985718169739675 0.052806488322380024 0.05394621860089227 0.999096984245085 0.00589091494396168 0.04207746657653293 9.111617569097072
0.010116596098952622 0.05190911518917725 -0.998600569919548 -10.599185770694804 -0.007823389106755204 0.9986252187687971 0.05183113949988899 0.07397196144270525 0.9999182211892405 0.007288086117039283 0.010508793198824425 9.098050836163937
-0.01516296911201183 0.05136919081929741 -0.9985646151362852 -11.197582708136764 -0.009904371193148177 0.9986227153804219 0.05152257522195054 0.10012298580425778 0.9998359804482815 0.01067138982531466 -0.014633305854100755 9.066165482858027
-0.03263719942893037 0.050208916841596646 -0.9982053285186513 -11.863630843591485 -0.010352077826391273 0.998666835758786 0.05057060055220272 0.12375229042817003 0.9994136519470366 0.01198398202300656 -0.03207392206699536 9.034545581116136
-0.04372460756744359 0.05025279824148474 -0.9977789409292885 -12.648810410315035 -0.011037585387139457 0.9986488536479907 0.05078029949080476 0.1499472565013721 0.9989826476980941 0.013233418925389288 -0.04311085967190276 8.99292676247335
-0.05362717487008546 0.05070769992200626 -0.9972727085827988 -13.370065299515767 -0.013300136488433995 0.9985849614039374 0.05148962252033487 0.17531362136176226 0.9984724495372128 0.016025106131234174 -0.05287687101786928 8.940646522631123
-0.06035858325576741 0.051610415138877715 -0.996841615542082 -14.238165434450377 -0.017200511907839288 0.998460358298616 0.05273571177397939 0.2057617109075129 0.9980285485984178 0.020329238928023224 -0.0593779271037856 8.877080666201287
-0.06436888139678903 0.052441274564350764 -0.9965473194132787 -15.085274679355306 -0.01909002271208795 0.9983708361601179 0.05377029419483833 0.24022506810581334 0.9977435633170367 0.022485244650967857 -0.06326290882031947 8.817189998073198
-0.06680869754383022 0.05319749635052958 -0.9963466386326254 -15.939677412807576 -0.02056532396759677 0.9982921049234666 0.054680350196232026 0.27123566839504726 0.997553840843994 0.024143314385356794 -0.06560057155151186 8.754390278117967
-0.06812993498681458 0.05396477555220885 -0.9962158977642804 -16.87688256143488 -0.020155299299585254 0.998257803455244 0.05545378031168025 0.31203746703932556 0.9974728446774058 0.023857092033851973 -0.06692356304659644 8.683685611730414
-0.06653567881686372 0.05511180970234851 -0.9962608553364477 -17.679105157428133 -0.01843926388473878 0.9982349973328339 0.056452490178079434 0.3534036692869416 0.997613651165504 0.022126421564485174 -0.06540202196402319 8.62927189918247
-0.0650527331213165 0.05670137064815188 -0.9962695902616252 -18.63161512281714 -0.019167399633677532 0.9981291452307423 0.058058765335054406 0.4000903985137155 0.9976977261198551 0.02287277874611918 -0.06384421107431289 8.560391374196337
-0.06363660068699449 0.05659678076447392 -0.9963669943650789 -19.403183743666773 -0.019832565447759794 0.9981217082940687 0.05796313293715768 0.44372175808432346 0.9977760532307659 0.023449090371022222 -0.06239461322908655 8.509608334460824
-0.06159952163856681 0.05351770390320969 -0.9966651164271915 -20.303431817866596 -0.02094469455090023 0.9982722445725173 0.05489850167643833 0.48345269320555306 0.9978811646203515 0.024256567875047604 -0.06037218076940723 8.453146658022423
-0.05915292966330663 0.0538193500369665 -0.9967970748722356 -21.196038557656614 -0.021292431940787285 0.9982503969684762 0.055161375022081495 0.5172121024547327 0.9980218250390592 0.024487190812305396 -0.05790349067048471 8.400865465147753
-0.058181403485162035 0.05624758943352049 -0.9967201879020078 -21.98360249840665 -0.022311773082963175 0.9980888174489864 0.05762722676980109 0.5568604364337721 0.9980566662621871 0.02559142759210275 -0.056815224750123364 8.350738203402887
-0.05823206927960178 0.0593384470886251 -0.9965379946617815 -22.897097361888928 -0.023504352736058817 0.9978737123270768 0.060791443880179645 0.5998601301267826 0.9980263380842583 0.02696299211305286 -0.05671353935734279 8.297874993365213
-0.055986289870781566 0.06159995161487902 -0.9965294683588379 -23.78360657363938 -0.024318268478850037 0.9977147136330239 0.06303944811277624 0.6423365740863548 0.9981353401040839 0.027763215973971907 -0.05436034100414754 8.248538737584793
-0.05401146808655513 0.06096050915414111 -0.9966777702140254 -24.729503848230685 -0.026843260064868424 0.9976853647808069 0.062476814029507284 0.6845938727275461 0.9981794431384693 0.030128545033832645 -0.052250072439370326 8.197320998728982
-0.05364089642844237 0.05790524643699743 -0.9968799509797669 -25.777161590269404 -0.027604761753326625 0.9978497064692533 0.05944695473921956 0.7292234612414771 0.9981786570343482 0.03070742148561718 -0.051927092223707914 8.136044410666301
-0.051264412705312776 0.05718418962914164 -0.9970466029461393 -26.560358010213918 -0.028138730669545534 0.9978802589971537 0.05867879122885678 0.7725577974473127 0.9982886215049663 0.031063759595891735 -0.049546654917183915 8.101261270905193
-0.049443476071982906 0.05909127748111384 -0.9970273635159509 -27.530755313607653 -0.026062554026814625 0.9978320425079573 0.0604314340554404 0.8156552073704293 0.9984368212117973 0.02897301969156281 -0.04779621510573505 8.054986849453043
-0.04854814132992556 0.06091317055214223 -0.9969617162292111 -28.47030395132632 -0.025222719955809547 0.9977456107061926 0.06218931350768423 0.8614050413402479 0.9985023246700232 0.028165261756494774 -0.046902299077420044 8.008544142943222
-0.04680924770715284 0.062005993405207196 -0.9969775078259904 -29.33871347836947 -0.024760343729575172 0.9976928588769027 0.06321301072109552 0.9155643231736131 0.9985969255447784 0.027644459261585416 -0.04516596245681977 7.972228742139767
-0.046264600066223974 0.05741336325598767 -0.9972779414487956 -30.297570339616037 -0.026401814370224104 0.9979279131575938 0.05867558554364371 0.9625349218191568 0.9985802576551734 0.02904454958447852 -0.04465291883810278 7.928290132324101
-0.046379712356072994 0.05028839744221715 -0.9976572554562316 -31.257561842126915 -0.0255243653766111 0.9983462603125884 0.0515097203641232 0.993825151908234 0.9985977313482588 0.027853574322921685 -0.04501943295453968 7.879091643971324
-0.045724680335787 0.044912852087360594 -0.9979439309528205 -32.221885867932976 -0.022635479737225846 0.9986857187474901 0.04598336902483421 1.0276752391057726 0.9986975962048049 0.024691514477393157 -0.044647961292280235 7.836689826107984
-0.04605238230543647 0.04565018056935238 -0.9978954048886979 -33.11094986481817 -0.022379496528424327 0.9986573994043643 0.04671784188129319 1.058458736323027 0.9986883078414045 0.024483864664239453 -0.044968924291949035 7.795128851521037
-0.04698063959136844 0.052603629390150716 -0.9975097381372117 -34.116064951561945 -0.02283205422351785 0.998294955438009 0.05372038018254676 1.0899058444816994 0.9986348265524891 0.02529901424970344 -0.04569948658872461 7.751225746220822
-0.04748799984627192 0.05963143930986612 -0.9970902573570927 -35.173503540492824 -0.02413778049675393 0.9978564328423986 0.06082686074205549 1.1319367337494897 0.998580120683008 0.026956091721105333 -0.04594683553665427 7.6987648797850525
-0.04784420648350446 0.0652597563180256 -0.9967206710564775 -36.19339792156882 -0.023011744981321903 0.9975265537750263 0.06641712208936326 1.1786930867933318 0.9985897012781968 0.026113956403247325 -0.04622412554165742 7.654436292611103
-0.04962538649819504 0.06511980963184848 -0.9966427300735283 -37.23605855962186 -0.02441545818558361 0.9974949093534825 0.066391198328357 1.2281508294887886 0.998469431888875 0.027628177779199167 -0.04791114041752908 7.601591358034653
-0.05012860133767921 0.06161653846014412 -0.9968402708137933 -38.27513364280467 -0.024727770226794094 0.9977125696846536 0.06291395451611656 1.273751338738969 0.9984366082568983 0.027803425714013986 -0.04849029605010067 7.551061231118397
-0.05041504999307207 0.05868293302585775 -0.9970028265284298 -39.295386927599104 -0.025075452426401874 0.9978832065021457 0.06000273215951974 1.3149347717598618 0.9984135137405781 0.028025337687144956 -0.04883683064772116 7.49955570441205
-0.05054089066600133 0.06022266433408842 -0.9969046338899176 -40.23225957192705 -0.026182889755047782 0.9977573353541982 0.06160159113988169 1.354929510188381 0.9983787230579196 0.029215243408088478 -0.0488507410163227 7.44810693922791
-0.050770223987066626 0.06208680910327082 -0.996778617593534 -41.19317739125878 -0.025929570533400708 0.9976473722558471 0.06346162622370043 1.3942223114495167 0.9983736984357391 0.029068002449037983 -0.04904089625370079 7.39897323241758
-0.05087516846332733 0.05957023953260903 -0.9969268297101124 -42.12878499506192 -0.02617780757635236 0.9977969871069526 0.06095814064407839 1.4348755007932459 0.9983618780904664 0.02919861439033302 -0.04920367154350486 7.348857150038128
-0.05071591735430857 0.05443648354437065 -0.9972284417254824 -43.14538890859869 -0.026509555996110927 0.9980882099442567 0.055831609426544776 1.474230137716492 0.9983612267950912 0.029267634506270818 -0.04917587215909189 7.294977620530497
-0.050249288593940254 0.05050456938852257 -0.9974589201900408 -44.19492631723562 -0.0280195924347366 0.9982561923967618 0.05195648930894151 1.5057910492173958 0.9983435838605833 0.030559169039730393 -0.0487465460520746 7.235875108737491
-0.05051428643360912 0.05138338316335071 -0.997400649087813 -45.08512078451788 -0.027772288615591164 0.9982171505738925 0.05283200057910921 1.5384027462143766 0.9983371208420303 0.030368869501958457 -0.04899719291977269 7.19289437120333
-0.050049020404834256 0.052818736592002404 -0.9973491247408504 -46.032319190234816 -0.026588972543128805 0.9981762021245102 0.054196826949459154 1.5789531848411589 0.9983927694527922 0.02923098659151879 -0.048553345170742106 7.145372023870993
-0.050026601703073624 0.057515609385963645 -0.9970904140543134 -46.97645697872729 -0.024954624079258057 0.997956789634488 0.05881762286499709 1.6177816462700672 0.9984360800066793 0.027824462247945988 -0.04848910642100643 7.100441891682623
-0.05049646078241838 0.062442130075554554 -0.9967703285311396 -47.95407388669893 -0.02371019888994591 0.9976873471255887 0.06370073668415457 1.6632012872689597 0.9984427544516751 0.02685028448885265 -0.04889916467403908 7.055359374710257
-0.049787802526995786 0.06508521770889068 -0.9966368893209392 -48.849385471149475 -0.024434229729730847 0.9974963940419834 0.06636197925585788 1.7066766715487098 0.9984608871343167 0.02765607182928344 -0.048072846326444096 7.010307161628797
-0.049210656464337914 0.06519358023935014 -0.9966584712858879 -49.81499242880554 -0.023907145203724302 0.9975046807356176 0.06642936337751437 1.7528934616180432 0.9985022582340792 0.027096291371869176 -0.04752926777611677 6.965238450989227
-0.04879301512481052 0.06036377044776948 -0.9969831778382009 -50.761966750193665 -0.02430478600514178 0.9978047639327329 0.06160300682911586 1.798278637151215 0.9985131541708768 0.02723725923203058 -0.0472187744149813 6.920375209888181
-0.047764337106945144 0.05550983380387548 -0.9973150086365886 -51.67774911029428 -0.02587852372116349 0.9980506888520261 0.05679017953845432 1.8348515348268075 0.9985233448000833 0.028521585388313037 -0.046234717001295576 6.872455775199814
-0.047399496465533514 0.05189471628037055 -0.9975270553508774 -52.57760499950214 -0.031075917859195425 0.9980895060245846 0.053400611352394795 1.8701941854547584 0.9983924954966464 0.033530230923464154 -0.04569626407264337 6.8222706539310805
-0.04741485864282364 0.04942107161612062 -0.9976519377318895 -53.5031324505069 -0.03432383402558146 0.9981048239426905 0.05107479652544253 1.9003179045982128 0.9982853828428343 0.036664943783473965 -0.04562867847844497 6.775289853761627
-0.04660132936770272 0.0469481709131607 -0.9978096939542481 -54.4728116228325 -0.03319074756342361 0.9982705972395793 0.04851998519285772 1.9303096609837669 0.9983620036726872 0.03537914547926087 -0.04496249201071178 6.732982990212339
-0.04565412472489817 0.04310727302344548 -0.9980267851656509 -55.425154851648685 -0.03082226603080348 0.9985320533702151 0.044539042524382455 1.9569713094379837 0.998481691776233 0.032794838080778974 -0.04425844306938138 6.693452641889698
-0.044972936347675005 0.04178812906845676 -0.9981138147852803 -56.35628665184303 -0.02849558363685861 0.998664513675065 0.04309513707300478 1.9795835040557368 0.9985817125851351 0.03037995054479656 -0.04372209847929248 6.652758088031109
-0.04866873914403301 0.0450854800162911 -0.9977968998357479 -57.14334072461295 -0.02918120772904425 0.9984900958499111 0.046540150462907444 1.998391026522863 0.9983886071793904 0.03138196904810664 -0.0472796052549008 6.612502418474557
-0.048989375617188025 0.050901843181541076 -0.9975014002182447 -58.070947697346845 -0.026251484814452313 0.9982899108400235 0.05223134557001951 2.0237045695105427 0.9984542556480358 0.02874467386734504 -0.04756935045368322 6.566218436620931
-0.04880704099344488 0.05397658098787222 -0.9973486859941827 -58.97995484285066 -0.02273918901792728 0.9982198627192261 0.055136512000822216 2.050804928545829 0.9985493488217144 0.025369950289062852 -0.04749277408258352 6.528110799112441
-0.04861318595737814 0.05283855158283225 -0.997419092266486 -59.96193360225019 -0.02284222476325027 0.9982797743243371 0.053997453114163006 2.0823559733524237 0.9985564535462867 0.025408259318171773 -0.04732261023529885 6.478032255392922
-0.04810803347874155 0.04809252440547447 -0.9976836804374001 -60.978558998102585 -0.027734417313963904 0.9983907648156762 0.04946395482595859 2.1156620673243944 0.9984570192106731 0.03004978913534046 -0.04669679819707552 6.420708661813175
-0.04842599571685679 0.04415721732378057 -0.9978502207731631 -61.82520966858208 -0.03367130201282462 0.99838231334002 0.04581484290699017 2.1379143853861198 0.9982590677572588 0.035817545533599296 -0.04686082662903443 6.373022473966353
-0.049047053876794144 0.04201379421379174 -0.997912434836728 -62.70803507490095 -0.038065125600285805 0.9983104276390341 0.043901438247555935 2.158634805190142 0.9980708555603858 0.040138898377143725 -0.04736492497648457 6.325181943417641
-0.04963531607254913 0.043472495510241876 -0.9978208644503727 -63.64002671973021 -0.0385974799502944 0.9982225045674894 0.045409975957886706 2.1817973298207614 0.9980213273972975 0.040767309319125276 -0.04786916075109313 6.275605137673888
-0.049125329931300095 0.04548713886027058 -0.9977562939703494 -64.55414461881324 -0.037038076105848125 0.9981923629678072 0.047330618326023664 2.205964350157538 0.9981056471524032 0.03928010579228116 -0.04735177305475359 6.231637587380854
-0.0504254945639909 0.0448876581633762 -0.9977185813858453 -65.44200351361516 -0.039474053029166824 0.9981192914980014 0.04690073642256629 2.229591644762695 0.9979474277913776 0.04174898901933327 -0.04855876110895069 6.18466374387145
-0.051075811345059736 0.04467393358524929 -0.9976950942815462 -66.35916341445842 -0.03784464584334824 0.9981949100410233 0.04663372544828039 2.2549456270677326 0.9979774768382474 0.04013927286604476 -0.04929294571589116 6.137695430847176
-0.051338294471154206 0.046240906942298994 -0.9976102235071298 -67.2973089929078 -0.03698012192760005 0.9981543974779779 0.048169174557963414 2.2818089216838877 0.9979964178808519 0.03936467096940319 -0.049533550008632896 6.090293194532125
-0.05084241312830609 0.049097711430916964 -0.9974991046409695 -68.1957458644587 -0.03475228177223844 0.9980990009251843 0.05089855856281759 2.3082892779474373 0.9981018625064841 0.03725317549412462 -0.04903950424596851 6.048647141500286
-0.05038020145892407 0.05298044475711627 -0.9973238730594466 -69.14836426919462 -0.035002864677264864 0.9978848247041319 0.05477842722814819 2.342151767891963 0.9981165436788142 0.03766894076746264 -0.048419171163022655 5.998706018492951
-0.05109102942721486 0.05501606178621576 -0.9971774865376783 -70.16927501670202 -0.03473188095274711 0.9977796273263871 0.05682879321172258 2.376669574926715 0.9980898772944001 0.037537291297479486 -0.04906677699316009 5.945836705949574
-0.051825860109634934 0.05535653950739758 -0.9971207217572311 -71.10746304340618 -0.034228154602309144 0.9977774266786748 0.0571720232544091 2.4108627113161236 0.9980693932069133 0.03709259150084041 -0.049815921143092474 5.89628400127943
-0.05129554666082181 0.053128742065856785 -0.9972693235326484 -71.94492488756374 -0.033003349980375594 0.9979483391273803 0.054862476456831684 2.439843620057192 0.9981380394428615 0.035727429230260094 -0.04943687912638158 5.85243320622341
-0.04992258622866242 0.049416451627890566 -0.997529823961544 -72.80272131874729 -0.0329260307769525 0.9981508770190723 0.051095040887864485 2.468522573284088 0.998210204256356 0.03539549426926728 -0.04820318562001193 5.808604507904917
-0.048411355686138864 0.04626275313088142 -0.9977555303346507 -73.5762426615321 -0.03377623835388019 0.9982796577478186 0.047925887050326854 2.491925005700145 0.9982562328196558 0.036020585776052425 -0.04676548980881124 5.768349523460048
-0.04620702355754061 0.04339092395503335 -0.9979890473809219 -74.25232859298136 -0.033828593183392805 0.998415149640132 0.04497571847459292 2.512174860198788 0.9983589220601898 0.03583875956840381 -0.044665938425300644 5.732865222610465
-0.04368074852246499 0.042145857346530986 -0.9981561595847824 -74.94536387480969 -0.034831778679685114 0.9984380930596531 0.04368205033435792 2.529872290282882 0.9984381500135727 0.036675619094022394 -0.042144508082828255 5.699646347179996
-0.039871044757973435 0.043104375688927124 -0.9982746679077726 -75.65991510782133 -0.03471159992638979 0.9984063159224064 0.044496439821616926 2.5486745706806233 0.9986017247233537 0.03642583043276245 -0.03831128106479479 5.671096862886635
-0.0351024570984694 0.04437158680634945 -0.9983982070245996 -76.38814795863262 -0.033561517353846375 0.9983980567678911 0.0455515619381709 2.56564541245272 0.9988200248586112 0.035106730499808184 -0.03355704717427111 5.649979062048788
-0.029480025171801646 0.045250541163607785 -0.9985405933863024 -77.0250315845552 -0.03151591964453851 0.9984360273402265 0.04617625058431974 2.5813599312082656 0.9990684035264192 0.032831202132537735 -0.028007806799239362 5.6313523348849355
-0.021246156281091416 0.04665073481637625 -0.9986852906618631 -77.64215580250995 -0.03313243261304276 0.9983292363644296 0.04733896628737741 2.5961061571901816 0.9992251211576002 0.034094644170418194 -0.0196650066481288 5.618019908212299
-0.009405566327550706 0.04806822996242409 -0.9987997700191644 -78.30919120051487 -0.03500956550911558 0.9982157544202184 0.04836980411514637 2.6104939753753618 0.9993427168118655 0.03542249137983121 -0.007705936641628695 5.617386671855289
0.004716779650189053 0.04883672002920016 -0.998795638139514 -78.86861278066706 -0.03716544139608257 0.9981252456162759 0.048628428200831644 2.6233996327774767 0.999297994571972 0.03689131117537869 0.006522975103084952 5.623605230908049
0.023026967404033056 0.049159294678436896 -0.9985254741461984 -79.42155388704143 -0.03674953546131195 0.9981568980767821 0.04829366899619968 2.6395935325663915 0.999059172629705 0.03558329057936244 0.02479110759916314 5.646590751278709
0.04390202177531487 0.04993499937443031 -0.9977871057101879 -79.97797967800192 -0.03834671372132407 0.9980982814900053 0.04826334047155461 2.6544864606892267 0.9982996253784802 0.036142998273165514 0.04573337561356438 5.680134419394169
0.06988960069416576 0.05017757850437944 -0.9962919523564593 -80.53671690597284 -0.038441699096087745 0.9981277527983704 0.04757336297006549 2.6730145927796425 0.9968137636918017 0.03497427210268436 0.07168766145907882 5.73464518426935
0.10100429344531454 0.05020849026932289 -0.993618256781993 -81.07540757742042 -0.03917782815560687 0.9981518060522948 0.04645503046552014 2.688405484497786 0.9941142944785684 0.03423564778732822 0.10278467752520071 5.8057144322942476
0.1356168348196475 0.05098112712356949 -0.9894488358630321 -81.566299551261 -0.03979505358658794 0.9981496144423463 0.04597500297593225 2.69964267143508 0.9899618314983362 0.03314018505993667 0.13739468807290967 5.894754013077734
0.17402068089610767 0.05238694577467783 -0.9833475532754706 -82.06709076830776 -0.04101786406280776 0.9981029115164228 0.0459141900741547 2.712487232011007 0.9838873601425009 0.03234479764725021 0.17583934888692687 6.000034805943166
0.2107135545536162 0.05273949062752631 -0.9761241437725674 -82.60269398438183 -0.04304278246297562 0.99807571184489 0.044633981484536046 2.7276972448054386 0.9765997730929616 0.03261011428477413 0.21257813537875636 6.134556054893233
0.2535029076574497 0.054404199720617386 -0.9658035301560957 -83.06238714480781 -0.043080173714112366 0.9980615512003421 0.044913679968684804 2.7411128182223483 0.9663748622775634 0.03022123538716987 0.25535524762513284 6.283464245325852
0.300340004251395 0.053214526722480754 -0.9523466259676532 -83.49846617117704 -0.04316311803864189 0.9981779460846485 0.042163173403049335 2.756020762134992 0.9528550923867982 0.028442962151220066 0.302089673469005 6.4564657427132826
0.34697219931761536 0.04863490083449057 -0.9366135485468459 -83.97973856573805 -0.03619633124546262 0.9986049379314103 0.038444811657407395 2.766489775930843 0.9371766741148999 0.02056269339906774 0.3482485565441877 6.673833896085178
0.3975280407105829 0.0450136634631226 -0.9164852573557484 -84.28953239214685 -0.03349362856049273 0.9988422330576253 0.03453071540395188 2.7747256983362667 0.9169785350239429 0.016969489152173355 0.39857546681056216 6.868832022425511
0.4476873988030166 0.042463990743896195 -0.8931812819596532 -84.59439539129471 -0.031429027812519036 0.9990018374632277 0.031741848652130616 2.7856321432549427 0.8936376274328137 0.013861393696060017 0.448575135959467 7.062433262816905
0.4992857101101226 0.04346939761919692 -0.8653462839525303 -84.87595882116652 -0.032022696059994436 0.9989841187970913 0.03170610868978294 2.786447973811134 0.8658454403742503 0.011880314045650577 0.5001705024502117 7.265612550946479
0.5437609341668896 0.04330521142879426 -0.8381221302036221 -85.19494112586334 -0.030858595847756305 0.9990241703924714 0.03159832327734025 2.799122160228961 0.8386726378845656 0.008681338303620318 0.5445666541654952 7.499198018644185
0.584797433441417 0.03970813484242809 -0.8102069031226934 -85.50808480615784 -0.0219463970809078 0.9992100503554864 0.033130513484601685 2.8018103340115883 0.8108824313644352 -0.0015935168407680332 0.5852069234113519 7.7576667029971444
0.627723069293415 0.04037485344411819 -0.7773889756654766 -85.78762290290832 -0.020221938455188604 0.9991627773897029 0.03556427257809576 2.8102427504961787 0.7781740303312418 -0.00660420231826047 0.6280139831482822 8.02786230645186
0.672244212342323 0.03955836835332932 -0.7392718407091337 -86.04942318483045 -0.023711414482132695 0.999209574230509 0.03190604314766596 2.82525535254078 0.7399496522031115 -0.003919471814739367 0.6726508380617597 8.300840991389311
0.7139561198266778 0.0381026727254722 -0.6991529484263145 -86.28982226384383 -0.028554044302807075 0.9992720221954701 0.025300043702108067 2.8332527873680635 0.6996079798830107 0.0019005232308007807 0.7145243610230949 8.573715895880008
0.7498239690520923 0.038321688684585624 -0.6605266562458532 -86.54546631100709 -0.03783851697582816 0.9991710571889251 0.015014829637231577 2.8419189208627382 0.6605545110496456 0.013734869942115825 0.7506524437312098 8.861758743779687
0.785995169953291 0.034035911382442725 -0.6172950263419126 -86.74098536735585 -0.03702214421045245 0.9992827603945827 0.007957739392738854 2.843862105439832 0.6171231268135694 0.016598840759185624 0.7866915055072697 9.18014804710686
0.8186353606806417 0.03035040093319637 -0.5735111153294841 -86.95082233117584 -0.0348177054004786 0.9993885924106078 0.0031888477838494644 2.84356017166344 0.5732572490897263 0.017357837501754684 0.8191915721266562 9.552258587200761
0.8495193493123254 0.028082660674597543 -0.5268094905308726 -87.11340229106268 -0.03321380363552563 0.999448229613685 -0.0002820817795463259 2.8450082735877413 0.5265108910478712 0.01773698090163683 0.8499833416699836 9.899260337862623
0.8766148137578065 0.02828259279007305 -0.48036086772908143 -87.27013916251899 -0.034955192995184244 0.9993766269335589 -0.004948941459577646 2.8446356621170885 0.4799214548059244 0.021129422234690234 0.877056979182649 10.25614327779721
0.8986751325531385 0.03142136832608711 -0.4374879469689586 -87.45635193143583 -0.036334407115166764 0.9993355875760837 -0.0028625624101053663 2.8363763015080186 0.4371073289138351 0.018468378826491775 0.8992197184188823 10.678435243781792
0.9177557974206538 0.03167146996583861 -0.39588030298435106 -87.60884303671588 -0.03676308421395583 0.9993100650559911 -0.00527915872723624 2.833363102323813 0.39543997261260333 0.019398759444685023 0.9182869465434815 11.083645442067734
0.9339935968768323 0.032353611008491046 -0.35582187235720575 -87.74999800115805 -0.03799397579559103 0.9992385752881723 -0.008872849559550786 2.826060026664979 0.35526387206739823 0.02180627228055349 0.9345116733850389 11.529431331134177
0.9463377860646818 0.03346297998213729 -0.32144209997589107 -87.91897179227628 -0.03894457574864661 0.9991847599676482 -0.010636515789951036 2.819012494002322 0.32082411799294924 0.0225841630154195 0.9468694951760455 12.069356688469973
0.9560898164386511 0.03281876744054851 -0.29123047815431125 -88.07050421049794 -0.03747732515112405 0.9992430378607186 -0.010430790305547052 2.807968569815742 0.29066770202728526 0.02088731171224707 0.9565960522642841 12.60589203565046
0.9636598925991052 0.032511963522772275 -0.26514634378730173 -88.20792933579372 -0.03655290266343345 0.9992784407907037 -0.010319063803288522 2.796329396665285 0.2646195319751696 0.019635936412422908 0.9641529615670169 13.16450612782524
0.9686633095731108 0.03133418739676874 -0.24639310336746642 -88.37141673064426 -0.03459393846055458 0.9993617200637561 -0.008911335084975753 2.783337840971166 0.24595660614965056 0.017155791191126857 0.9691290041681511 13.849090132495325
0.9727558010402753 0.03250160420266355 -0.22954258268727573 -88.51302998075977 -0.035029664410652854 0.9993621333827696 -0.006946147991167085 2.7723984742366534 0.22917040418380513 0.014797705392781907 0.9732738328761026 14.47284997077318
0.9760406706632518 0.03496998310338775 -0.21475965517987133 -88.65888319413928 -0.03714971339144559 0.9992909675899834 -0.0061205300429619 2.7655891524698033 0.21439334879179917 0.013952145885925082 0.9766477510438528 15.148937689933037
0.9785975706173725 0.038201676568269956 -0.20220639626171286 -88.79667068963165 -0.04011263030317971 0.9991807903486732 -0.005359579121490921 2.7526256249319507 0.2018360019221945 0.013355901526007016 0.9793282637719037 15.81572152046108
0.9811947629042411 0.03658669327969472 -0.1895211099696974 -88.9202267353272 -0.03831733136336074 0.99925062649245 -0.005474264483465243 2.741155788716934 0.18917880263517664 0.012633262812989675 0.9818613859930629 16.487146649240632
0.9834963098343753 0.03510254891381046 -0.17749033664376945 -89.03733565753863 -0.03671851908114507 0.9993086588845905 -0.005827060559778443 2.7242493889910886 0.17716308559813682 0.012248074870496698 0.9841052920106231 17.189953141229424
0.9858998568585238 0.03574840880906764 -0.1634733113201077 -89.15431208521771 -0.03717880488352423 0.9992923844528847 -0.005697968225553023 2.715609816799326 0.16315394176597145 0.011695368403191096 0.9865313019079219 17.93226462675783
0.9876128034223419 0.03648326077570464 -0.1526103607211301 -89.26157847647458 -0.03780492312807091 0.9992684991324142 -0.005766665321587371 2.7065463517476016 0.15228833935512678 0.011464655460260858 0.9882696106688877 18.645838269774547
0.989322817493151 0.03682848052119363 -0.14101072941415715 -89.37461465962292 -0.038385510108713036 0.999228225863842 -0.00833698090985487 2.6861515397728923 0.14059486264123083 0.01366073422248842 0.9899729637416346 19.459608217065796
0.9904828931220114 0.03934649765297972 -0.13189196925928895 -89.5040708901716 -0.0414485442015491 0.9990530538591177 -0.013229276561530511 2.6649411561991188 0.13124654896880705 0.018570102240249013 0.9911758142159064 20.377285493676478
0.9916231752653062 0.03838162129096395 -0.12333016429012013 -89.5902873544454 -0.04112387496895458 0.9989585244327052 -0.019765964959209174 2.6485414408074983 0.12244306915578708 0.024672203191201374 0.9921688249513806 21.11575563169212
0.9926344652241652 0.038624795648346325 -0.11482570970936018 -89.67083408737021 -0.041198129946271714 0.9989483593422059 -0.020121865133321218 2.6246510751772134 0.11392775139563205 0.024704261345706243 0.9931818398124778 21.866013732648337
0.9930146444112161 0.041661871058876185 -0.1103911431444519 -89.76079072596322 -0.04346437552980816 0.9989572787094756 -0.013971520073398228 2.6018604385210202 0.10969395628141584 0.01867200613836503 0.9937900141086646 22.657147688647704
0.9933340547892419 0.045873375361096695 -0.10575012543227784 -89.85713415263278 -0.04677240340285496 0.9988873366447514 -0.00603580737551055 2.5880918831441617 0.1053555782855527 0.010941760540863767 0.9943744164047984 23.485998977677813
0.993799090202292 0.0456734810930368 -0.10137702618414106 -89.94364258859282 -0.04618380533248734 0.9989293331459487 -0.002691376153496808 2.572734653143551 0.10114556064458279 0.0073566640152121585 0.9948444376164851 24.285697873831786
0.9941991801135309 0.04492699351257277 -0.09772182722147334 -90.01790849420162 -0.0455556654361197 0.9989529285226992 -0.004210456340314124 2.558345052769529 0.09743034233879413 0.008637815108151899 0.9952048615947889 25.07369473602009
0.9945281989844216 0.04471893365568065 -0.09441333802753082 -90.09577425048477 -0.045443236267798504 0.9989515912502368 -0.005534493303572828 2.547444688024474 0.0940668576189885 0.009794657284310282 0.9955176999864804 25.84888733074711
0.9950018287886683 0.042260807986794394 -0.0904731165347377 -90.15596550250146 -0.04281515579494548 0.9990742064215002 -0.004194341128492723 2.5338765739926137 0.09021210085936102 0.008046997673102883 0.9958900655629565 26.56950836274308
0.9954319957509097 0.03977460727048014 -0.08679356227186184 -90.21935402955891 -0.04016030504278378 0.9991895973363288 -0.002701568754229927 2.5195369122548446 0.0866157707015939 0.006174883913269256 0.9962226553709902 27.339049966387613
