0.9999545961017082 0.0014037055388538484 -0.009425250438571082 -0.019016830250620842 -0.0013992488489492274 0.9999989061273241 0.00047942341812136986 0.006173286586999893 0.009425913097854637 -0.00046621337960202596 0.9999554664120579 0.1378246694803238
0.9998596896217369 0.0015154354319634091 -0.01668246159819864 -0.0324691090960304 -0.0015083787994090204 0.9999987675346418 0.00043557157256757223 0.011418872627537265 0.016683101118236853 -0.0004103469859587867 0.9998607431799839 0.30937019147002687
0.9995964660408602 0.0030719582500918115 -0.02823947859173631 -0.05481048568748702 -0.003085784334122363 0.9999951394820871 -0.00044603502604823926 0.013875737399385349 0.028237971132266663 0.0005329959764104268 0.9996010868849745 0.4484854680938936
0.9991990162920724 0.00495659806216369 -0.039708411912397636 -0.08526622939488293 -0.005046672712352913 0.9999849142684674 -0.0021684856514794094 0.017583041852702423 0.03969706457017798 0.0023671440886508664 0.9992089569721513 0.7245106301751318
0.9984223190310528 0.0056803185458273375 -0.05586239201710152 -0.11416463548810922 -0.005912118637642381 0.999974582605762 -0.003985096692279183 0.022074977654204492 0.055838335522012464 0.004309074570055951 0.9984305244544963 0.8923410385713213
0.9973529830392046 0.0066191245910020525 -0.07241004358822543 -0.1531660317747888 -0.007030798257675679 0.999960530377971 -0.005431902251297069 0.025759533068246614 0.07237123115340638 0.005926624322206817 0.9973601556235759 1.1652527236901828
0.9957862347980799 0.00841280318018625 -0.09131812158227079 -0.2077717586419086 -0.00896020116102083 0.9999442536715079 -0.005586084897838376 0.027141898867692325 0.0912660362994744 0.006380775186704596 0.9958061037803492 1.48078540904145
0.9935997393240407 0.007866604074045836 -0.1126839587321111 -0.2667686476965678 -0.00855282162573254 0.9999477005593344 -0.005607618776176194 0.0248103320173456 0.11263395250738699 0.006535494353354414 0.9936150562748738 1.7673354955579774
0.9912961877901972 0.007977272937571372 -0.13140864198788843 -0.3393706384054346 -0.008878781079784931 0.9999408887525224 -0.006275846345584981 0.023790654226023868 0.13135081011991812 0.007387971121737725 0.9913084194959434 2.1954861494778966
0.9876085897490513 0.008427543528790434 -0.15671072064144223 -0.43336787687935563 -0.009693822151526163 0.9999262369738896 -0.007317815475392123 0.01903203017615561 0.15663748997600915 0.008746263276831435 0.9876174358590009 2.634375355565718
0.9831318202530561 0.009890632318370039 -0.1826307734152576 -0.5350203426696424 -0.011887954958768581 0.9998808706223747 -0.009844850955729798 0.011348814525251216 0.18251164492385308 0.011849892648672321 0.9831322797627001 3.0016886584993534
0.9772455887008168 0.011231540503099543 -0.21181338924326992 -0.6638527834323183 -0.013869375674391721 0.9998436163343988 -0.010971932088482223 0.006460062249067637 0.21165703338938754 0.013659991701275256 0.9772485379081027 3.4230155960198214
0.9708072595393963 0.01222374750432352 -0.23954925343769604 -0.8051870727526701 -0.01563838441187609 0.9998013309293352 -0.012358786547085807 -0.00011596770208575219 0.2393505917239257 0.015744163009845345 0.9708055498257753 3.857369394008545
0.963491707011315 0.011805278523517718 -0.26747778584286963 -0.9638667361381867 -0.016030476803501493 0.9997787598108837 -0.013618195345336726 -0.015296079286960963 0.267257842417906 0.017408814721098082 0.963467788167374 4.3000907828897965
0.9544192393225778 0.013626146538072901 -0.2981580851518784 -1.1264466676776779 -0.01836000716305551 0.9997458553214166 -0.013081854020805833 -0.023701927608846304 0.2979040546012834 0.017959757742577905 0.9544268548998102 4.716096965518405
0.9441304736303912 0.01481753351041477 -0.32923865122904467 -1.301586655030961 -0.0201979488820565 0.9997124201831853 -0.01292748206095421 -0.03360232828924831 0.3289524154393925 0.018855175208578552 0.9441582445461368 5.123395249025012
0.9319001797429037 0.015359518860495107 -0.3623894868446344 -1.519013919774494 -0.0210393334595226 0.9997098130384675 -0.011731843937394201 -0.04299511276481226 0.36210413066233094 0.018557340729922888 0.9319529085003763 5.596988548625258
0.9169712301960328 0.016622272121074144 -0.3986069029285706 -1.703014821089953 -0.023218473770653954 0.9996616456344334 -0.0117258996762836 -0.048425527238224395 0.39827712144753624 0.020007356571765656 0.9170469127664485 5.92707541336889
0.9021134662895581 0.01553301901165971 -0.4312192241301649 -1.9654519924706908 -0.02277470589735004 0.9996729110213776 -0.011635451917915625 -0.05824914742569812 0.4308974433787317 0.020317388868364324 0.9021721548569561 6.420698306785252
0.8844688725351274 0.016754499542679456 -0.46629829536629736 -2.226038695114529 -0.024771853999705645 0.9996318449937689 -0.011069314512234803 -0.06245569209459639 0.4659411644895284 0.021341537419498575 0.8845582909083571 6.835978418075296
0.864435703571319 0.0171000357450546 -0.5024524884689859 -2.520684536167292 -0.025936331055112328 0.9996073757737503 -0.01060193520618243 -0.07013329684282998 0.5020739199784812 0.022196465399570476 0.8645398173601992 7.268457634456813
0.843558836097715 0.01820424932583592 -0.5367281391430406 -2.8074526135839624 -0.028210254580717287 0.999547539153055 -0.010435444866566711 -0.07657952630336498 0.5362953212344478 0.02394414917166272 0.8436907052602185 7.651419321330083
0.8180063914661346 0.01772686694163268 -0.5749359109578965 -3.1164434524372564 -0.02701160977077964 0.9996061459484092 -0.007610907945775503 -0.08693021966504932 0.574574552567501 0.021755715814507172 0.818163047546914 8.039688792175037
0.787449467132914 0.020919888444475516 -0.6160241025962865 -3.453162811729837 -0.029404166319860314 0.9995609688599625 -0.0036420509012609964 -0.08643253401911644 0.6156774575336695 0.020981606211252835 0.7877188841748507 8.409418079334465
0.7528577213766644 0.021337150946811077 -0.657837348706357 -3.8315860709249794 -0.030795245362684312 0.9995217256020624 -0.0028236346307340208 -0.08829105885748818 0.657462473626129 0.022384057696244658 0.7531547316019876 8.777865753919095
0.7170166755719957 0.019639867341328887 -0.6967792782241 -4.173880466869604 -0.030446595557901086 0.999531407844352 -0.0031574596785712396 -0.09285941137369122 0.6963907608308834 0.023478508119197206 0.7172786542801056 9.074333755075491
0.675364495983504 0.021576548348840013 -0.7371684001137713 -4.5703473628465225 -0.03379405891259724 0.9994273581274041 -0.0017080423560741193 -0.09641733485626709 0.7367094129622337 0.02606546350687834 0.67570691313987 9.37671716524372
0.6352822438394886 0.025338080733851097 -0.7718642706635596 -5.008023489078003 -0.03869047480435533 0.9992507836883106 0.0009583619940023791 -0.1045709069918706 0.7713102604151441 0.02925496475853026 0.6357866223941007 9.681605030289225
0.5865611397655918 0.030036672322568212 -0.8093477791608968 -5.535887431085694 -0.0443210856134996 0.9990050531246094 0.004954311409056082 -0.10732802893678835 0.8086913321452939 0.03296516566443629 0.5873088005179091 10.020263839558584
0.5420906768809808 0.0345844069890262 -0.839608013796877 -6.062215279635495 -0.0479978493514518 0.9987958481984953 0.010151851017644773 -0.1135833309080043 0.8389480940417915 0.03479615517074426 0.5430978945724036 10.328751088111474
0.4931690377416102 0.0380032597753464 -0.8691030160225317 -6.559268324630896 -0.04985418678517175 0.9986381130578976 0.0153778804830668 -0.11521877143174086 0.8685038055604607 0.03574452957600389 0.4943920188801457 10.559454958667711
0.44334294796013607 0.04250847386154574 -0.8953435430849868 -7.043467628986078 -0.05243346861987819 0.9983942865789202 0.02143781460545209 -0.11273757594424988 0.8948171667231823 0.03744166364535323 0.44485993296875315 10.73921243970957
0.3839077169197027 0.04669424963064612 -0.9221900628075166 -7.510003102562161 -0.05088548030555493 0.9982727493149774 0.0293630017060472 -0.10868516727158425 0.9219682927213786 0.03565340133209246 0.3856206713726301 10.88509586487516
0.3306035943453748 0.049663952473960785 -0.9424620709771732 -7.994298313268297 -0.050165049536900506 0.9981274793421006 0.03500003981633571 -0.10079586304571668 0.9424355315940071 0.03570751751170795 0.3324759269214413 11.009556263150257
0.27959000380997473 0.0527177465546236 -0.9586710953021063 -8.482930772159884 -0.04609485431450869 0.9980770867692015 0.04144144389410469 -0.09347028859217665 0.9590123535050327 0.03260319101723751 0.2814823933396736 11.111318768926074
0.22865144311621752 0.05596032633390748 -0.9718986364006655 -8.876433957673939 -0.04395193073862329 0.9979218802238394 0.047118454504203655 -0.08526223623888003 0.9725156787143421 0.0319431189322525 0.23063584241756824 11.149957705742102
0.17920975121616511 0.05557792454004862 -0.9822397667437723 -9.287907104547873 -0.04208206076883209 0.9979222859632133 0.04878740964022793 -0.07003911508241559 0.9829104563644074 0.032591494009568525 0.18117623819843368 11.179783108081718
0.13590416676573774 0.05433363032829496 -0.9892309710431929 -9.802242078643651 -0.04077665911199203 0.9979556915026212 0.04921079017034742 -0.053070566129896565 0.9898824786444975 0.03364958265526852 0.1378418806450028 11.213296032438254
0.09437062066732654 0.05320131375087077 -0.9941145840244194 -10.271293900790075 -0.039961610483778276 0.997968695114626 0.049614042959165224 -0.03656783042297944 0.9947347664791883 0.03504431175515531 0.09630493534186636 11.215711880025918
0.0553797395561888 0.04962933729896876 -0.9972311734627801 -10.772868595197075 -0.03810464685239828 0.9981413828133705 0.04755855132010434 -0.015481117455567274 0.9977380018496548 0.03536536150922496 0.057167918191753965 11.215452660536293
0.015880667088228093 0.04577627737764046 -0.9988254786709626 -11.203675286962708 -0.03817421918852987 0.9982508896233536 0.04514299896472969 0.0017780225957664784 0.9991449011040279 0.03741248181595049 0.017600363694884616 11.189253977825448
-0.020519110011460943 0.041031938126474723 -0.9989471188095604 -11.811703083016708 -0.037210936793149955 0.9984338631937306 0.041775196121854076 0.03279527882329053 0.9990967482217687 0.03802894794269649 -0.018960137421915765 11.160315779562106
-0.05362625553877991 0.03635226099061212 -0.9978991621590627 -12.280513048599168 -0.0382731484464168 0.9985279928335182 0.03843193510434499 0.05103319058103148 0.997827335176225 0.04025370354062417 -0.052156001825058994 11.112873636762782
-0.0822802058133452 0.03205930197826955 -0.9960934538927456 -12.817418970577501 -0.038531525591806386 0.9986328390898385 0.0353238478501059 0.0737296374669075 0.9958640917649757 0.04128745388172514 -0.08093242171764634 11.05918872913851
-0.10530910712860223 0.028901858435219897 -0.9940194538009641 -13.304153356968508 -0.03785290072032074 0.9987366543651832 0.0330492531609852 0.08996830520698151 0.9937188484993291 0.04110690704044581 -0.104082046149824 10.98356866394876
-0.12234068669400361 0.028500485239815167 -0.9920788671876519 -13.876220237506619 -0.03766960301143553 0.9987340214988156 0.03333699611190492 0.10475590008961325 0.9917730372359389 0.04144968807963928 -0.121112204050212 10.893986807978717
-0.133895158867321 0.02803375479938197 -0.990598907239324 -14.546988454796209 -0.03855483965420755 0.9986956508304502 0.03347418933421363 0.12461840729553791 0.9902452275932117 0.042674413929104656 -0.13263967590685039 10.79128667139838
-0.14146270351048054 0.02839353702543053 -0.989536310890455 -15.231593433259045 -0.04139131198411646 0.9985448037091195 0.03456926782201923 0.14153666487366776 0.9890778851070011 0.04584846824815916 -0.14008160175968223 10.681558497319248
-0.14519057019912313 0.02905310673611728 -0.9889770549988677 -15.904008732368691 -0.041781112322478865 0.9984970996580691 0.035466612856618715 0.15355908976504606 0.9885211363336387 0.046469979162946054 -0.14375849212566727 10.575658862169998
-0.14581915609535873 0.029612687798399893 -0.9888679701744778 -16.590490775304037 -0.039345098457378214 0.9985875389422979 0.03570560595403312 0.16898764079799833 0.9885285716371657 0.04411366897595309 -0.14444807809889162 10.479602948296447
-0.1445029348597703 0.031536923295205965 -0.9890016806284938 -17.319889186294624 -0.03659414538528155 0.9986379226172194 0.03719096710608936 0.1823146891696878 0.9888274724846757 0.041565875184309986 -0.14315204392438335 10.377084660432697
-0.14297797532248363 0.03414114140136916 -0.9891368363560702 -18.002941756990644 -0.03642622308800175 0.9985462217868527 0.03973126258685646 0.1945786857358129 0.9890553214275857 0.041711214547341176 -0.14152648422383476 10.283213829975585
-0.14151128320082704 0.034212754320733486 -0.9893452603457725 -18.697173492402964 -0.03843895535048648 0.9984589938568716 0.04002604524416345 0.20581344182829464 0.9891900744742725 0.0436935353126025 -0.13997811090834092 10.180999571391089
-0.1393180385299394 0.030838367267254207 -0.9897673864320141 -19.459665749526483 -0.03956386161337248 0.9985435510099488 0.036680752318900334 0.22749243397482324 0.9894570152333079 0.044269310371097284 -0.13789504401848274 10.073060637569402
-0.13818699145770436 0.03015475132124791 -0.9899469916943137 -20.19501224642107 -0.039894739502324666 0.9985556693908046 0.035985898453760296 0.2422602817720287 0.9896023267716725 0.04446646039698219 -0.136784387807431 9.969189963319282
-0.1361061848600841 0.03258504234862302 -0.9901582305156942 -20.911258633429085 -0.039129957627090886 0.9985022139211578 0.038238399687346505 0.2577989588729394 0.9899211851753312 0.043949332300794175 -0.13462727558477797 9.872760833891672
-0.13413009610078078 0.03639550431343321 -0.9902951502384356 -21.633508633412536 -0.03979472539370325 0.9983213982669498 0.04208046569565204 0.2720879988445918 0.9901643788537503 0.045052780470178064 -0.13245659598929357 9.7746327925021
-0.13234958196819932 0.038644783366413554 -0.9904494782023994 -22.420156948445783 -0.03940500126080398 0.9982446233033646 0.04421445376300198 0.29233990345054967 0.9904195242565026 0.04488042740981379 -0.13059446085892606 9.670276101754645
-0.12978737857992126 0.03797574928926186 -0.9908143513430104 -23.248002034963363 -0.04036611260574231 0.9982355277215024 0.04354776857285314 0.3160910334508696 0.9907198460283566 0.04564727440377317 -0.1280254389762205 9.56280506577896
-0.12825585715141638 0.034248162693152694 -0.9911495843002196 -24.11611259791968 -0.04145598224173592 0.9983448718696837 0.03986123866462548 0.34481166818928904 0.9908742789288287 0.046201516897702556 -0.126623786049948 9.447920777305294
-0.1264455540257323 0.033564890200789024 -0.9914055275279303 -24.993076388723665 -0.041938251589900166 0.9983529139120424 0.039148976192446686 0.37027059533376605 0.9910866283633867 0.04652802842527815 -0.12482963450298452 9.33224387255864
-0.12424115198646689 0.036216056449799555 -0.9915909103094379 -25.857541201724178 -0.0396531571465896 0.9983541785143311 0.04143140561558855 0.3906908115370364 0.9914594108088245 0.04446719575372926 -0.12260059225148982 9.22766197564863
-0.12295725153710575 0.03827943844734121 -0.9916734335892013 -26.695226833602074 -0.038560060808417326 0.9983169661996066 0.043316933276318345 0.40993585199236887 0.9916625615625962 0.043565118961963904 -0.12127425285252397 9.12466188485255
-0.12103934379651506 0.03987157290666736 -0.9918466287321123 -27.560965812117384 -0.03701741319433853 0.998316669496316 0.04464905963380742 0.432313960696737 0.9919572512833941 0.042119889360395804 -0.11935965208796237 9.019903555896033
-0.12047874007594776 0.03436054766146414 -0.9921210742415039 -28.53601664287593 -0.03660743818612918 0.9985672804020779 0.039029245186743736 0.45967185157997686 0.9920407091743559 0.04102120518466606 -0.11904827619934957 8.903016381709048
-0.12006551823624148 0.02752940082503884 -0.9923842015171725 -29.386743525243045 -0.03511773949849415 0.9988720738828514 0.03195816624100307 0.4668535936544654 0.9921446546261169 0.038687363662907176 -0.11896332287573066 8.800082713834838
-0.11972820361993688 0.022595619900431654 -0.9925495429545353 -30.301223948743644 -0.03264451255695828 0.9991107867635179 0.026682795443930728 0.4727706222893201 0.9922698690668078 0.03559597918444259 -0.1188841167189261 8.69514280082123
-0.11969542369069455 0.023469511367654062 -0.9925332173704151 -31.17435269949645 -0.031336033290607 0.9991331455491758 0.027404570469524384 0.48549304236883817 0.9923160074115067 0.03438225561496382 -0.1188562237903941 8.59141120735419
-0.11925174910479493 0.029513428455118278 -0.9924253009049452 -32.01655170347445 -0.027391277528750257 0.9990798460190607 0.03300271494699588 0.5006627342588656 0.9924861400799451 0.031119428326277055 -0.11833360862348333 8.492673976359367
-0.1189451357247853 0.03648933336812838 -0.9922301059924362 -32.9647002781706 -0.02660139645043302 0.9988486523851154 0.039921614888748236 0.5213721638797023 0.9925444173407544 0.03114318832085474 -0.11783752130332904 8.380559994144676
-0.11766604415033358 0.04154821093801021 -0.9921836766556189 -33.96161329515783 -0.026296265474999303 0.9986436538507576 0.04493727901949982 0.5457955969756346 0.9927049956941278 0.03137831721840134 -0.11641388547961669 8.25996447889045
-0.11865430185482867 0.0419478910863426 -0.9920491575949002 -34.85404145418 -0.027081036724813875 0.9985988452246377 0.04546387319542065 0.5662912387063209 0.9925662567815062 0.03226020380326724 -0.11735205643412994 8.152165401149547
-0.11875611158389772 0.03856201824810268 -0.9921743580188441 -35.80588194878425 -0.025715305061272696 0.998790946465808 0.04189711617213075 0.5860800683740419 0.9925904034631188 0.030489604893608042 -0.11762089502445217 8.03724284805128
-0.11919222814950244 0.035839738450983316 -0.9922241308779594 -36.760594253136844 -0.02575252824554648 0.9989004804626735 0.039174448565386086 0.6061644562533512 0.9925371630511967 0.030221569767383882 -0.11813821008918284 7.925507364291661
-0.11857195782523484 0.037350049940612834 -0.9922427447892598 -37.66301091259439 -0.025673570737404238 0.9988428840520668 0.04066645723616678 0.6233143795878673 0.9926134990937212 0.030296315749331667 -0.11747584717266187 7.816759195973785
-0.11831651041209565 0.03969205789352654 -0.9921823138436208 -38.6231174709014 -0.025941112968568266 0.9987361789204741 0.04304768952316733 0.645009916954246 0.9926370243053879 0.03083156589451729 -0.11713732335441013 7.713058829567411
-0.11836557677425423 0.037478474179528674 -0.992262542983495 -39.54926773410628 -0.02681239941500232 0.9988024476013646 0.04092390381102163 0.6658771753237634 0.9926080220673754 0.03144892110546504 -0.11721893997470616 7.604649996494171
-0.11864277919622199 0.0319335924832271 -0.9924233656135426 -40.46720707484111 -0.026211462950602116 0.9990336792454152 0.03527983763225357 0.6814926362149029 0.9925909782758376 0.03019856626537324 -0.11769110604004948 7.49524054381036
-0.11914240021930769 0.02779136236156117 -0.9924881503816911 -41.342793074992535 -0.02652347739456573 0.9991623591514203 0.031162240000816396 0.6919018818083473 0.9925228428690601 0.030036981090930517 -0.11830547810672526 7.386543584567135
-0.11865329931763034 0.02855183683240527 -0.9925251569479415 -42.21325972652093 -0.02568374708897926 0.999163782408213 0.03181322145245267 0.6971781474367374 0.9926035158594335 0.029266508797756302 -0.11782076118528821 7.28488002139357
-0.1178025703607354 0.03114132538500447 -0.9925486246374374 -43.182236208749245 -0.023555350276664586 0.9991393020680793 0.03414382134816438 0.7099114349398807 0.9927576239393713 0.027402060436708033 -0.11696763310452774 7.171620030993328
-0.11697006027102139 0.0361885255498358 -0.9924758917065551 -44.12368363114651 -0.02231154237422561 0.9989879177669124 0.039055540357446274 0.7293383077482306 0.9928847869098788 0.026711996822735957 -0.11604425512995212 7.060176776660186
-0.11555472503775915 0.04192040000664025 -0.9924161352903985 -45.007604590548794 -0.020658442322794398 0.998791521622764 0.04459512412002023 0.7507830780862287 0.9930862672911364 0.025654948796820908 -0.11454906948547805 6.96082387780022
-0.11562974978548837 0.04563123476044092 -0.992243695560109 -45.9780710487235 -0.019594105149060282 0.9986450641190262 0.04820899246109598 0.7752760141061497 0.9930991048268807 0.025016521039983967 -0.11457897567661857 6.847722514187869
-0.11492000761261582 0.04538957006777543 -0.9923372303704916 -46.88737591525909 -0.019040321434144435 0.9986713971236524 0.04788430564158624 0.7995067774022184 0.9931922563179797 0.024397284606178724 -0.11390309255610387 6.742937045791791
-0.11473595469290634 0.04107672295907431 -0.9925464037170504 -47.769305845676115 -0.01948762522043681 0.9988593907681613 0.04359070930284881 0.8182289220599944 0.9932048596155648 0.02434379397713357 -0.11380459802144975 6.636726337288034
-0.11392811876699234 0.03602570994038551 -0.9928356016871597 -48.674725337931015 -0.021406728992782502 0.9990212970212141 0.03870658925662253 0.8380188840857977 0.9932583428836842 0.025663131557596874 -0.1130454243683213 6.5284048521737414
-0.1127414339738138 0.03281401645370312 -0.9930823779474206 -49.60615172076307 -0.02496403613720336 0.9990455058884354 0.03584514003126181 0.8569969401149007 0.9933107096801419 0.028832576858415875 -0.11181465264639952 6.416825791936196
-0.11261090068840192 0.0306366154076353 -0.9931667447324799 -50.49390490611809 -0.027632230808319138 0.9990414375262613 0.03395093409638925 0.8688260926182717 0.9932548740714546 0.031266657989401835 -0.11165639807673873 6.311391919687464
-0.1130514709638933 0.028636981758140844 -0.9931763630839607 -51.42471064248043 -0.024446472924564023 0.9992017944702212 0.031593415279753026 0.8814023589978707 0.9932883442759445 0.027851341139598248 -0.11226115945542878 6.208939194621005
-0.11393273945816143 0.024670866504032784 -0.9931820977169787 -52.377193728009956 -0.02226521697442712 0.9993771338912092 0.02737890371206493 0.8906082958649835 0.9932389395269595 0.02523276840406201 -0.11331247242041191 6.0984196730604
-0.11570678824487285 0.023063851746154482 -0.9930156080831193 -53.30527833280316 -0.017969440210491315 0.9995181686112902 0.025308690887816617 0.8997473047316449 0.9931208578881909 0.02077232193484585 -0.11523659257743359 5.99610583946365
-0.11734947812349708 0.02669691821452301 -0.9927317737143249 -54.24705482373317 -0.017379249957769523 0.9994303045866879 0.028931435233434714 0.9059356128972724 0.9929385991364456 0.02064802246240848 -0.1168186522493033 5.880444440447065
-0.12020307270268378 0.030999559998222168 -0.9922652108145026 -55.02062104676074 -0.010916123460218424 0.9994106513456485 0.032545172076186936 0.8694513475655171 0.9926893066621767 0.014743719231726049 -0.11979383615938455 5.7863823194875685
-0.12304374372789136 0.03430057277509228 -0.991808301959973 -55.89471754676717 -0.009000070109454616 0.9993228458086506 0.03567700355867845 0.882891672647665 0.9923604364682463 0.013316176335632018 -0.12265171658133646 5.6734115164191055
-0.12356222885415852 0.03295568533076193 -0.9917894425758786 -56.83492627414353 -0.008744369857116241 0.9993734258794655 0.034297108358337096 0.8961745566519959 0.9922982976889526 0.012910400858275379 -0.12319663125785608 5.5546086945593816
-0.12463474876857758 0.028571218702183713 -0.991791240564901 -57.72846860366516 -0.010534697261937053 0.9994908671250795 0.030116883755746254 0.9082702681034241 0.9921467631116838 0.014201830706982128 -0.12427030398119 5.438790094142439
-0.12511500776303358 0.024396074211967933 -0.991842258827229 -58.63229285320734 -0.014244095409508939 0.9995504342427376 0.026382478108030363 0.9181647845570873 0.9920399894048727 0.01742873971921221 -0.12471126033113102 5.314287986229201
-0.1259291799513898 0.02269892604716764 -0.9917795119849349 -59.46536924750738 -0.016283319225951602 0.9995562154116552 0.024944453229441745 0.9243884013660629 0.9919055878216209 0.019290696934928596 -0.12550368066319223 5.201657334765844
-0.12620625349032133 0.02406510180114273 -0.9917120814305114 -60.370550313779674 -0.015491976746081099 0.99953597748167 0.026226482346333773 0.9263741901345738 0.9918830476605772 0.018673526583490016 -0.12577487494925246 5.08509522571413
-0.12740702889153097 0.025559319224996113 -0.9915211395576936 -61.171150302550046 -0.014647871718904566 0.9995104088772114 0.027647466433965952 0.929408286712829 0.9917423500300562 0.01804615601355311 -0.12697026191197464 4.981342038263623
-0.12773689309100575 0.025116810896284713 -0.9914900059777997 -61.99452723687571 -0.014930064776521023 0.9995173218350989 0.027243650955063942 0.931976322141857 0.9916957090303583 0.018283029343977453 -0.12730024166819734 4.872478985264897
-0.12800860605705228 0.02487798687845971 -0.9914609838739019 -62.789434209559666 -0.01399135101958969 0.9995405558156284 0.026887160066333574 0.9316006065616468 0.991674361306158 0.017313666528531724 -0.12760171660037264 4.767797506795446
-0.12821724375566634 0.02687514100394986 -0.991381896748028 -63.61044049041951 -0.01213091356236127 0.999515474997419 0.02866454564139823 0.9391388628040536 0.9916719111378733 0.01570165713238868 -0.12782909928280958 4.66016634587396
-0.126748664161518 0.029898084616792563 -0.9914841807459753 -64.46083570518871 -0.010692705027919207 0.9994463937877133 0.03150511075877494 0.9516246177139356 0.9918772314114567 0.014594878587500247 -0.12635880391393206 4.5510633794328665
-0.1267403053830202 0.033772092705551884 -0.9913608529419076 -65.2352229334357 -0.009239857786698879 0.9993366898063553 0.03522506827473832 0.964648948688845 0.9918928974539036 0.01362446920676181 -0.12634418791275553 4.451234084406874
-0.12610077917033197 0.0360065418291137 -0.9913637689759212 -66.04164141064925 -0.008356196394675677 0.9992670645887851 0.03735649354433914 0.9726744205207176 0.9919822415116354 0.012994713295141338 -0.12570747770887913 4.347960638823516
-0.12679503092923242 0.03565920950758082 -0.9912877689697124 -66.84282610399929 -0.006463329671820283 0.9993026969087409 0.036774248061278624 0.9873402462813354 0.9919078815601821 0.011069811570823573 -0.12647613913532524 4.246282729645438
-0.12727604239591173 0.03310286214649026 -0.9913147883239436 -67.62717180303083 -0.004535462556978038 0.9994130511578304 0.033955599756036556 0.9989082802304946 0.9918569647945354 0.008817805458749788 -0.12705120107839737 4.145373006459442
-0.12746788793931083 0.02925054853094321 -0.9914112884948056 -68.42398515414833 -0.004233797076760463 0.999539889343944 0.03003472278232282 1.0120764089706273 0.9918336617127915 0.008025896893002038 -0.12728539771890113 4.040394164943289
-0.12793563533587582 0.02587400214786778 -0.9914449098281045 -69.22183441321565 -0.0041918898474078954 0.9996366040981197 0.02662870268503928 1.026024975101895 0.9917736139213993 0.007562787847953325 -0.12778068308337495 3.9339421049856282
-0.12726899169986816 0.02299630083720792 -0.9916016205611524 -69.93484980919135 -0.004634927095771983 0.9997064919029319 0.02377913997503069 1.031822732859278 0.9918574097129664 0.007622348387462493 -0.12712505104244573 3.8388517780240954
-0.1259026667426662 0.021612074680252825 -0.9918071570295813 -70.65282861775331 -0.005454048579191994 0.9997324803457832 0.022477123832155315 1.0384017773292635 0.9920276064007394 0.008239294246803145 -0.1257511119995911 3.745365481603477
-0.12221796638493967 0.022765330838384727 -0.9922421621784417 -71.34893382537953 -0.005222165852211876 0.9997083170108635 0.02357986181301951 1.0349021046284 0.9924895453739254 0.008063535894878291 -0.1220634331498599 3.6601265557293314
-0.11719020923271267 0.024312212367006612 -0.9928118508508121 -72.03214377551733 -0.0035791396609773673 0.9996834659980832 0.024902963063631815 1.0446586659424604 0.9931030382690811 0.0064717957232100325 -0.11706609774327002 3.5833661306127462
-0.10988840997523842 0.025256413427895027 -0.9936229923536763 -72.73928253333075 -0.001054174239022797 0.999673582442648 0.025526795391477126 1.0519185538785565 0.9939433716614783 0.003852550719172678 -0.10982591580846734 3.5072878527044065
-0.1032791090461759 0.026448984526984104 -0.9943006974010027 -73.43150829338518 -0.0015317478904708693 0.9996409773379541 0.026750143461716964 1.0562055012285831 0.9946512350482596 0.004285748979321237 -0.10320151632925822 3.4382126622822544
-0.09248638333934783 0.028264000462325058 -0.9953127223012241 -74.09255018743949 -0.002008279841506446 0.9995897177053679 0.028572067999777444 1.059235908123215 0.9957119240567954 0.004641393710017802 -0.09239167579140042 3.380017481786638
-0.07726257394194716 0.029945312465751044 -0.9965609730112827 -74.77007015318307 -0.005102958245845081 0.9995238749650237 0.030429971936353262 1.0658484285992325 0.9969977204011082 0.00743650699149921 -0.07707297761705532 3.3283701613264
-0.05866253608814556 0.030940961183488613 -0.9977982580565821 -75.4267885298974 -0.005139698455760921 0.9994969513773716 0.03129580941797454 1.0737693222298952 0.9982646394416116 0.006964273715484028 -0.05847399876975218 3.299564324307211
-0.035842202845316626 0.03144382259098481 -0.9988626644920023 -76.0420679632624 -0.006066342188688412 0.9994796239132178 0.031680922883409 1.0813180869200696 0.9993390495660843 0.00719495678662755 -0.03563280243250122 3.2833901281737234
-0.009943980778267608 0.03139709354939142 -0.999457522740678 -76.65871348528955 -0.005394685258073614 0.9994907108251474 0.0314518098876646 1.0942713914287383 0.9999360052609605 0.005704514956964596 -0.009769538978785294 3.2874224780076324
0.018586315757462002 0.030317204358382414 -0.9993675079701445 -77.28402537491478 -0.004527900709504707 0.9995324714894339 0.030237998501730104 1.1054949378777945 0.9998170067475991 0.003963023860367174 0.018714899416063226 3.3077444489233394
0.050870345989328776 0.029953197532886895 -0.9982559861360625 -77.86443692374688 -0.003258864070292994 0.9995497949200899 0.029825949778328604 1.1160489407896776 0.9986999487853682 0.0017359241814898219 0.05094505730037757 3.3521796634320697
0.0884569761209639 0.030182615211155586 -0.9956226057671407 -78.46972091032806 -0.004651074531619877 0.9995424263094775 0.02988821696029598 1.126317584974411 0.996069139608911 0.001986893650833503 0.08855688212885368 3.4179498540641995
0.13039566336828368 0.029903440593071477 -0.9910109763344916 -79.07359148641382 -0.0055363938938982424 0.9995514323523308 0.029432676145011254 1.1392005524680315 0.9914465791546191 0.0016487337875318426 0.1305027293182059 3.515850975237765
0.17694032125666842 0.031329365707416665 -0.9837228235422609 -79.62350076098323 -0.005587006369145669 0.9995091140769369 0.030827199629052802 1.145685299060085 0.9842057244669011 4.149107479655239e-05 0.17702850110948937 3.6418239749661683
0.22396472378232182 0.031554204978468926 -0.9740863075976818 -80.11055044522698 -0.005307269112345928 0.9995004061670263 0.031157197667958037 1.1487182727054566 0.97458280068739 -0.001808374996463119 0.22402029904496285 3.782001937740758
0.2726358681014823 0.02987948310801917 -0.9616532118772073 -80.55279527460814 -0.005868078885568776 0.9995506973777388 0.029393349959986662 1.153094100875604 0.9620993966710214 -0.0023706245748955647 0.2726887072549592 3.945555508542852
0.3208656184319302 0.025448642098202436 -0.9467827742009531 -80.9107040775286 -0.0009085180192198688 0.9996467635031311 0.026561679403333188 1.1572393250661022 0.94712429464316 -0.007662560477692583 0.3207753975348199 4.1069141723155935
0.369120255031578 0.023892498171211845 -0.9290744780998788 -81.29204142331395 -0.0001226255408083457 0.9996707393487707 0.02565926446452786 1.1625455119884764 0.9293816343614711 -0.009357425982740962 0.3690016480865333 4.297368020860054
0.41178971580599866 0.025431230518377146 -0.9109239718388888 -81.6691373858468 -0.0035318829602634773 0.9996475504405647 0.02631160772235913 1.1694555484060312 0.9112720536476303 -0.007617572612155849 0.41173440083180857 4.498546888734937
0.4586258879122661 0.02401174209012528 -0.8883049764458621 -82.01018535142582 -0.002388906001093814 0.9996645663384637 0.02578852332823977 1.1783140859964394 0.8886262364260935 -0.00970520732032709 0.4585294111461834 4.723727582972996
0.5004366141754739 0.022474868283952523 -0.8654814125607826 -82.36235666394136 0.0026685958097593596 0.9996182092664775 0.0275011690530926 1.1829708267399293 0.8657690649295527 -0.016072211997781246 0.500185575774138 4.9801583260774684
0.541812658241835 0.022330206082064975 -0.8402025977496438 -82.68637313589458 0.005261736547621024 0.9995373105615164 0.0299579525995308 1.1869395546849115 0.8404828121368217 -0.020652522649420038 0.541444471585771 5.242640555131864
0.582992173283657 0.018419721734028706 -0.8122689454492521 -82.94982494655181 0.006290973155187437 0.9996106705391121 0.027183285325891763 1.1970167380384416 0.8124534137701429 -0.020957604719744973 0.582649319280175 5.476618090599141
0.6254811579513335 0.015796517554657514 -0.7800793492209657 -83.20865306915624 0.0029103493459769966 0.9997408436527997 0.022578206285582915 1.2035274793764843 0.7802338437382369 -0.01639254603578582 0.6252730871546613 5.7256984429294
0.6699299880167375 0.01383086187020389 -0.7422954387680301 -83.50467255775257 -0.0017911700844815228 0.9998536593182158 0.017013278863972844 1.2119127407892267 0.7424221190573612 -0.010068128321698313 0.669856723431567 6.030553044981995
0.7111204962034805 0.012752635723162759 -0.7029544865504658 -83.76170701968019 -0.005158766203541312 0.9999032123545731 0.012921031470600187 1.2130085940072142 0.7030512264483814 -0.005562032462989674 0.7111174563912118 6.318838045778573
0.74940850515958 0.01126034320716276 -0.6620121577926961 -84.02903260794915 -0.006262673053138539 0.9999311972704431 0.009918651699165441 1.2216567318316183 0.662078296971524 -0.0032871562416116485 0.7494274636568433 6.670469665156762
0.7838444575902024 0.011186215212628357 -0.6208564527282767 -84.29189583065472 -0.007154560379208679 0.9999340530302148 0.00898342119403827 1.2268307522330575 0.620915999609369 -0.002599649935279444 0.7838727978755937 7.053418857030637
0.8161528282326258 0.011935450385153982 -0.5777128231154213 -84.5400671613425 -0.010049411821278767 0.9999286282866731 0.006461242510543913 1.2324270461748754 0.577748708600835 0.0005323127250431909 0.8162145222631298 7.449368269976238
0.8487492959076199 0.01579882816551187 -0.5285593909154548 -84.78576712293714 -0.012810901608418883 0.9998745466545578 0.009315135657791665 1.2315531909169755 0.5286402495991949 -0.001134892479610899 0.8488452147021621 7.840722597951139
0.8743886299504616 0.017247185723081815 -0.48491964117571984 -85.01442202902706 -0.014651978783255679 0.9998508614137207 0.009141906145693287 1.2333724486458062 0.48500499309913314 -0.0008885464957778194 0.8745109302656164 8.29404794967912
0.8948420170234747 0.018211374339004754 -0.44601133440086993 -85.24971255056535 -0.01723891669600891 0.9998319395987475 0.006237973176863668 1.2317952203868427 0.4460499796216876 0.0021067517394893847 0.895005573880185 8.79325333925816
0.9118781703488329 0.020865736147230047 -0.40993026662628773 -85.46934982287178 -0.019828931751945233 0.9997803941736302 0.006780626195135295 1.2292952895750022 0.40998172630843177 0.0019453742713500639 0.9120916618477012 9.291635677627875
0.9251391049951835 0.022214777639115474 -0.3789777566865313 -85.68075937465552 -0.020569274418189815 0.9997532208388641 0.008390612148540151 1.2252192651401275 0.3790706284567828 3.2814062213117404e-05 0.9253677418003158 9.834933348056621
0.9347376882653775 0.02227911303048768 -0.3546393876304108 -85.89336221808951 -0.020222524785217535 0.999750322484512 0.009504850520970267 1.2240633032014567 0.3547626017883076 -0.0017128381971093292 0.9349548451971892 10.40845501676619
0.9424873605843139 0.023053558894551306 -0.3334458105316498 -86.09289897049995 -0.02042701633811014 0.9997265639968312 0.011381311111330122 1.220255320691664 0.33361701416794687 -0.0039154388497020225 0.9427005660315882 11.004889182776207
0.948962834022558 0.024913950834233197 -0.31440234524841626 -86.29999806717483 -0.021740476385369016 0.999671185779594 0.01359676463569166 1.2231829643015206 0.31463771441200783 -0.006067567539845779 0.9491924427078715 11.628999646348099
0.9543907606069694 0.028793971856175538 -0.2971686108134507 -86.50924594393048 -0.025582706890673806 0.999564763180254 0.014690449841629536 1.2296695447229253 0.29746226849164636 -0.006418052130462076 0.9547120023497416 12.285752954024185
0.9589716017426095 0.03209897628395961 -0.2816791131282818 -86.69668839676162 -0.028794694438606626 0.9994594661773561 0.015863197680870886 1.2328499407207207 0.2820360484466497 -0.0071014920965177765 0.9593775253708003 12.916212857480806
0.9626434650011039 0.029507049224098657 -0.2691596056928947 -86.85895550528497 -0.02631429263669568 0.9995341179725836 0.01546302078511034 1.2328800979886179 0.26949047718555547 -0.0078026312777822165 0.9629714438400773 13.515927072741242
0.9660970900618808 0.028194293287012586 -0.25663494384048996 -87.02473429571305 -0.025275242359537906 0.9995729380125556 0.014666414579411167 1.2362358697289129 0.2569388540054467 -0.007682670043315449 0.966397124314519 14.159891295130326
0.9701383193734838 0.027986148126365053 -0.24093239050870902 -87.19609355579846 -0.025154741285493897 0.9995737111130554 0.01482008915408793 1.2445088964462532 0.2412444409184424 -0.008316944434369858 0.970428744504831 14.846889325979717
0.9730719627435183 0.02918479897050893 -0.2286464581652815 -87.33824061024531 -0.026195539857188824 0.9995272049205634 0.016098456922257667 1.2371655318446984 0.22900818547394183 -0.009675439666409512 0.9733764106722502 15.485330174841481
0.9756481578902739 0.028741889748014254 -0.21745016849620508 -87.49937931045916 -0.02657292234743461 0.9995637333980228 0.012892737231668684 1.2388732272792466 0.21772586388215862 -0.0068004888883546315 0.9759862711880971 16.230444899205917
0.9779144843829831 0.02893025437287947 -0.20699348206135587 -87.66477755234546 -0.028316810507533208 0.9995814304203581 0.005926398693361394 1.2448051958991597 0.20707829310829493 6.588408535942569e-05 0.9783243716593394 17.01982233728253
0.9796177832505994 0.026263389422734186 -0.19914626061066673 -87.81736016612558 -0.027074644256410495 0.999632501564128 -0.0013510940137046908 1.2432243840547825 0.19903759036315397 0.0067153698836967795 0.9799688471730891 17.813486401835153
0.981409519024544 0.025891747942959318 -0.1901709056519214 -87.94407655278495 -0.026673622890491938 0.9996429900423228 -0.0015525144578008682 1.23353097979221 0.19006281543192408 0.006596199489411693 0.9817497727742975 18.5059109778885
0.9822811484166709 0.027652691988328162 -0.18536200821912047 -88.08775153410487 -0.027390323926897383 0.9996169052593644 0.003976540565822674 1.223859423197856 0.18540095906010395 0.001171044615140177 0.9826622578658964 19.25426915868634
0.9828913378641214 0.03153445880299273 -0.18146678996356375 -88.25542065637433 -0.02977223739266409 0.9994794507072515 0.012427449238147937 1.215421299169455 0.18176422044041762 -0.0068121598582417085 0.9833185458668781 20.136869626854818
0.9833142112348832 0.029516511659999387 -0.17950470055947043 -88.39912693792718 -0.02729509177809676 0.9995173618328848 0.014833116983848142 1.2121154727863777 0.17985588661021182 -0.009686017450756815 0.9836452821610018 20.928790648709146
0.9838667934646969 0.027336603143581856 -0.17680170487318958 -88.5334892455249 -0.02537928676849742 0.9995891100053123 0.013323023752561619 1.2068656194376925 0.17709326503460984 -0.00862097948955082 0.9841563159336126 21.693665454382117
0.9841571273955608 0.025678218113766728 -0.17542912446632153 -88.66767825880838 -0.02391480826255994 0.99964005529938 0.012159020800153705 1.1967482332607189 0.17567820167079176 -0.007771033107341259 0.9844169749156908 22.45888798154482
0.9845761636365598 0.022349238370842857 -0.1735231671649583 -88.80260566457063 -0.02026072112698394 0.9996995118981401 0.01379815531279858 1.1916034443845833 0.17377940377999196 -0.010069630324136358 0.9847331219000427 23.27951235452291
0.9851576428927823 0.019376328434982906 -0.17055490771689122 -88.94408777343354 -0.01688106558048813 0.9997283802249414 0.01606845971720118 1.1892260169577311 0.17081992938414692 -0.012950817317672548 0.9852171476664411 24.121329618210545
