0.9999945229816191 0.0032829169260436817 -0.0004200752562154019 0.0048337592743337154 -0.0032821936560980093 0.999993149781299 0.0017110217064738701 -0.18261362612247467 0.0004256895207290372 -0.0017096335668354999 0.9999984479695452 0.7776433825492859
0.999982858982842 0.005851106476605247 0.00021515924564732223 0.01334007663965488 -0.005851610068530303 0.999979951973171 0.002419568420243068 -0.3624419423916284 -0.00020099777967471944 -0.0024207859743874296 0.9999970496932273 1.5695675465334822
0.9999672538250255 0.007723927404411072 0.0024149996042045854 0.023650050080896032 -0.007728942020023547 0.9999679803649373 0.0020740540299633474 -0.5432611673549091 -0.00239890243403832 -0.002092651504546453 0.9999949330255593 2.3091873678589505
0.9999468945633617 0.009648048652333957 0.0036225971748226242 0.029624206346022468 -0.00965472037589251 0.9999517198635433 0.0018287472228194412 -0.7272101201620897 -0.0036047784331581147 -0.0018636252691570836 0.9999917662027544 3.046705349749435
0.9999357928092959 0.00995830274529284 0.005407630283010438 0.03807494260340744 -0.009968271362092308 0.9999486599534195 0.001819621777187049 -0.9112858702185074 -0.005389232310480664 -0.0018734096704715087 0.999983723123187 3.733204343554484
0.9999241772610846 0.010440792821355436 0.006529132714553359 0.04836337436797243 -0.010458228439144 0.9999418209086377 0.0026420173792928298 -1.0933952278032082 -0.0065011680994570276 -0.0027101002157371586 0.9999751947774322 4.428911607206738
0.9999072651230251 0.01095747917924793 0.008086705400114878 0.056909893875952036 -0.011004326761991026 0.9999227938368607 0.005771581932375432 -1.2798102325347698 -0.008022839067763174 -0.005860035454085808 0.9999506458009664 5.09391821702022
0.9998893024829242 0.010741348708199507 0.01029593163047966 0.06347318513961168 -0.010841239066214167 0.9998942247192687 0.009695715990142503 -1.4665158426572358 -0.010190697508995275 -0.009806263354671555 0.9998999884404934 5.702396184006826
0.9998563545996688 0.010926396123975227 0.012957007154538725 0.07261619366570518 -0.011091300901855108 0.9998575280348916 0.01272425543048609 -1.6503869733174643 -0.01281613088905137 -0.012866137714859347 0.9998350910471873 6.290174137918121
0.9998400961791886 0.010264218073032006 0.014643356846694504 0.0910816358629901 -0.01048811438083549 0.9998280012702454 0.015295990738758553 -1.832279471608835 -0.014483836823331845 -0.015447126052923862 0.9997757772458684 6.862731289708707
0.999798403397674 0.011181962739179763 0.01667681842441993 0.10558978042016669 -0.01143984130520731 0.9998152135872433 0.015448906446937506 -2.012140195265185 -0.01650098767871637 -0.015636572156139283 0.9997415741164477 7.4798194705919085
0.9997547202610136 0.011770876181485253 0.01876021827544238 0.09174390022946508 -0.012021799574726308 0.9998390258045876 0.013319114577090145 -2.1930207775133037 -0.0186004207158658 -0.013541379252228642 0.9997352926635831 7.961335981744507
0.9996756507748567 0.012981155197131807 0.02191079317629574 0.08109568543435852 -0.01322441315624051 0.9998521119285173 0.010994051516895057 -2.375266989567807 -0.02176483734236218 -0.011280242986348644 0.9996994788303281 8.443708266703933
0.9996456177029962 0.011907536243590337 0.023808603230812624 0.08476214343430666 -0.012141386851796016 0.9998792237066376 0.009701789789834318 -2.55362636070525 -0.02369020330241414 -0.009987421109509773 0.9996694582145997 8.930605640196022
0.9996416847375919 0.008708608984287033 0.025311307049372546 0.08559570237957874 -0.00890089607202522 0.9999323034216356 0.007494172603849184 -2.739601430905369 -0.025244329741623713 -0.007716780640919691 0.9996515268394462 9.3429234860055
0.9995835641093682 0.006583761465462257 0.028095416839374998 0.10019107835711853 -0.006782752186813355 0.9999525431602158 0.006993261055338188 -2.9210957645366085 -0.02804804155702535 -0.007180913060448893 0.9995807830547933 9.68967620781414
0.9994890156965165 0.01106954042079769 0.029986209778511557 0.09616057837259911 -0.01123143145965756 0.9999232177074305 0.0052358033752583485 -3.1118967034361713 -0.02992594943148155 -0.005569916021779732 0.99953659942302 9.958115353328912
0.9993623710940402 0.015519319117834138 0.03215590109788327 0.0971590576910098 -0.01567628201008565 0.9998663767843881 0.004634949665221761 -3.298689732794475 -0.03207967306002803 -0.0051360792612363875 0.9994721183035493 10.255622012249443
0.999212654703936 0.016443957224077585 0.03610632839718579 0.0952703620646795 -0.01666736504674204 0.9998437104288153 0.005895223349180025 -3.487889103067858 -0.036003744554023276 -0.006492379128700248 0.9993305656244774 10.511864510687909
0.9991210386993861 0.012637513423429442 0.03996802825675265 0.11741201237573382 -0.012887112259976139 0.9998989951011131 0.005993490917795101 -3.6690280437957674 -0.03988824846817307 -0.0065032953381774505 0.9991829836340718 10.765269102220628
0.9990590379974206 0.00827721188305152 0.042573775485756866 0.13775396770819268 -0.008530972784502263 0.9999468925050629 0.005782272288395369 -3.84786844315831 -0.0425236534062943 -0.0061400271098859234 0.9990765931439247 10.95464477764689
0.9989402378403199 0.005686403796046232 0.045673471899924475 0.15658367387792413 -0.006019208995847766 0.9999563052260455 0.007152395524491501 -4.030435558518283 -0.045630804798832844 -0.0074197338592952074 0.9989308170253174 11.155295958904736
0.9988285097572451 0.006008283787205049 0.04801571224144669 0.15617725895814602 -0.006395875893657441 0.9999481609857309 0.00792263294659009 -4.225527759065429 -0.04796562172716975 -0.008220454195838093 0.9988151597093129 11.25466340783719
0.9986667273682358 0.007615507664610019 0.051056553845984454 0.15994890915327684 -0.007967506976410197 0.9999458510011969 0.006694318342588941 -4.414249842566629 -0.051002808552064086 -0.0070921864401137956 0.9986733271752581 11.33191072086349
0.9984817751125417 0.008924863462062557 0.054355235077140476 0.1640845549626549 -0.009213057304865099 0.9999447879441774 0.005053774665541204 -4.604399389039834 -0.05430712976400923 -0.005546879794653483 0.9985088721595511 11.383408979437462
0.9982853390888987 0.011708262397963597 0.05735240493460604 0.16878709378433707 -0.011945874750922956 0.9999214176504028 0.00380192062551848 -4.795944894456088 -0.0573033841635715 -0.004480526266847813 0.9983467569175423 11.449620707890189
0.9980947122946414 0.01455295319819448 0.05995962677242116 0.17261382762218666 -0.01476917950046954 0.9998859218833132 0.003164578398191945 -4.984039599811491 -0.05990673272980089 -0.0040441034564602735 0.9981957867076346 11.521200081673065
0.9979202181567889 0.015982768263059638 0.062448293111630374 0.17206666852144276 -0.016114253185490583 0.9998688729970224 0.001602390694035271 -5.17313662843167 -0.06241449381498403 -0.002605365677166624 0.9980469142437681 11.551570964761309
0.9978054198327633 0.015414150154920462 0.06439524926082847 0.17790921292501277 -0.015415091246861067 0.9998810641206003 -0.0004822602045726743 -5.3604077455315915 -0.0643950239864356 -0.0005114567973277585 0.9979243554988178 11.578204237463511
0.9977215783161126 0.014436958282117588 0.06590315924115654 0.18591043022933967 -0.014319749482921435 0.9998949343788293 -0.00225055066621952 -5.544875792282124 -0.06592872619087385 0.0013017062323144838 0.9978234857046279 11.588079925300217
0.9975585870673944 0.014316329545637229 0.06835135753182997 0.19094939514187917 -0.014084917216028682 0.9998933274198278 -0.00386637922619386 -5.731758904173387 -0.06839941867531447 0.0028942165855096766 0.9976538192355278 11.617564639736123
0.9973904350377111 0.01523674445707091 0.07057026083014581 0.1912817038069955 -0.01489574901798368 0.9998747083650826 -0.005355766334737934 -5.920213507296103 -0.07064302340980413 0.004290593221105108 0.9974924330807391 11.643209705950275
0.9972511424307084 0.01608415074227551 0.07232882561984429 0.1922096747459193 -0.015582520209335884 0.9998504984543389 -0.007494384866942455 -6.109524392371866 -0.0724385531645389 0.0063467184834350345 0.9973526834474955 11.663466964645758
0.9971582348222174 0.016441377343911462 0.07351962892502652 0.19701942093922437 -0.015776543870133716 0.9998293156820557 -0.00961458091983133 -6.295760663072327 -0.07366515723021455 0.008427372887522764 0.9972474236599772 11.661780006095249
0.9970890308274225 0.016467315685797308 0.0744465722362989 0.2053154954029448 -0.015632030797760793 0.9998083140161083 -0.01178875894243486 -6.478802965886262 -0.07462643108690137 0.010590691118584952 0.9971553204214789 11.691354303302559
0.9970599025154415 0.015950682791458014 0.07494749171508829 0.21275212366447166 -0.014946389214221062 0.999791093586288 -0.013941830403115866 -6.66057454656148 -0.07515421641766991 0.012780645680814225 0.9970900154201862 11.69452536887882
0.9972404133521799 0.01608171936700091 0.07247714315129251 0.21144974406058237 -0.014997730418476825 0.9997677569129966 -0.015475797861444745 -6.842120222153385 -0.07270918827401816 0.014346098401817524 0.9972500004518317 11.708240026102748
0.9974067966552854 0.016498517988684645 0.07005341454931303 0.20962846112271522 -0.015371612577343053 0.9997441248465165 -0.016595130660616804 -7.025221570584487 -0.07030928468284205 0.015475262164109695 0.9974051938647296 11.720173884964897
0.9975615873451056 0.01735161691086829 0.06760030210058607 0.20851032080544674 -0.01617075805068559 0.9997076332833333 -0.017976499634268565 -7.211170867460824 -0.06789245935726752 0.016839517380647855 0.997550522337996 11.756852796553362
0.9979415421898372 0.017784075948952587 0.06161497394635323 0.20346059926737556 -0.016635101726661494 0.9996789749760691 -0.019110739947424238 -7.3946441725053775 -0.061935060848533334 0.018046429936038322 0.9979170178949011 11.775534991346591
0.9983091857503681 0.018345783756255243 0.05515615890183363 0.19669233751993784 -0.017255073878612897 0.9996473197977791 -0.020186590761175488 -7.57838755304081 -0.05550704524543899 0.01920073538915339 0.9982736597189353 11.799612557466016
0.998636466519876 0.01837386353153008 0.048863164813789516 0.1899409203264028 -0.01734756972536713 0.9996216496758734 -0.021345241247355703 -7.761800441300469 -0.0492368719692709 0.020468479137664336 0.9985773739678225 11.825585893385503
0.9989555105090807 0.018496279815896553 0.041782480258024654 0.1796002632713127 -0.017582695862271906 0.9996005218433975 -0.022127935661080633 -7.945081569427718 -0.04217507355956843 0.021370174622078717 0.9988816640658026 11.871319339145415
0.9992930578171405 0.018055642772686682 0.03297542058158089 0.1726687678214979 -0.017288300662947377 0.9995764802724221 -0.023408860424686123 -8.126557087738416 -0.03338411686198324 0.02282222272829778 0.9991819888744419 11.896082540985256
0.9996301241743824 0.016815568373105272 0.02137408485517622 0.163675659541538 -0.01627311539372759 0.9995473320033439 -0.02530448182394201 -8.304442440946412 -0.021789918735260955 0.024947299358552 0.9994512652932234 11.935666032153792
0.9998448275621036 0.01580589566776259 0.007777818424525056 0.15441595641499564 -0.015589806705998814 0.9995111460551791 -0.02710031066852921 -8.482727522641486 -0.008202360890296818 0.026974850761422385 0.9996024603322182 11.982344676004569
0.9998285414455644 0.01621859832155844 -0.008935590596976907 0.13392131324737783 -0.016461856184577878 0.9994763297957402 -0.027858095214747906 -8.664477894093324 0.008479092038132135 0.02800041511334482 0.9995719492621274 12.072643377562617
0.9994206225098373 0.017300951798666347 -0.029310345765734814 0.09803487877639112 -0.01811229771364718 0.9994536818187943 -0.027645660968541312 -8.847748118334733 0.02881603674308665 0.028160521403474463 0.9991879808427968 12.176756843276038
0.9984412672552333 0.018285253650438496 -0.052732204018989454 0.05958866441036217 -0.01967812189427455 0.9994678055171452 -0.02601686478911985 -9.030100212503799 0.05222841525908368 0.027013982188496377 0.998269721771548 12.294400931265548
0.996691505489487 0.01929008245563988 -0.07895527597286861 0.014833619528925687 -0.021209397590483046 0.9994978221023078 -0.02354283471868842 -9.211012310872878 0.078461483155406 0.025139537219234676 0.996600120072969 12.412619150186849
0.9941552905517165 0.02043556717361742 -0.10600776321723925 -0.035748253971118124 -0.022818323542715627 0.9995124191058005 -0.021313098413180166 -9.394286582588217 0.10552053060295744 0.02360744898464307 0.9941368648097241 12.530216463995597
0.989817963540556 0.021397893426462086 -0.14072145966175104 -0.10808412261284986 -0.02408206183761992 0.999558567484357 -0.01739897888579699 -9.572738582559357 0.14028703913788032 0.020610684741879198 0.989896331099574 12.708141943195526
0.9839886935931264 0.021839753759171514 -0.17688774982069416 -0.19479903444073807 -0.02441777238456406 0.999624806474416 -0.012410425970176461 -9.750398208454572 0.17655034203497155 0.016530923650067624 0.9841527855422703 12.906141704278644
0.9756826433102536 0.02398626767547561 -0.2178716101425657 -0.3051349577890683 -0.026188684709309247 0.9996308977361539 -0.007226415737195376 -9.92397328204805 0.21761785849582804 0.01275645931325885 0.9759506854393201 13.133048968565662
0.965867696460081 0.027167328104089283 -0.2576073159259628 -0.42024509945225014 -0.028785686448494607 0.999582449191866 -0.0025122745230229575 -10.099060827812343 0.25743149999676257 0.00984192822951064 0.9662464278113228 13.353563438585214
0.9537996455654374 0.030789967419664745 -0.29886152985210285 -0.5461278580972939 -0.03160346026311416 0.9994982548289802 0.0021118459271378667 -10.27548785916326 0.2987766011899884 0.007430780586061577 0.954294150711006 13.534663999146284
0.9390285148721571 0.034645357621105766 -0.3420893851792162 -0.7037736468134453 -0.03377646570148044 0.9993932782181574 0.008498577356273889 -10.449929670798497 0.3421762683496701 0.003574163911958356 0.9396289835518191 13.765943398518715
0.9225596741083122 0.0382919261086261 -0.3839497051751098 -0.8648073042458044 -0.03471918899876688 0.9992652380246985 0.016234592409727914 -10.62351287781608 0.3842892473442764 -0.0016469579028043722 0.9232112769595245 13.995175229437347
0.903263355486997 0.04253382792247513 -0.4269732826730841 -1.0620198408892203 -0.03673050245736006 0.999086904958896 0.021822615078929002 -10.796655919133116 0.4275116148405776 -0.004028625313243717 0.9040008790673199 14.247299862028004
0.8801668242607439 0.04736955020488767 -0.4722949154756386 -1.2783834644585137 -0.039729293945051224 0.9988684046022828 0.026143708419370876 -10.965686942403973 0.4729988844314352 -0.004246881288191744 0.8810527903173235 14.437386204390485
0.8555253816124799 0.0508284174400243 -0.5152599279949496 -1.5033076596240558 -0.04109730695895049 0.9986961996376287 0.030280557955205074 -11.131252944653308 0.5161272447541791 -0.004729990475610449 0.8564988583836876 14.685486726072757
0.8276041470058215 0.05507528812327056 -0.5586036953842166 -1.7538972848128553 -0.04369607736522222 0.998476117549595 0.03370601587222398 -11.295938411904274 0.5596088175517403 -0.0034864482248888394 0.828749549621065 14.89433090804077
0.7975829294144667 0.05791332339458158 -0.600422782445861 -2.0366484173114783 -0.04434151269249221 0.9983164929443885 0.037389974155603356 -11.453767122729166 0.6015773441202531 -0.003197950689072677 0.7988081572897293 15.134772600119858
0.7654706860660488 0.06102523239834122 -0.6405704877562642 -2.308949409176351 -0.044833773374956414 0.9981315389079992 0.04151341713362744 -11.611936226538319 0.6419069726514379 -0.003058111815474199 0.7667764253115703 15.349979391841128
0.7300336645113009 0.06273860496694175 -0.6805253236485772 -2.606634348434437 -0.04388007288592767 0.9980256509366688 0.04493705904887934 -11.773718156316187 0.6820010175093035 -0.002944065087394993 0.7313452977882853 15.536364284300095
0.693032570918113 0.06311012722459282 -0.7181385433802615 -2.9618114675163616 -0.04108418480825548 0.9979993325100807 0.04805644668588095 -11.926650689969245 0.7197346354075718 -0.0038005461617392315 0.6942388713141912 15.772946918016851
0.6540931893298887 0.06346922524885727 -0.7537464806674465 -3.354303511018017 -0.038019139941136176 0.997972590757155 0.05104167998397397 -12.07918074941615 0.755457903969764 -0.004729222320838524 0.6551801201088527 16.01431708499418
0.6122160925703725 0.06372457769013061 -0.7881184138161452 -3.7599347913027312 -0.03474244073692478 0.9979523864436872 0.053702860286852394 -12.230865566128054 0.789926843960569 -0.00549659799898281 0.6131764579637189 16.227418070218476
0.5694032652179205 0.06441256976021566 -0.8195309282852314 -4.1890364367409045 -0.03300683484237353 0.99791297341797 0.05549996700713018 -12.37962347877638 0.8213954409496426 -0.004551740435219066 0.5703409605193657 16.42441790293692
0.525015488563181 0.06471219032888977 -0.8486289349247992 -4.639686782594928 -0.030886095649960508 0.9978970805110893 0.05698654054199708 -12.524951485253055 0.8505320604564328 -0.0037079819687706322 0.5259101301605191 16.61062177816466
0.47603865796733275 0.06436867874628853 -0.8770654874734924 -5.090379532404453 -0.02609351504533233 0.9979124480420486 0.059075159883858135 -12.672247837136583 0.879037157686317 -0.005236338337186105 0.4767245076221479 16.784570473809147
0.4281918119116915 0.06395322856686489 -0.9014220747062133 -5.574393591059272 -0.023025140959372956 0.9979409763490009 0.05986360002040005 -12.812677445886134 0.9033944958298024 -0.0048777330262908675 0.4287826869463611 16.935097431743888
0.3745496146846541 0.063340397695192 -0.9250408532380551 -6.121498298816258 -0.019672262880135818 0.9979822206279717 0.06036960645586228 -12.946970827563046 0.9269981597677265 -0.004413765996943245 0.3750399051527352 17.055039146840294
0.3239675639718597 0.06853766638546438 -0.9435823259157469 -6.626677609022557 -0.017990061681606197 0.9976383811506521 0.06628739047357864 -13.086711721995622 0.9458971271627958 -0.004499860168878978 0.324435472911995 17.18864349753955
0.2726529994916111 0.07420421021770005 -0.9592466195166871 -7.186924703666774 -0.015663386758209677 0.9972315430947898 0.07269049299630201 -13.222678340062577 0.9619849272122146 -0.004794230151970592 0.27306046065617023 17.2943039435869
0.22185792606430432 0.07491333846723454 -0.9721970234279346 -7.7703020273241865 -0.008466531211317824 0.9971547773590185 0.07490439132208718 -13.356206887332208 0.9750422444651786 -0.00838699646942442 0.2218609469882623 17.359228967274028
0.17715577700004465 0.07717804739179457 -0.981152067559508 -8.380811414000076 -0.004437098245123811 0.9969730357330261 0.07762137708412385 -13.497380371630799 0.9841728216297548 -0.009397607251983511 0.17696197937202213 17.423990819715012
0.13951554206377337 0.07530185684249159 -0.9873525428532208 -9.067488274492339 -0.004614159158984053 0.9971429540173568 0.07539654361304118 -13.62575925918428 0.9902091309707797 -0.005963187873155962 0.1394643944972424 17.46932134848582
0.10407039679265831 0.07145549812419817 -0.9919997299894986 -9.772356589962742 -0.005637164557259676 0.997442121786831 0.07125612998989816 -13.746250889018098 0.994553957755522 -0.0018235880032499388 0.10420700379351386 17.507443264207474
0.07475558686992069 0.07051852226605498 -0.9947053534837048 -10.544631557066067 -0.008255713988778118 0.9975060430379462 0.07009662823070013 -13.870874366336237 0.9971677117808564 0.0029718883204793095 0.07515133040433405 17.520373151346767
0.05590537504773867 0.07504069711658001 -0.9956121146395447 -11.295015655650484 -0.009059608322361587 0.9971686941778075 0.07464930574874823 -13.995242479711658 0.9983949682053775 0.004846558364695401 0.05642692915798747 17.536262091733576
0.04518162749668871 0.08132286571385271 -0.9956632021164754 -12.073158653672131 -0.007621418504342683 0.9966800783139174 0.08106007323055987 -14.11296912501955 0.9989497157098208 0.003925939919146175 0.045651423625327786 17.549679142294618
0.036746647989041474 0.08461234720451513 -0.9957361269744652 -12.80719217537462 -0.007435039827921717 0.9964046580212061 0.08439477268408906 -14.238577542140213 0.999296954885947 0.004302112758218317 0.037243627394346106 17.551998766609636
0.033845865008967566 0.08168389664821882 -0.99608342946269 -13.611098942430822 -0.006720293827200589 0.996650517050377 0.08150205220784826 -14.351980639257183 0.9994044702084689 0.003935465865414296 0.03428143864763158 17.5601195689737
0.03498806030143325 0.07776558831239647 -0.9963575407005087 -14.38961290055852 -0.002620240725808968 0.9969716653317366 0.07772150837574686 -14.463270192199305 0.999384295441389 -0.00010862821615860546 0.03508586930700983 17.57336920602119
0.0397640690587089 0.07441464751982434 -0.9964342823520226 -15.25793838607094 0.010372498215250528 0.9971385168544737 0.07488116910167554 -14.560504898789308 0.9991552582520238 -0.013313092794666673 0.03887841904671206 17.611306741689877
0.0438412094736161 0.07480605322761999 -0.9962339096579642 -16.112637091279737 0.011411620033020273 0.997090144136143 0.0753725374044581 -14.669685184543138 0.9989733346191538 -0.014673066041933741 0.042859979617547304 17.63656250159688
0.05004815894921527 0.07418250997976128 -0.9959880205097311 -16.969105588109855 0.008747919209845462 0.9971669393892747 0.07470989826337472 -14.783707797263883 0.9987084938535827 -0.0124519156007581 0.049257426877370517 17.65797051193017
0.052613843977468565 0.06752366353385499 -0.9963294326099561 -17.834910918446077 0.013175493312409862 0.9975775495724502 0.06830401865922234 -14.891438278572872 0.9985280115239076 -0.01672086875708001 0.051596731971310685 17.691940840962356
0.05488981516144498 0.05769701334145983 -0.9968240380543668 -18.784478069332092 0.010765685265552742 0.9982368739371655 0.05837159868392808 -14.990425043699984 0.9984343785208446 -0.013935500121269527 0.05417188961135322 17.71709647670422
0.0550811120837698 0.050424610023705546 -0.9972078167541449 -19.695634729522904 0.0029944734740783895 0.9987111627827668 0.0506660286751006 -15.103273473796122 0.9984773929439904 -0.005776853559706592 0.054859126339393015 17.72960203080024
0.0526523925229818 0.04748861245168089 -0.9974831112600433 -20.65501240737794 -0.0023671551588053293 0.9988717701316335 0.04742977346088366 -15.225914262631969 0.9986100951512856 -0.00013609375689810742 0.05270540143504602 17.74110542241336
0.049505741615402735 0.05470191922553694 -0.99727472723425 -21.634839806364944 -0.011454729120233546 0.9984644740430126 0.05419855399170487 -15.350730427394996 0.9987081509269317 0.008740372249081396 0.05005631993121789 17.75070770084167
0.04659076688144724 0.06244423802782405 -0.9969603891722675 -22.648517643280865 -0.0189671841703017 0.9979195744563556 0.0616179262998649 -15.469510628776476 0.9987339717692837 0.01603870487197093 0.04767822962297708 17.756052732496435
0.04209056835483918 0.07158007392074156 -0.9965463747729273 -23.678140739079197 -0.021478833154991647 0.9972646130629825 0.07072447425495386 -15.577985524174448 0.9988828979324186 0.01842781999697137 0.04351289082895536 17.761634219903716
0.040102260536512606 0.08152761720894765 -0.9958639748138742 -24.75675634110568 -0.022616394237494734 0.9964844327418367 0.08066767639441666 -15.67258797582304 0.9989395914726557 0.019287896085665213 0.041805139074433284 17.770452966259217
0.03967896096364897 0.09013261982885436 -0.9951390309397116 -25.800395365172122 -0.022063477843138057 0.9957595539881702 0.08930909016861706 -15.756911467294643 0.998968859876178 0.018412536057480736 0.04149934353241508 17.78365484902022
0.038285340333310575 0.09137507646227996 -0.9950803123954723 -26.825125257906244 -0.020535274761510548 0.9956720419124081 0.09063932614734789 -15.843845704832967 0.9990558218668426 0.016964090175677717 0.03999605528648582 17.79613925677066
0.03849669371165863 0.08828441784920693 -0.9953511270593373 -27.886351349273696 -0.022163875276318534 0.9959198885512686 0.0874776441198816 -15.941662629234907 0.9990128964162608 0.018693238163985774 0.04029634773695965 17.80547221878395
0.03634903745819355 0.0843261596457262 -0.9957749978159032 -29.059576091664514 -0.0222846844442569 0.9962541062024933 0.08355326872056602 -15.719543573671732 0.9990906567049272 0.019153450709329747 0.03809205968233465 17.84776433391415
0.031228177318309118 0.0796091777012258 -0.9963368806619108 -30.098947741508734 -0.021748463040840594 0.9966411656604044 0.07895182877192766 -15.547879100367675 0.9992756402998813 0.019203274116807546 0.03285466430291625 17.872678569028185
0.025764878956881992 0.07474024323522013 -0.9968701355008451 -31.09948323819647 -0.021127672478372966 0.9970191506698948 0.07420535461224247 -15.388908237884168 0.9994447420783122 0.01914965374679631 0.027267165114730808 17.8861801366441
0.018875267132739085 0.07246167388310537 -0.9971925742346471 -32.22075964567848 -0.021518745644107554 0.9971686734528421 0.07205262153595572 -15.115918294608594 0.9995902499907512 0.02009832088404301 0.020381109417058285 17.89760575440136
0.011419698709559726 0.07553704417553281 -0.9970776025157733 -33.314712774606285 -0.021004688279219714 0.9969407232081733 0.07528610415911816 -14.935130341277313 0.9997141559224197 0.020083559604522003 0.01297139475676862 17.899278496517326
0.0041620315111143115 0.08127828875060888 -0.9966827565837934 -34.48575617679881 -0.021473975980370964 0.9964688201702983 0.08117116966022184 -14.671504444903457 0.9997607443030035 0.02106490460901056 0.005892702649747887 17.892644286812565
-0.0015035665790492621 0.08448225203203254 -0.9964238497643131 -35.61947718980588 -0.023972548062137753 0.9961355748960146 0.08449398420003053 -14.464224367985647 0.999711486493454 0.024013860959509324 0.0005274986886198273 17.881036979997962
-0.0062684637858272845 0.08733840582296097 -0.9961589778896064 -36.736034046495426 -0.025923383745320317 0.9958295605152953 0.0874726504634842 -14.246680850490373 0.9996442789997646 0.02637213059685912 -0.00397821452709334 17.862443483054538
-0.009768200462981836 0.0893582325530644 -0.9959516496972648 -37.82991514848842 -0.03065241322927297 0.9955043504093724 0.08961873620641755 -14.064566413835884 0.9994823719420656 0.03140373530340018 -0.006985240586915317 17.835468674407718
-0.012746586497863895 0.09106433303583145 -0.9957634316349379 -38.96534744173507 -0.03459880338232543 0.9952078409697009 0.09145641626992201 -13.86233861972184 0.9993199924634573 0.03561798030721622 -0.009534785874423395 17.804941286657815
-0.013861147874923058 0.09068517328445233 -0.995783143021589 -40.11209455625858 -0.0357664124283447 0.9951965419066905 0.09112961493921697 -13.690951875970303 0.9992640453461715 0.03687875165096094 -0.010551083123153135 17.780654026172805
-0.014548721844541576 0.08951040321291386 -0.9958796224490928 -41.23497424818896 -0.034817572557347874 0.9953356755271368 0.0899701598539848 -13.535869626098087 0.9992877820397407 0.03598306184303021 -0.011364326926690173 17.75438588814621
-0.015166230432051422 0.08877283105428177 -0.9959364286545029 -42.34347399135044 -0.035954447526506575 0.9953584048940803 0.08926882720062419 -13.380122332213183 0.9992383415169505 0.03716221566751848 -0.011904056835182223 17.723741615889594
-0.015737301513523826 0.0883289812355602 -0.9959670317911916 -43.448025424271 -0.038119496485660015 0.9953132351297713 0.08887332537486871 -13.222629170628911 0.9991492587840678 0.03936438808613154 -0.01229648819184725 17.69071215498405
-0.01691459979772088 0.0866420021456851 -0.9960959089253737 -44.57595896307263 -0.04236388414903011 0.995281698761203 0.08729055751237029 -13.060479965702243 0.9989590570356177 0.04367497653347922 -0.013164299879201789 17.648358864748857
-0.017870853049010947 0.08237054401306097 -0.9964415316968123 -45.70717875321529 -0.04734802289108846 0.995412873856506 0.08313468162587395 -12.931752821527953 0.998718577648181 0.0486652241310244 -0.013888794788301545 17.591354769467568
-0.01733319523548542 0.08170797710872392 -0.9965055779170154 -46.83311386462192 -0.0496244970155735 0.9953567014802357 0.08247694292549164 -12.783749361562963 0.9986175292066928 0.05088067703149899 -0.01319799476952536 17.541553166142286
-0.01576477901777577 0.08616986062910306 -0.9961557242026357 -47.929940822546776 -0.05004187578230828 0.9949630087655451 0.08685863144443716 -12.668044187603586 0.9986226927176793 0.051218808140891824 -0.011373270502269791 17.49950109667978
-0.014065598610337288 0.09018467840167077 -0.9958257290898423 -49.0629111406167 -0.05148003092886282 0.9945381028598235 0.0907952001790032 -12.53248945259319 0.9985749673165736 0.05254222817476574 -0.009346063724085122 17.428572650630265
-0.012524888247887252 0.08907947964452415 -0.9959457683431537 -50.24398762533102 -0.049396040577821355 0.9947527089798782 0.08959396828150294 -12.406019960862345 0.9987007351302051 0.05031793202679867 -0.008058992923084018 17.384715675148836
-0.009957371686627994 0.0884515748513173 -0.9960307071849805 -51.318652674582964 -0.04872591388942113 0.9948538952743111 0.08883418471044716 -12.289141131655121 0.9987625523940787 0.049417061465155274 -0.005596246189547077 17.337035261894382
-0.0072700645657331805 0.08943097179941291 -0.9959664891170881 -52.476906064148466 -0.052759562591386824 0.9945712581012937 0.08969080841409802 -12.169301283922659 0.9985807802658607 0.0531988142896203 -0.0025122583073592555 17.276294535174003
-0.002562517775439638 0.09054304530990902 -0.9958892460754131 -53.62007168849063 -0.0574375005207151 0.994235063474856 0.0905404445045462 -12.043594190507497 0.9983458153548715 0.057433400588470414 0.00265282118901532 17.211443490229986
0.0014558747701921607 0.09073454058591686 -0.9958740500551827 -54.723133155865064 -0.06118076624152335 0.9940176128481817 0.09047595918088713 -11.921195400005216 0.9981256405236535 0.060796615796145065 0.006998373881291275 17.143421628178857
0.005402987153127616 0.08999077960105444 -0.9959279428335235 -55.88095528316374 -0.06253628019375117 0.9940234632241675 0.08947942902902149 -11.787204927002737 0.9980280664336808 0.061798172680310626 0.01099838460969323 17.07652968035639
0.010485970776240257 0.08941196582209567 -0.9959395286786767 -57.008388458983795 -0.06212527999924945 0.9941284260324608 0.08859527153994301 -11.671271761642258 0.9980132734597744 0.060944014653202615 0.015979145035187117 17.0366056623149
0.016030710624743164 0.08948957769900313 -0.9958587408865357 -58.0966264400987 -0.0608086978680007 0.9942303741735566 0.08836438951470756 -11.563926813569552 0.9980207004769309 0.05914032933593478 0.021379964115340065 17.01241640098891
0.02088818111165087 0.08986869277449265 -0.9957345539594612 -59.21824443820688 -0.06026544592210608 0.9942539850853782 0.08847083796174456 -11.453647141983911 0.9979638069176939 0.05816039202797209 0.026184134155935575 16.993103968456182
0.025318419926543025 0.09154901759536567 -0.9954786562200835 -60.369257864075124 -0.059476339795918494 0.9941718417443622 0.0899161503129564 -11.339127888116293 0.9979085842986337 0.05693089196512861 0.030615860646912955 16.980889067021025
0.029967393406941992 0.09288560857298644 -0.9952257126161965 -61.52796798294703 -0.06040312480606914 0.994021507634448 0.09095441096395762 -11.220177581375946 0.9977241191061061 0.05738907631391181 0.03539881458156492 16.977176505122205
0.03386033571645949 0.09224900450997628 -0.9951600870372986 -62.665656706855536 -0.05980572357220433 0.9941337165338301 0.0901189718019377 -11.10140041231128 0.9976355813087128 0.05646481043580792 0.03917871985242177 16.983108763346188
0.03817803993606412 0.08810869047210572 -0.995378971010503 -63.82773833666585 -0.05997360889384523 0.9945115676012067 0.0857316052785526 -10.984286053887054 0.997469600290098 0.05642340445843475 0.043252698487279584 16.99488449073813
0.04381330200560345 0.0832073360431601 -0.995568648459745 -64.95466932918404 -0.05907667228349925 0.9949975253353558 0.08055973788701686 -10.877031378005057 0.9972915027008268 0.055285294655246696 0.04850973959535084 17.007865213593423
0.047155264953031586 0.08269579765103408 -0.9954585807747431 -66.07055162304079 -0.05930001681216672 0.9950412833193331 0.07985206632448648 -10.770813976003055 0.9971258140241308 0.05526526523117987 0.051825297545129656 17.03185313122938
0.04892998581327482 0.0856887947070042 -0.9951197349816608 -67.24187443779688 -0.059119045501293384 0.9948147767715126 0.08275565464703954 -10.657562505123273 0.9970510493186033 0.05478129588376808 0.053742112667500716 17.04836352110635
0.05024838277514322 0.08548340729738381 -0.9950716994796451 -68.44424282601531 -0.058936780440564836 0.9948478179920386 0.08248802911804053 -10.54420190943302 0.9969962667632124 0.054501432213361276 0.05502761076867734 17.069704052710293
0.05079828408173252 0.08561876936006065 -0.9950321405199017 -69.63957209216939 -0.06052395334432562 0.9947511352619763 0.08250472693477504 -10.438285780071618 0.9968733045908718 0.056032180292012686 0.05571363716181077 17.093528444603997
0.0518296105544743 0.08646343405075434 -0.9949059081349951 -70.82528147132834 -0.062080379625187386 0.9945970879114566 0.08320251909432361 -10.329620609337677 0.9967244944995399 0.05745178230655248 0.0569172625346333 17.110171388220554
0.052320324799502195 0.08636914156362585 -0.9948884133401263 -72.04857501662654 -0.0633314354324002 0.9945344754603607 0.08300786954774532 -10.223916947218884 0.9966201447386791 0.05866471261624073 0.057504248492677296 17.14581641484351
0.05281615539735231 0.08433216984766292 -0.9950369535136998 -73.26198183070902 -0.06357650964418297 0.9946902326193497 0.08092816909534944 -10.125584938523527 0.9965783868570025 0.05898666171641918 0.05789725890788699 17.200810519115674
0.053829205909183074 0.08336584177546846 -0.9950640949286892 -74.49967929415702 -0.06180594167186704 0.9948763552760748 0.08000664526553898 -10.032815137244956 0.9966355613589352 0.05719417922883024 0.05870590853653418 17.26696597196782
0.053304033280618036 0.08295612616853446 -0.9951266055970598 -75.71507552497009 -0.05755290734988822 0.9951420566936793 0.07987458829344754 -9.94679944978541 0.9969184233885906 0.05301479162066692 0.05781945155242595 17.338426359376
0.05355084718402691 0.08316833112682938 -0.9950956413649134 -76.90077749968665 -0.05502292812286504 0.995257304039827 0.08022079615760377 -9.861140824567112 0.9970480350247215 0.05045718435418127 0.05787303690311364 17.400730795318758
0.0536608383384416 0.08545668883305198 -0.994895807993231 -78.08923801701341 -0.05459923030128969 0.9950919273394354 0.08252866286565558 -9.77030663502065 0.9970654133402289 0.04989198811008858 0.05806333647923126 17.451890486062652
0.05342952527951369 0.0895169010528022 -0.9945511601995675 -79.30041048587768 -0.057002561960823664 0.9946231400011972 0.08646107392381609 -9.671276220683586 0.9969433252488867 0.052072389997578634 0.05824493490108662 17.50037622060356
0.05375947794790396 0.08991928829311065 -0.994497078992003 -80.49012982691487 -0.058686233941327964 0.9945003029304406 0.0867471810322609 -9.573847261283587 0.9968278911008418 0.053699805065945516 0.05874084149318013 17.536362473398384
0.053702942907277944 0.08755579298255416 -0.9947110017679963 -81.69772160440196 -0.059614771114832064 0.9946527867959635 0.08433215747239034 -9.474896785679068 0.9967758388865687 0.05477058365781724 0.05863540038030122 17.58465745150905
0.054085110386652716 0.08553599438225667 -0.9948660183660406 -82.91371304224377 -0.05982208897482515 0.9948122698204376 0.08227919229911819 -9.382975679927206 0.9967427544282179 0.05506488427070107 0.05892147329372051 17.641219417846678
0.054009153117709215 0.08476151887722838 -0.9949364282692286 -84.12704486224634 -0.05780365438682276 0.9949852409057455 0.08162786239552432 -9.292654384586172 0.9968659633667084 0.05310230971774338 0.05863783576842075 17.702817496627887
0.05378652643879213 0.08597847280713543 -0.9948440640559697 -85.31661953686535 -0.0560969147512323 0.9949730239344529 0.08295672244081148 -9.206947584699135 0.9969754990615571 0.05134572870727917 0.05833926991723852 17.772639823167676
0.05357275813291398 0.08825421214929811 -0.9946562992430779 -86.50951956309629 -0.05548134430301943 0.9948111349971434 0.08527969347988602 -9.118014979034733 0.9970214541424678 0.050616200209025554 0.05819123865357862 17.839039713019588
0.05332974116492964 0.09068017508460612 -0.9944511272827352 -87.72586127046557 -0.0553921351341038 0.9946035847929282 0.0877235457693062 -9.028066004642517 0.9970394425861825 0.05040649723676038 0.0580649202509888 17.90047800574988
0.05315708205625847 0.0912299732605051 -0.9944100847266925 -88.88176251374078 -0.056374425837944546 0.9945040297876173 0.08822504660032639 -8.938512127759111 0.9969936051643987 0.05136951153237851 0.0580079696784722 17.949188138580062
0.053755876108724815 0.08960509201895611 -0.9945256322830767 -90.06066345944758 -0.054194774609538136 0.9947595606521688 0.08669684478758774 -8.840822754873075 0.9970823597821814 0.049237627637571044 0.05833029946622186 18.007732788164635
0.05398844220211755 0.08807831509758357 -0.9946494148785063 -91.25155494534201 -0.05168726832301916 0.9950133070388606 0.08530501221435788 -8.744937180265088 0.9972029253877526 0.04680522647267377 0.058271745923293705 18.069949696434623
0.05419718512352924 0.08906734867105204 -0.9945499849305669 -92.44668006191931 -0.049716671611533696 0.995019233347196 0.08640010320032407 -8.657987750919458 0.9972917916480389 0.04476307261420898 0.05835537371637889 18.13449439944686
0.053283827527422604 0.09178325731539003 -0.994352385927947 -93.62284357360562 -0.046594876086300245 0.9949108741735383 0.08933795371366735 -8.571625639828346 0.9974917299138519 0.04157145809109796 0.05728928892602778 18.193294834989246
0.05271906602408122 0.09425249010602842 -0.9941514815089084 -94.80058462856846 -0.04432158247316821 0.9947757086918674 0.09196133276363663 -8.480882672335163 0.9976253291715389 0.039214251304890965 0.05662106577921465 18.25017950415762
0.05255434099075436 0.09547152023701956 -0.994043877334726 -95.98685289189743 -0.0435631254180132 0.9946910688491909 0.09323052963201377 -8.381984573299379 0.9976674272255462 0.0384039890543115 0.056434371422692066 18.30000194099609
0.052140720491466355 0.09704302478133041 -0.9939134754131853 -97.13956142257756 -0.04362144273465158 0.9945386647303943 0.09481568483130248 -8.285839936260679 0.9976865815477208 0.03841218162993907 0.05608911928395994 18.34508838421081
0.05180963637714799 0.09639567401247418 -0.993993780468542 -98.31999969593862 -0.04390288714918351 0.9945881028248679 0.09416497342001964 -8.177760828623471 0.997691484417118 0.03876054373854585 0.05576129635023312 18.390326975026426
0.051117452775078544 0.09276782394656949 -0.9943747466936204 -99.50926685351405 -0.04574355730448896 0.9948489420593889 0.09046054083655787 -8.067006924439047 0.9976444922851613 0.0408621257832957 0.055097674084770405 18.431332814693434
0.05111886977612991 0.09155824645902148 -0.9944867765124662 -100.65459239822074 -0.04694236960270888 0.9949083413616497 0.0891841141969279 -7.95793630329359 0.9975887304339862 0.04212457470832268 0.055156550986706965 18.47653410934844
0.05115499049620716 0.08978826648629264 -0.9946462859472784 -101.8315863760687 -0.04753071618996978 0.9950405432144895 0.08737933610344678 -7.847411387207535 0.9975590197907089 0.04280636121883111 0.05516899014302748 18.52987207958127
0.05091327927795571 0.09001065342135484 -0.9946385877613142 -102.974039583338 -0.046149064769428094 0.9950784115312604 0.08768819034127429 -7.752144783349911 0.9976362572671819 0.041437147284545735 0.05481661254443636 18.58524077268699
0.051534546691590695 0.09136733983694086 -0.9944828805506957 -104.12869602154701 -0.04531523374240286 0.9949943536547313 0.08906607539389998 -7.651838384778776 0.9976425813326947 0.040475244363949385 0.05541691533742149 18.642203857184686
0.05152296931171889 0.09339746274923491 -0.9942948745645351 -105.30264627293519 -0.04284668558150973 0.9949072248306181 0.09123472756858671 -7.550027883891344 0.9977522463858357 0.03790155579709416 0.05526234613348268 18.698895584903546
0.0512518546591219 0.09265838925361207 -0.9943780318847164 -106.46281796773205 -0.04595825575522739 0.9948505761032949 0.09033365903624443 -7.440164612481873 0.997627729226657 0.04107011234298538 0.05524635508517479 18.75211487975277
