0.9999973271135174 0.0020889912537580425 0.0009908992695423634 0.006463008001446724 -0.002091094638436845 0.9999955527829556 0.0021264377545580472 -0.18795309960842133 -0.00098645275292731 -0.002128504134981088 0.9999972481867705 0.7475316524505615
0.9999866615532615 0.004769281711333053 0.001982591112833808 0.011326240632436604 -0.004775708961414949 0.9999833154012985 0.0032498496800553844 -0.3722298154261759 -0.0019670585854530314 -0.0032592746102529007 0.999992753878515 1.5793327543308264
0.9999743047592229 0.006239857075411739 0.0035290232341141535 0.01944600301989901 -0.006250509889495174 0.9999759180513174 0.003015699511933932 -0.5531999935493117 -0.0035101207144208734 -0.0030376802174339507 0.9999892257176907 2.3150304690754853
0.9999571254522185 0.008201895135007757 0.004298391970300274 0.027344827464749404 -0.008213311549601103 0.9999627718251446 0.0026450854737444913 -0.7382318217817788 -0.004276537235333622 -0.002680276099315342 0.999987263593545 3.0521508154826202
0.9999501248813678 0.008345054241530507 0.005487059270928827 0.037462118949771035 -0.008359874033857434 0.9999614549339961 0.0026834963059904175 -0.922236854567601 -0.005464453849636624 -0.0027292335906150826 0.9999813453400682 3.7623334087409863
0.9999480234000515 0.008237736639010342 0.00600751141458598 0.04690690518597403 -0.008261101328185545 0.9999583689755481 0.003874857495112549 -1.1083583288188665 -0.005975341260172951 -0.003924284753720794 0.9999744473165282 4.468459563431337
0.9999326905672322 0.00892470065247442 0.007413774560870951 0.058661221784426947 -0.0089740932910462 0.9999375800739688 0.006655945118398123 -1.2936145530916874 -0.0073539094758702465 -0.006722029015055709 0.9999503659389006 5.14653430267559
0.9999139890906039 0.008977562079114609 0.00956126560822215 0.06850929219917959 -0.009079863933893702 0.9999014157729981 0.010710499806094329 -1.4822125828014423 -0.009464168841335444 -0.010796393577024391 0.9998969283850575 5.787059277689244
0.9998969852669678 0.00868835999981525 0.011425027551052616 0.08241745793360321 -0.008857624593546795 0.9998505127693071 0.014849060627319905 -1.6654786811972035 -0.011294305670934179 -0.014948729560321757 0.999824471666874 6.425286451262241
0.9998764549567838 0.008143680308278554 0.01344452654765825 0.0995649768249481 -0.008377503823243274 0.9998130236651758 0.01742799871444126 -1.847724921485022 -0.013300084689417423 -0.017538477144141616 0.9997577254348768 7.0433317506935715
0.9998520543668111 0.008096332119782052 0.015176257268276662 0.11708651412224187 -0.008365206615820086 0.9998076777020488 0.017737838828645835 -2.0292482667753693 -0.015029727101360645 -0.017862167120552903 0.9997274880131165 7.636511460295056
0.999810175617454 0.009282316072329563 0.017130421481350334 0.10696122938868867 -0.009540098048617243 0.9998415552378024 0.015028338194081847 -2.2139757223797605 -0.016988209470633047 -0.015188911349609681 0.9997403151373838 8.125841817492244
0.9997770916233917 0.00957275467331785 0.018818327052003227 0.09605665418749623 -0.00979697107792149 0.9998816856013601 0.011858927298945443 -2.3966889528834496 -0.018702577971233147 -0.012040646450576262 0.9997525875986928 8.618915987964417
0.9997421379014557 0.007727336990988178 0.02135289130899221 0.0997908190037298 -0.007948209624661619 0.999915585784485 0.010278485736385814 -2.579703238715006 -0.02127166349838127 -0.01044555256070046 0.9997191639474122 9.067758670374728
0.9997157915097025 0.004476291674774637 0.023415785679127596 0.09650572900357614 -0.0046640403681607505 0.9999573653517001 0.00796958005991582 -2.767334891846873 -0.02337911319046685 -0.00807652720725834 0.9996940465836022 9.470020624744166
0.9996651296863842 0.0032303242241561603 0.025674763767382494 0.10991253898498507 -0.003397067119947975 0.9999734059993813 0.006453466431301679 -2.9512855300501504 -0.025653234183756164 -0.006538524252780532 0.9996495182195152 9.823480071836443
0.9995619373632606 0.00713025156357669 0.028724430146559423 0.10834980993514863 -0.007274168822037071 0.9999614938566407 0.004908897222871479 -3.143610331128188 -0.028688322407435466 -0.005115693172613437 0.9995753147416209 10.14586344780807
0.999384254960521 0.010993210264314516 0.033320568198762196 0.11028603086405706 -0.01114323444488562 0.9999285800146779 0.0043200921213277605 -3.3366137701227405 -0.03327069676321955 -0.004688730949309577 0.9994353788709776 10.488723407381029
0.9993130754012838 0.012073344480680481 0.03503728992200108 0.11001922576593973 -0.012277352525031562 0.9999088746195708 0.005613294219992937 -3.5295423891016346 -0.034966325900838334 -0.006039603470007543 0.9993702413234651 10.80471163399436
0.9992263861048607 0.008988132780140906 0.03828632629210968 0.13156641481842146 -0.009215333296389298 0.9999409372830032 0.005761907481579275 -3.7140632944934513 -0.038232276208143706 -0.006110271247365128 0.9992501977188831 11.059361083451575
0.9991684450400373 0.005354798114751582 0.040419606299711364 0.15031310180923382 -0.005586461142953294 0.9999685992040329 0.0056206812596866105 -3.898219166832048 -0.040388239478487874 -0.005841809914313561 0.9991669847271539 11.218321429969349
0.9989910378569292 0.003632624538967137 0.04476282297279834 0.1662294280155665 -0.0039232253873772325 0.999971786149717 0.0064058728604901825 -4.086206703612407 -0.04473828991026622 -0.006575024220778182 0.9989771040781666 11.421801349679246
0.9988948644734745 0.004325376598619743 0.046801077399978366 0.16997741114796222 -0.004663242891674568 0.9999638331250223 0.007112426284042041 -4.272475315738903 -0.046768620829054815 -0.007322810880583916 0.9988789078494721 11.617912170448852
0.9988566799019847 0.004367566365122504 0.04760522428505249 0.17885704528257923 -0.004642180082810629 0.9999732095792423 0.005659530710919174 -4.458590372488086 -0.04757923054508823 -0.005874052079725853 0.9988501951408433 11.737784237266265
0.9988128112881471 0.0045940616989573885 0.0484960060600285 0.18384809975984423 -0.004794719329664016 0.9999804165325018 0.004022091251359397 -4.644683299374684 -0.04847657860470243 -0.004249841007695268 0.9988152783063494 11.840705193830473
0.9987622198253634 0.004896821698186659 0.04949797356224494 0.1859762866945923 -0.005050744521117574 0.9999827894918524 0.0029850795426896943 -4.833029250727203 -0.04948250427469219 -0.0032313862891879767 0.9987697632154039 11.922685050968964
0.998734267802028 0.0062824251251052884 0.04990384206145439 0.18803929726278779 -0.006411502300469968 0.9999765012221107 0.0024268584296391615 -5.018494688876457 -0.0498874228257805 -0.0027437452749641583 0.9987510785504398 12.029066391731773
0.9986969089349241 0.006867318059908538 0.05056999136337756 0.18671474645043631 -0.006938173445861731 0.9999751793690276 0.0012257222835945496 -5.209660270925544 -0.05056031875950906 -0.0015749884270733839 0.998719767291301 12.049769074352131
0.9986248088985977 0.0062746765960387686 0.05204920254772945 0.19675577065246982 -0.006257681545224832 0.9999803007223337 -0.000489478242638721 -5.399178380370011 -0.05205124853370947 0.00016309778228850943 0.9986444016391391 12.107946762660113
0.9985840481234424 0.005465567246802194 0.052915275753505624 0.20589457757882804 -0.0053446667168738525 0.999982774303916 -0.0024260323841712624 -5.587338601765702 -0.05292762389418587 0.002139782725930332 0.9985960584534672 12.13743275996189
0.9985192184463109 0.005588759750700747 0.05411225515368751 0.21062021329765412 -0.005388573332953061 0.9999780906899717 -0.003844660904981659 -5.776242273701028 -0.054132556477633834 0.0035473799469262495 0.9985274570209409 12.188458057237987
0.9984267531451207 0.004574857357547741 0.055884606863163856 0.2246708561193513 -0.004271761104292762 0.9999755196102352 -0.005541862259927877 -5.961701443550206 -0.055908592015540305 0.005294417852630505 0.9984218539667692 12.266584187218074
0.9984347509463783 0.004072696475528756 0.05578047369879312 0.23635668484898428 -0.0036673089927778788 0.9999661312336158 -0.007367986863915252 -6.146932248156788 -0.05580859205709298 0.007151889896632408 0.9984158710294575 12.321804369107015
0.9983699490540043 0.003412069966957439 0.05697194576671467 0.24846771084940783 -0.0028902239993028106 0.9999531372154913 -0.009239587551997983 -6.335422994514101 -0.057000802021890354 0.009059864868626291 0.9983330243047269 12.355145667207179
0.998153598285445 0.0024794118948182806 0.06068975816786778 0.26428302964980155 -0.0017411798202712362 0.9999238916438675 -0.012213894244540113 -6.436810924328646 -0.06071542244481146 0.012085670707046556 0.9980819475578685 12.458707886662886
0.9981508451694439 0.0010685382061785729 0.06077621667747124 0.2836853481727224 -0.00022095006090200407 0.9999026548026156 -0.013951060882680834 -6.620494471673591 -0.06078520764623232 0.013911834702281948 0.9980539160719822 12.558241951670137
0.9983196968100504 -1.2474950461164149e-06 0.057946380038211204 0.29786250520217766 0.0008836801292922781 0.9998840400832878 -0.015202812113276449 -6.801456821732085 -0.057939641615375355 0.015228472844190478 0.9982039328435418 12.6744641860954
0.9986160297881497 -0.00010035689538422668 0.0525929175711597 0.2962758608848462 0.0009483498208234498 0.9998699529264208 -0.016099002066423628 -6.985947191596109 -0.05258446237027237 0.01612659801107836 0.9984862578692892 12.717572602622791
0.9988616836596588 -0.0007938574042887366 0.04769388542583965 0.30216583756480175 0.001626866521589417 0.9998467718015932 -0.01742946422740138 -7.167233568241646 -0.04767274086847107 0.017487215568951744 0.9987099213834472 12.787053015873726
0.9991715864500941 -0.0016308274448017291 0.04066302045651795 0.30862295421273694 0.0023968799110278285 0.9998204399482161 -0.018797415472569138 -7.345103432266387 -0.040625063661415044 0.018879307815742378 0.99899608404583 12.885418457723288
0.9994581166537859 -0.0022506842002220123 0.03283911502306395 0.3078363498638285 0.002907534978097282 0.9997963906365035 -0.019968062263827763 -7.526648907833775 -0.03278748686951004 0.020052722779010133 0.9992611615658484 12.949772764618938
0.9997193319182264 -0.0026706757631497807 0.023539857262583744 0.30451256419427486 0.003164930442270842 0.999774795464201 -0.020984317234818056 -7.706352912680869 -0.023478513672510852 0.021052929617609482 0.9995026430931757 13.030195501945176
0.9998849290487288 -0.002457334138718449 0.01496964161724431 0.29881373599132866 0.0027894125441080097 0.9997495889381889 -0.022203121302693564 -7.8869662434392795 -0.014911332565428774 0.022242322874512006 0.9996414013206274 13.105900861404526
0.999986189819774 -0.003221900397479904 0.004152051006305561 0.29401115802223265 0.0033185036067938396 0.9997189532810139 -0.023473431460414702 -8.067201720965095 -0.004075255027840645 0.02348688588433572 0.9997158388701824 13.177482168033025
0.9999558638397142 -0.004036737082954061 -0.008483815550426056 0.29059143946206656 0.0038221520332240265 0.9996761491836578 -0.025159250926243232 -8.24943450912804 0.008582629341027654 0.025125714060656112 0.9996474563397514 13.260677676613826
0.9996150502240781 -0.004271973991632555 -0.02741352957443284 0.28181619324726037 0.0035407946691589152 0.9996381404749523 -0.026665537326147463 -8.316705733710826 0.027517524209571324 0.026558206754148928 0.9992684561795084 13.39653309447313
0.9988259062322439 -0.003527362752505326 -0.048315284862544855 0.24938165144443492 0.0022091622590757758 0.9996245828158395 -0.02730957766743329 -8.502087444811355 0.048393477261400544 0.02717077735863906 0.9984587223397251 13.462076630721267
0.9973531689759046 -0.002451338293862143 -0.07266806227146497 0.21405613034761697 0.0004945746565839129 0.9996371133420406 -0.0269331955976836 -8.679877776853614 0.07270771437495148 0.026825968198055078 0.9969924551874032 13.589412834092842
0.9951710090992177 -0.0011383114409760679 -0.09814971673676877 0.16886536955973558 -0.0013605659703503962 0.9996767173501019 -0.025389163995041354 -8.859993772505286 0.09814688741210759 0.025400099117722393 0.9948477388304825 13.736077924406395
0.9921329418332361 -3.71127227772422e-05 -0.1251887548942574 0.11828485108162129 -0.0029846194616254705 0.9997087079878069 -0.023949764508683396 -9.042950179391754 0.12515317725091094 0.02413499111244733 0.9918438306648901 13.856206322087562
0.9880206848945081 0.000824733449879872 -0.15431929897236984 0.056386746614671954 -0.004211633494726704 0.9997573523840091 -0.021621713563560876 -9.226238618511843 0.15426402161195302 0.02201263657209706 0.9877844175057888 14.010751701046814
0.9824002822783745 0.0014547577374648332 -0.18678214330951204 -0.021333854677931988 -0.004949561353661309 0.9998212839480369 -0.018245602399145487 -9.408246946264805 0.18672221941101746 0.018848974625338303 0.982231911991153 14.180509768121764
0.9749184640181607 0.0028760267716783187 -0.2225437417373903 -0.10804898149518528 -0.006318277608060806 0.9998711421273037 -0.01475732052613589 -9.590278279460055 0.22247262277533644 0.0157932774005975 0.9748110096343853 14.37121038249089
0.9655091794525889 0.004727227370503334 -0.2603260987956748 -0.22049138274969166 -0.007451344815490286 0.9999273166692311 -0.009478335250151942 -9.771507317437582 0.2602623711819066 0.011091199216548726 0.9654742272306958 14.57664318690269
0.953631612610246 0.008076953558572877 -0.30086792825356745 -0.340371209082427 -0.010033117898252801 0.9999373795916094 -0.004957160548930548 -9.949775088728241 0.3008090490254921 0.0077459484042156565 0.9536529328365206 14.819193650371313
0.9395245807566818 0.01153040143553293 -0.34228732374529525 -0.48118180526543164 -0.012465923772471804 0.9999221551439351 -0.0005332886739309725 -10.130608376657651 0.3422545294053535 0.004767965503889535 0.9395951807062831 15.024442626630183
0.9234413364371667 0.014744255745816741 -0.3834562622798605 -0.6453008921406759 -0.013684762172432693 0.9998912819144137 0.005491050522173782 -10.309054502574675 0.383495535102331 0.00017684472018973576 0.9235427132962074 15.25032635813519
0.9041979060817762 0.018531359488510684 -0.42671153646560656 -0.8141550219023206 -0.014128338338498242 0.9998092919470982 0.013482202788777233 -10.490384398395811 0.42688000268591175 -0.006161854570855696 0.9042872855763938 15.486130101291558
0.8830737191058224 0.02266195047894821 -0.4686867211956197 -1.0059966979751853 -0.014906152809154874 0.9996837941175057 0.02025137988536337 -10.666456172905654 0.4689974554654226 -0.010897145466628948 0.883132288497956 15.739169924575439
0.8579972981194356 0.027616750431017575 -0.5129112511101497 -1.2364866015305518 -0.01742143794526638 0.9995436899643384 0.024676007626768793 -10.83647483058696 0.5133586757031261 -0.01223629633949774 0.8580869088456154 15.990265182489258
0.8304752319376275 0.031574252625765534 -0.5561600090884529 -1.4770644768956493 -0.01881873083945715 0.999412692402619 0.028637835709819506 -11.003031317358987 0.5567375903491121 -0.013316787738598323 0.8305816748860935 16.230077045000318
0.8000316758271372 0.034761298348338604 -0.5989498892314449 -1.7473888096749626 -0.020921833456271077 0.9993293414698842 0.030052357015682016 -11.172453418481581 0.5995928573274123 -0.011511707714659144 0.8002223978541468 16.403491694098825
0.7672376364539344 0.03680246820196479 -0.6403061670348207 -2.0578773451274026 -0.020589609656788486 0.9992510755453613 0.03276211219719984 -11.329941033448462 0.6410323526802384 -0.011952671487336789 0.7674207818801579 16.649637885539782
0.7312211518349246 0.04019920971167401 -0.6809549549329698 -2.36483864999046 -0.02150122972503522 0.999124293649662 0.03589349466654416 -11.488388929155887 0.6818015284740254 -0.011604713595036282 0.7314451492715351 16.894788656633505
0.6933123470035092 0.04170744369123235 -0.7194292728498252 -2.749235354320101 -0.01980046659768959 0.9990493943000616 0.038836185075211804 -11.639024975041272 0.7203651372845574 -0.012680571336694597 0.6934791071802914 17.144957998004227
0.6551984634746949 0.04226967701065506 -0.7542733243763919 -3.1131704903102855 -0.01781504216308153 0.9990202879748509 0.04051035037340506 -11.797594473303795 0.7552467131561226 -0.013104908243223351 0.6553095937393323 17.361145060940263
0.6125444210803108 0.04220212831699967 -0.7893087561714379 -3.5533565617311424 -0.015797157759647077 0.9990278520426596 0.041155809428912345 -11.952018206432776 0.7902782940269228 -0.01274092651841361 0.6126156109513919 17.613224922810147
0.5697154561183062 0.04292832678334327 -0.8207200849373024 -3.960987426978276 -0.012393621463772063 0.9989700689172479 0.04364859166667612 -12.107627232258887 0.8217485608182851 -0.014695583249874208 0.5696607258939497 17.793043984036863
0.5230927424937428 0.0438295329942765 -0.8511480216671355 -4.42004400752463 -0.00996246754696499 0.9989230028756376 0.0453164822807013 -12.258718727893438 0.8522175379506984 -0.015225188452858755 0.5229660234143545 17.99914794831614
0.4742358943778339 0.04400415636382775 -0.8792974187988749 -4.888720265857288 -0.008323768143834101 0.9989295772036406 0.04550180954254347 -12.409493001368755 0.8803584675389583 -0.014259523500664237 0.4740945418605759 18.167002107140977
0.4246763122905483 0.0441567617257172 -0.9042677757020866 -5.3908381806293075 -0.005818951283417452 0.9989223675045941 0.04604610195206975 -12.555478467993682 0.9053265541147355 -0.014292798638384799 0.4244756133417087 18.323512580645346
0.3729041497842722 0.04452033131023347 -0.926801184275083 -5.917862887488843 -0.0030362729165441284 0.9989014393709383 0.046762115750321395 -12.70315074802089 0.9278649018690407 -0.014623765681151767 0.3726296678430968 18.4635778203396
0.31971984884358007 0.043966165720805604 -0.946491518465564 -6.446695876281442 -0.0009608755667522562 0.9989373924977569 0.04607778844443291 -12.85013059632431 0.9475116331600274 -0.013822522982268647 0.3194223581479863 18.551948056047436
0.2690596738962685 0.048994505134405605 -0.9618765151252361 -7.09800816533446 0.0014253442075704075 0.998683912027849 0.0512680431715863 -12.922562927489572 0.9631224534173846 -0.015165168096278485 0.2686357336615654 18.689244036416287
0.2164408047263533 0.05505192009885698 -0.9747423578273584 -7.668596565639275 0.0029905696359367974 0.9983668292855635 0.05705024693675995 -13.066637802015729 0.9762911627904145 -0.015263036255009323 0.2159226833420163 18.7724927808137
0.16919445116270332 0.056323567748736404 -0.9839719982864378 -8.308132481063923 0.008815692106500973 0.9982393223806226 0.058656106466085885 -13.20845851441289 0.9855432619973784 -0.018598681919182115 0.16840002304760476 18.822274105697026
0.12327569370811478 0.05831531211702432 -0.9906575733892501 -8.957753798282644 0.012190470122256523 0.9981076196897533 0.060270821758586626 -13.349865035073112 0.9922975842855707 -0.019506508912436583 0.12233151814257598 18.864769176328156
0.08457061639102348 0.05775891709322925 -0.9947420360774246 -9.601547920566796 0.008301947999572559 0.9982430275719305 0.05866801141542297 -13.468697933610104 0.9963829025543608 -0.01321988654434152 0.0839425166235792 18.87839394247078
0.04512129663445045 0.052849341185777034 -0.9975825859177052 -10.303058110710225 0.003958867037292412 0.9985823430060528 0.05308136780759114 -13.569045693808905 0.998973671305608 -0.006344396958975122 0.04484810659793694 18.879277914220136
0.01615553497845186 0.05214315109074319 -0.9985089336024433 -11.017911408950058 0.0011966294059231276 0.9986375417075806 0.052169228193516236 -13.703573541571304 0.9998687747737814 -0.002037666942904731 0.016071127707938657 18.850770470866355
-0.004123628840685276 0.05730156815089011 -0.9983483990935398 -11.757230666325922 -0.00025366436368399136 0.9983567952570691 0.057303097808296344 -13.842023649952282 0.9999914656333686 0.0004895421181739772 -0.004102317508393707 18.819694271994422
-0.016959935202568815 0.06389893072473013 -0.9978122505011457 -12.560590023848228 -0.00039646719999411205 0.9979552782876404 0.06391482888656855 -13.97819831206633 0.9998560913509911 0.0014795911854755736 -0.01689992302467345 18.780341025201498
-0.023255140656721338 0.06803047652775378 -0.9974121779367061 -13.459115826442913 -9.416150530329085e-05 0.9976818349365453 0.06805106443885277 -14.097204690006144 0.9997295582139424 0.0016764549074475697 -0.023194825550029424 18.735508946942613
-0.02420941791473449 0.06562192511058583 -0.9975508343082126 -14.277462302798511 3.340677503527925e-05 0.997843345652344 0.0656403566514239 -14.219496317128893 0.9997069085328031 0.0015557898699386395 -0.024159398785224582 18.697116126971036
-0.02439653884809789 0.06203399129777081 -0.9977758229261229 -15.075023293909299 0.005183955399747932 0.9980673204565687 0.06192536187266419 -14.34317806544867 0.9996889193637407 -0.0036616608683867425 -0.024670969600692212 18.66172999852432
-0.01892451418360358 0.061419256414176414 -0.9979326318466816 -15.913976458088772 0.014123107133826213 0.998028216510398 0.061157312677737156 -14.443919767818562 0.9997211614284245 -0.0129365370407108 -0.019754629877405554 18.64935145638743
-0.01328687965061733 0.06180474050747732 -0.9979998160721041 -16.777848050908183 0.015387387079464432 0.9979823726598613 0.061598800143040734 -14.565054783119882 0.9997933222161537 -0.014538153631012641 -0.014211085144504119 18.624708622005542
-0.008341509278465518 0.06145706241015956 -0.9980748712911629 -17.65841021595161 0.012535325734248617 0.9980375959208162 0.06135000193428127 -14.692401239127825 0.999886635990146 -0.01199944200843419 -0.009095524162612913 18.59883503866352
-0.005725911046565736 0.055225196896102474 -0.9984575061415852 -18.501786119261837 0.01655277762235535 0.9983423066824634 0.05512389899966781 -14.814290591557311 0.9998465979817448 -0.016211610522321066 -0.006630549645459624 18.578890723945996
-0.0033841735923897283 0.04484589884222266 -0.9989881844777394 -19.43490484495241 0.014129517872086175 0.9988963221301902 0.04479390984814993 -14.926815114012944 0.9998944464761249 -0.013963631039773034 -0.004014089484069791 18.545907828449348
1.7423914598132823e-05 0.03722446553270148 -0.999306929257579 -20.315667126831883 0.009088467453701793 0.9992656511657922 0.037223086378625876 -15.049959136912802 0.9999586988749823 -0.009082817074694233 -0.0003209022241092759 18.512421793258746
-0.0020149447117113594 0.03413874202425036 -0.9994150720750666 -21.288318494305393 0.0035856124854644037 0.9994109229337678 0.03413137125550161 -15.172508302900404 0.9999915416546833 -0.00351474233457886 -0.0021361660536327954 18.47924231854596
-0.005738771807072033 0.041487856343884154 -0.9991225271577735 -22.26706014094616 -0.005080428984507274 0.9991248754547182 0.04151713488343786 -15.307965957158176 0.9999706274383648 0.005314228409226046 -0.005522973559129972 18.43647139002542
-0.008880286398872807 0.04906482682710262 -0.9987561180197599 -23.216339202503132 -0.009529809977775366 0.9987459899368761 0.04914906211515619 -15.445203168584163 0.9999151580185484 0.009954413766687528 -0.00840157195411107 18.39263943828213
-0.011870745078045296 0.058230873012714734 -0.9982325635038506 -24.219166034813135 -0.012113561520728072 0.9982212714160859 0.05837426590321375 -15.560707684470039 0.9998561631747701 0.012785097599653121 -0.011144246981818 18.346272020713165
-0.014469952580363554 0.06753537222747413 -0.9976119455832606 -25.143546069708332 -0.012662861337580449 0.9976240136767208 0.06771985881776127 -15.62319840610788 0.9998151191170616 0.013612524881476658 -0.013580381117036324 18.3137127619381
-0.013407127589125496 0.07554750057498016 -0.9970520668885262 -26.149618488411285 -0.012831844282522317 0.9970465792341761 0.07571963160065961 -15.729182346489871 0.9998277815214552 0.013809199625752278 -0.01239811693678241 18.26919204827503
-0.01424278114424795 0.07723292753057527 -0.9969113391321888 -27.12668666071081 -0.011035220802335837 0.9969396080030106 0.07739277677309302 -15.830633759369203 0.9998376703681041 0.012103425129400873 -0.013346910242309117 18.233455283835415
-0.01448025362068294 0.07410019363125508 -0.9971456681743602 -28.089429230061317 -0.012340983855443455 0.9971610203548649 0.07428054659416052 -15.953350385664343 0.9998189948048384 0.013381359746231619 -0.013524675182109465 18.18936421654538
-0.01686131678524788 0.06924412283965506 -0.9974572409123281 -29.202270619234476 -0.011933124402047954 0.9975140737373294 0.06944978932988846 -15.719924433540617 0.9997866255047974 0.013073796240090365 -0.01599310206307251 18.158325734856927
-0.021631310859831752 0.06441606209339622 -0.9976886575153919 -30.339614049850823 -0.011604086385466054 0.9978387575323364 0.06467734646292006 -15.467910139248374 0.9996986703850522 0.012976321154536785 -0.02083707080302751 18.123849655306003
-0.02804306605879237 0.06003291872288184 -0.9978024028411807 -31.434845504885566 -0.011592370599760803 0.9981083205804017 0.060377125900879805 -15.31763897446033 0.9995394956628262 0.01326005496914524 -0.02729409372584611 18.084380450614333
-0.034389274654910144 0.0574881323352221 -0.9977537233352312 -32.55719778936625 -0.011949401994361394 0.9982492155272878 0.0579285377955847 -15.07884097827047 0.9993370750556007 0.013914680728113275 -0.033642117643638426 18.039151711824566
-0.04081031880546139 0.06077343489390558 -0.9973169543781919 -33.67051123346417 -0.011226615135474393 0.9980576007896719 0.061277961932219134 -14.926169455837483 0.9991038389434772 0.013697266777090277 -0.04004876891042627 17.979220984378777
-0.045418907315897025 0.06637888509651922 -0.9967602351977995 -34.74928351777464 -0.011466218427776377 0.9976895555053903 0.06696324865495788 -14.757495330152306 0.9989022217880954 0.01447046816113068 -0.04455285465602938 17.91545195194206
-0.051824515136346325 0.07080777107666986 -0.9961428005994103 -35.86114932260276 -0.011766723794689689 0.9973706744060179 0.07150721674087893 -14.60052958178064 0.9985868834718485 0.015427164031067636 -0.05085507612752632 17.843393694259714
-0.05613091873752482 0.07322907854278149 -0.9957343129657913 -36.978974905798715 -0.014974810210710846 0.997132722045771 0.07417607218468118 -14.42187884429226 0.9983111113379595 0.01907450343702244 -0.054873384238595196 17.769162202420212
-0.058773841369255175 0.07476408531275801 -0.9954677127451438 -38.117207844337265 -0.01843466033592714 0.996940205344644 0.07596308488786208 -14.241911507475432 0.9981010965172805 0.022815751460957514 -0.057215754965492305 17.68912971006332
-0.060502878754273105 0.07583196328498554 -0.99528333403448 -39.285119179080624 -0.020637455976677103 0.996801843505688 0.07720220330065404 -14.090137346647722 0.9979546568222695 0.025211071536319234 -0.058744402275742146 17.5981078236085
-0.062174875289253397 0.07523927115542837 -0.9952252694534869 -40.43966075326636 -0.022343432860375653 0.9967996638295168 0.07675416078219516 -13.947849250847598 0.9978151411412722 0.02700892936354756 -0.06029479118344547 17.511143246583725
-0.06330187684867945 0.074411984941619 -0.9952164231384463 -41.55770942590973 -0.023054331274939017 0.99684126990334 0.07599987122992301 -13.800605558314833 0.9977281043435118 0.02775498359840572 -0.061386404753433065 17.426536605079548
-0.0651405095837379 0.07380653577441659 -0.9951428587334337 -42.70833340938426 -0.02431872108308018 0.9968473312656682 0.07552481680482037 -13.652677056262712 0.9975797280498696 0.0291203266722419 -0.06314026257822884 17.34166788464901
-0.06556295634408627 0.07314320077589674 -0.9951640924670063 -43.85237750206506 -0.02674938345776672 0.9968226326244259 0.07502739214674238 -13.518955736739068 0.9974898341537372 0.031539043548727885 -0.06339810322066995 17.24262987005783
-0.06627738004347387 0.07029432184025113 -0.9953220670775829 -44.99291383725006 -0.030335463342009625 0.9969123040739302 0.07242663632833257 -13.386745351199169 0.9973399964698076 0.034993803780528625 -0.06394032482378716 17.135320592643847
-0.06567000215644227 0.06512320660425497 -0.9957140245965971 -46.137789643084716 -0.03605353991056703 0.9970616060636943 0.06758917053497984 -13.27818772866088 0.9971898480613846 0.040337596300088985 -0.06312911569189847 17.02343147946106
-0.06572377883197844 0.0648099985552208 -0.9957309119352066 -47.294249984174655 -0.03891725776237015 0.9969627573340354 0.06745893222678191 -13.154357581777642 0.9970786488258084 0.04318477250365673 -0.06300193234738966 16.91184549906603
-0.06407165123660497 0.06912595063212539 -0.9955483044317943 -48.394237869834555 -0.03941940800287397 0.9966441820826707 0.07173900329298209 -13.06472548217613 0.9971664523942407 0.04384036119801585 -0.061131734389838495 16.822277287002013
-0.06256999222997751 0.07399267143358977 -0.9952939669496959 -49.50104222945459 -0.04053706596977481 0.9962366576020545 0.07661115018358715 -12.944663511244217 0.9972169986291352 0.04513985626927534 -0.059335074122196504 16.697712795228966
-0.06027066424716721 0.07286770710907595 -0.9955188317113202 -50.659105685667846 -0.037982637332661155 0.9964421903201647 0.07523483642044591 -12.830714389310247 0.9974591552000807 0.042346884308312814 -0.05728852500211243 16.591144969422743
-0.05907702468090568 0.07226844370004647 -0.995634057874692 -51.78835525447909 -0.03767739900329118 0.9965039608682958 0.07456721516958931 -12.713000735859772 0.9975421388388545 0.04191811087077088 -0.05614760210220355 16.47389180076704
-0.05479848552420897 0.07320138075755608 -0.9958105662421145 -52.919546972905366 -0.042166424279808046 0.9962497574900133 0.07555404267508177 -12.609323521481242 0.9976066953703279 0.04613001795230681 -0.05150633743542281 16.354937717239572
-0.04990233539328482 0.07399969288017015 -0.996008936895617 -54.04482444150915 -0.04779045952584608 0.9959321684538536 0.07638840106401441 -12.503223725457136 0.9976100585402106 0.051411684396144144 -0.046162861771631356 16.228903178256523
-0.04335427915456218 0.07347806711584731 -0.9963540435667975 -55.193278150572574 -0.050683632079054165 0.9958457989774994 0.07564597873082525 -12.392247152759 0.9977733088824642 0.053778418643433704 -0.039450041444189406 16.106944079172344
-0.038375453773301954 0.07296165997925191 -0.9965961673219327 -56.31298486254564 -0.05273263483666195 0.9957932768766691 0.07493343012576101 -12.272061342172165 0.9978710306301484 0.05542874615487039 -0.034366558291783464 15.970192453331695
-0.034166030250582013 0.07250109827780327 -0.9967829618956321 -57.45384294165408 -0.051806317818086374 0.9958958976791783 0.07421230639131707 -12.169121390526481 0.9980725363474569 0.05417519482474978 -0.030269794426997718 15.876940240375788
-0.030288362495912238 0.0720431380862383 -0.9969415235368642 -58.537220591697135 -0.05030945948603583 0.9960250588801051 0.07350537646396844 -12.075082503794473 0.9982742976674982 0.05238194667606387 -0.02654351670157705 15.792704176959433
-0.024801553213677593 0.07240030066123262 -0.9970672391681279 -59.67783410132118 -0.05002307593595453 0.9960347393048155 0.07356962669402213 -11.97155859893542 0.9984400707263769 0.051701011229521976 -0.02108152285177769 15.713015496471295
-0.020692202905515766 0.0736812506457663 -0.9970671522230553 -60.88209189807827 -0.04908625395924227 0.9960031122802094 0.0746213106316765 -11.879976201586379 0.9985801782586932 0.05048637074910554 -0.016992761912595234 15.668018264434506
-0.015249511770117703 0.0743811755793354 -0.9971132799788646 -62.04549715964809 -0.05045258821749369 0.9959016881594718 0.07506239979692998 -11.769345966214983 0.9986100283558776 0.0514516106701647 -0.011434291692831274 15.60000553777627
-0.009920976788942867 0.07404503245571724 -0.997205549216502 -63.22076722003958 -0.049989237832629 0.9959709686174799 0.07445069356342812 -11.67576407921504 0.998700480785137 0.050588168970564604 -0.006179550124362027 15.55207514497286
-0.004400540016558049 0.06911509743218865 -0.9975989868451661 -64.3735376251716 -0.049998323814372386 0.9963457075117556 0.06924881759753218 -11.581930552842318 0.9987396071365716 0.05018300937411171 -0.0009288201343555201 15.514609996408435
-0.001589191613063232 0.06331038599889925 -0.9979926199600313 -65.60049523648009 -0.05026182526281648 0.9967274313243929 0.06331016163880443 -11.501837663767974 0.9987348113444654 0.05026154265590957 0.0015981046840266807 15.50615730361211
0.0016379606410347534 0.0629480311058263 -0.9980154620369558 -66.8547762333004 -0.051051705512579156 0.996720658670762 0.06278257674851458 -11.40980667068981 0.9986946682791458 0.05084755607525447 0.004846193555619576 15.476632159454912
0.004106988834147678 0.06553891284605681 -0.9978415623462842 -68.07172725038129 -0.050211521831158866 0.9966047902306171 0.06525101658051156 -11.322528025767994 0.9987301616142935 0.04983515819527516 0.007383853298694744 15.45599728663152
0.005370528679073721 0.06509670757044429 -0.9978645078792989 -69.27845946207394 -0.050090627404932926 0.9966437141777957 0.0647474789939492 -11.24038890033657 0.9987302370850123 0.049635931071953986 0.008613238574008714 15.438687969352323
0.006151708448896262 0.06452009587432622 -0.9978974464901329 -70.51128395426264 -0.05144245623130143 0.9966154168717904 0.06412007915124175 -11.151448070287838 0.9986570132833635 0.05093984768173752 0.009449959688324166 15.411294679825394
0.007745337613067097 0.0657494597184777 -0.99780610255299 -71.7434546417887 -0.05204681413815262 0.9965100375685688 0.06526005028470004 -11.068590027283548 0.9986146097886441 0.05142716764338917 0.011140356585429601 15.393040878553434
0.009596554851445269 0.06527791533657791 -0.9978209758790871 -72.96072427510539 -0.05324106667350053 0.9964848647444935 0.06467845974217222 -10.980763819924404 0.9985355752072377 0.05250436271837307 0.013038287505896709 15.368417260143698
0.009837224520124262 0.0637439833967503 -0.9979177990167605 -74.18846907153011 -0.05399140817334194 0.9965441724547589 0.06312400644701546 -10.900059949868403 0.9984929428179242 0.053258022186127824 0.013244856194826859 15.35775858109836
0.010430411277703179 0.06268664137801683 -0.9979787530370183 -75.43560418059744 -0.0522850793582993 0.9967019760120457 0.0620599830017984 -10.824604456898026 0.9985777270683903 0.05153208715384103 0.013673587550259228 15.355755822467396
0.010366684226676255 0.06256120688979036 -0.9979872881207643 -76.66718442906281 -0.04929513214229046 0.9968593994769345 0.06197844481401089 -10.759471219719767 0.9987304550303935 0.04855340427799184 0.013418089573384176 15.368082604713713
0.010659063359642776 0.06322035365467173 -0.9979426693212761 -77.89604748387114 -0.0485393005587945 0.9968555758852063 0.06263303543530782 -10.701195285395723 0.9987643969773635 0.04777182967351938 0.01369421849125028 15.373511570612019
0.011050387747564349 0.06617580512381767 -0.9977467873898884 -79.06802560848647 -0.04737492856535467 0.9967218613035154 0.0655831330685505 -10.647452420487138 0.9988160516702034 0.046543463728800485 0.014149237084372877 15.377658462889746
0.01036737366899121 0.07101249784620114 -0.9974215471468676 -80.22679226864845 -0.05017515815558863 0.9962555762672874 0.07040795594533727 -10.58710101480658 0.9986866230541328 0.04931583828733079 0.013891617139434966 15.380906714958828
0.01044178209429778 0.07119855694418835 -0.9974075068274556 -81.44158551712833 -0.05203504134479251 0.996149125102218 0.07056397827741523 -10.508863219366505 0.9985906687221443 0.051163327170493524 0.01410639195202243 15.371046606509342
0.011264145443279808 0.0688278191517261 -0.9975649604603454 -82.65539684989395 -0.05243222802675649 0.9962964804809316 0.06814825342929279 -10.431259453863282 0.9985609548202761 0.05153692164002609 0.01483122436911194 15.361797472686614
0.011679058490792302 0.0663158895534229 -0.9977303254815438 -83.88866131921402 -0.051852384136640305 0.9964960821444373 0.06562688877386574 -10.358768220190726 0.998586465886712 0.05096823582908546 0.01507677300869663 15.362594871132771
0.011642194602028902 0.06580415703989552 -0.9977646376882265 -85.09742789519841 -0.05002538898085394 0.9966210843715672 0.06514502777158018 -10.288162246998143 0.9986800887982904 0.049155133021023 0.014894735161216104 15.366566911358543
0.011015879306017811 0.06675144459929855 -0.9977088227769777 -86.33084725876928 -0.04867149869095962 0.9966224981890323 0.06614137372804205 -10.21786279487545 0.9987540916653556 0.04783137827162621 0.014227566002146039 15.380933494869247
0.011671564754559965 0.06999401337738159 -0.997479128938299 -87.55348899898422 -0.04852680003012493 0.9964113362381524 0.06935127031958542 -10.142576098656544 0.9987536854775629 0.047595032381866 0.015026264923550582 15.38465373204676
0.012705192976605838 0.07212716977630489 -0.9973145188211631 -88.74128008168397 -0.04852117001505412 0.9962645271126738 0.07143310211194137 -10.072321261100123 0.9987413449596425 0.047483295978953746 0.01615742774013352 15.38701364179066
0.012915174093498391 0.07232235767850709 -0.9972976861789852 -89.88602175760903 -0.047987335435240946 0.9962764721801453 0.07162685682140864 -10.020118660370578 0.9987644436582426 0.04693258526984204 0.01633764132084825 15.388613650879597
0.013654661727579577 0.0703071538732182 -0.9974319296710698 -91.02988358123898 -0.047772826074717126 0.9964316397764652 0.06958264396546239 -9.954643756544701 0.9987648909037296 0.046700014632086506 0.016964708409597958 15.392457420617117
0.014207502413163674 0.06928884900221163 -0.9974954647912587 -92.19221323244099 -0.04629809330111011 0.9965717698211435 0.06856525470119892 -9.888605419625469 0.9988266283153749 0.04520799707471344 0.017366737420454886 15.39249282878583
0.015030126536041232 0.06988689972792761 -0.9974416857855549 -93.34702776770514 -0.045416439608157756 0.9965725168583569 0.06914163475015245 -9.825935318274025 0.9988550657175583 0.044261042565935195 0.018152625191616256 15.397633615836606
0.016153084516599674 0.0727759879231791 -0.9972174955557114 -94.51902985014078 -0.04384407722426987 0.9964398599665462 0.07200904361402849 -9.760239630981276 0.9989077909161337 0.04255891271708072 0.019286373308324025 15.405601423433346
0.016671745926823377 0.07519927699354229 -0.9970291478323994 -95.70816395226949 -0.042382165149309065 0.9963246548520042 0.07443745167116107 -9.688291584360151 0.9989623641384128 0.041015251720405876 0.019797579682970818 15.415086288682058
0.01698099275334713 0.07705809824383192 -0.9968819866865664 -96.86678711495553 -0.04151977562865921 0.9962200895217415 0.0762996819458924 -9.61703128452526 0.9989933704068588 0.04009467206927242 0.020116241070361866 15.424082593402732
0.018095084370711157 0.07903207695128706 -0.9967078301761171 -98.04220542175543 -0.0435605509952551 0.9959868119776131 0.07818406975634803 -9.536984538543448 0.99888690366758 0.04200239492507016 0.021465146213147265 15.424354093125295
0.018786381215543872 0.0782976097925825 -0.9967530066077521 -99.18033878124413 -0.045316764525442324 0.9959710864671761 0.07738207657037367 -9.460835047896746 0.9987960065667907 0.04371589210076874 0.022258886855906466 15.428118587427436
0.01775316355393578 0.07429009010681449 -0.9970786366660102 -100.36683847330801 -0.046982480687624464 0.9961962034541458 0.07338781051365419 -9.37545842036425 0.9987379394477126 0.04554236198828962 0.021175966855455895 15.434129838517157
0.01704278212980136 0.07300808267313744 -0.9971857216394895 -101.54064249646139 -0.047964114728548564 0.9962420680775077 0.0721192449417083 -9.288681253541922 0.9987036533805117 0.046600017779479676 0.02048050456823269 15.442656941296137
0.016891197699082705 0.07134426675053303 -0.9973087200271139 -102.63412763524283 -0.04908515337469183 0.9963075183052579 0.07044129958061539 -9.220622568107489 0.9986517587019371 0.047763213567052 0.020330771536630685 15.44903944051337
0.01619367567377022 0.070124655848323 -0.997406786376716 -103.83488199556608 -0.048757100350837294 0.9964062541360105 0.06926270196886043 -9.127241619414349 0.9986793830021472 0.047509045042002956 0.01955455460105872 15.457708556766184
0.015859319289639424 0.07242991846369237 -0.9972474060648205 -105.02963479302721 -0.05086070805228358 0.9961401122863871 0.07154065327133138 -9.040490289597624 0.9985798267379971 0.04958612311334049 0.019481941035198926 15.474839417495048
0.015886721343970314 0.07476801499088985 -0.9970743984373795 -106.19280902237527 -0.05049422222577205 0.9959878434199729 0.07388199565151468 -8.953843321231306 0.9985979899873383 0.049172753573072985 0.01959833409472418 15.486021258362998
