0.9999973565711278 -0.00015199511531662608 -0.002294285998213556 -0.04261605441570282 0.00014811092360843863 0.9999985558045513 -0.0016930599416332594 -0.027005666866898537 0.0022945400216572262 0.00169271565733151 0.9999959348916336 0.8539153933525085
0.9999830167293401 0.0004453307312125177 -0.005811018278063473 -0.08481889723832954 -0.000463128518042792 0.9999952054976965 -0.0030617794818652367 -0.052163167268763605 0.005809626912627482 0.0030644187311190344 0.9999784285538246 1.726622489964117
0.9999635680518731 0.0008262355702786947 -0.008495875690531712 -0.1375125971459437 -0.0008645919868478474 0.999989446982039 -0.004512028950737997 -0.08082544301417402 0.008492058034589727 0.004519210034776608 0.9999537297750325 2.593958364836527
0.999929670779113 0.0013712004392026982 -0.011780208187038793 -0.1828409823717865 -0.0014385754445106957 0.9999826472265223 -0.005712770477389054 -0.10984703540051133 0.01177217041436694 0.005729315420921372 0.9999142918013236 3.4832714349345912
0.9998999398557153 0.0015371388070191854 -0.014062271538565293 -0.2361054752060185 -0.0016327859897675844 0.999975596066308 -0.006792737426399108 -0.14185818982999643 0.014051486983519091 0.006815018424064614 0.999878048182593 4.332575098680602
0.9998590994082579 0.0020699884784474197 -0.016658225541935884 -0.29014549683806257 -0.002203534781219088 0.9999655517740391 -0.008002480847214026 -0.1735665385066705 0.016641086652465567 0.0080380602723023 0.9998292173276814 5.207735230668473
0.9998033073503769 0.002660666126291363 -0.01965368838186665 -0.3427016766375487 -0.002843165090819174 0.9999530496096402 -0.00926363798125605 -0.20458026258947715 0.019628118185742137 0.009317694572469531 0.9997639309078621 6.074706001161064
0.9997517505260766 0.0028210634767809285 -0.02210155924148338 -0.39104630923764205 -0.003040314794698762 0.9999464424606727 -0.00989286087006947 -0.23453945950936494 0.022072467147873663 0.00995760067011067 0.9997067832034052 6.964621855327016
0.9996890773250229 0.0031415019900779464 -0.024736201048057068 -0.44035307285098074 -0.0034013001074458074 0.9999394274856158 -0.010467689206256535 -0.26271037233199485 0.024701818447690278 0.010548569807610255 0.9996392088350632 7.831893975417423
0.9996255926745602 0.003591889937535296 -0.027125132197097515 -0.4946207138654325 -0.0038957810152162055 0.9999301498282186 -0.011158779270098866 -0.29180637242484514 0.027083156394978485 0.011260274916445859 0.9995697618718219 8.712681130225437
0.999565285295748 0.0046323003708707115 -0.02911670010325872 -0.5432275281873589 -0.004992967493352889 0.9999115602299105 -0.012326475335526912 -0.3136604950955682 0.02905702509272751 0.012466495572576236 0.9995000128968978 9.58870703069507
0.9995061989871487 0.005276565016289389 -0.03097605604156645 -0.5949612973727858 -0.005695618367583146 0.9998932464997751 -0.01345568785129974 -0.33870242657537464 0.030901749427374548 0.013625471212755787 0.9994295515025348 10.453159022735841
0.9994740212797961 0.004356126420386434 -0.032135726993524454 -0.6394088461912606 -0.004805250766529291 0.999891678552692 -0.0139118915375097 -0.3585021797366525 0.0320716440467821 0.014058994405371795 0.9993866890870851 11.337915396218449
0.9994503062966414 0.0035897382149209355 -0.03295753363188673 -0.6697563973936885 -0.0040384834832231 0.9998999115500373 -0.013559407560208346 -0.3782497499889584 0.03290556023994033 0.013685052494471371 0.9993647699631596 12.238350736818692
0.9994107208591231 0.003751514858169511 -0.0341194543935822 -0.7105881256060441 -0.004237530374213134 0.999890431411312 -0.014183388467804665 -0.4005371948590118 0.03406250678054132 0.014319612717178019 0.9993171139950797 13.120910233729074
0.9993762401402027 0.005787917180915721 -0.034837202211683495 -0.7549646621137001 -0.006368068661511453 0.9998425058239929 -0.016565362933591614 -0.42098068199809147 0.03473583660649531 0.016776875820789624 0.9992557020567561 13.959196696910594
0.9992768625397503 0.007490411087629563 -0.03727795239079242 -0.8009152656254074 -0.00821111837639272 0.9997816003235697 -0.019217939261317023 -0.44848959327561294 0.03712586063272791 0.01951013572943869 0.9991201254484356 14.84883828416979
0.9991870362199811 0.011319108259857321 -0.038692950755024755 -0.8557488259662465 -0.01211320341777871 0.9997195236512242 -0.020350536443297918 -0.47491615782629704 0.038451748372325734 0.020802687777595273 0.9990438985491773 15.725176277346849
0.9991437025340563 0.011889513345166391 -0.03962954906318422 -0.9044936512803129 -0.012695464607045903 0.9997164035401905 -0.020147894954041554 -0.5018538267580954 0.039378761597432956 0.020633757900173154 0.999011291813045 16.612387189393047
0.9990965473076268 0.011526548896042824 -0.04090510760926112 -0.9571997116002119 -0.01229179032470928 0.9997531934136015 -0.0185057869305817 -0.5308784468022839 0.04068170410137069 0.01899186483349749 0.9989916456215008 17.524695240361364
0.9990054522405686 0.012545578795918035 -0.04278685366197738 -1.0057015502819289 -0.013270683898040727 0.9997723869659139 -0.01670518510397176 -0.5646701212616524 0.04256753860037408 0.017256381809495545 0.9989445539890341 18.4128342469816
0.9989548862096079 0.012861133644540307 -0.043860307332775045 -1.0648443391231148 -0.013616488284781854 0.999763332001453 -0.016966768464958464 -0.5920196200758981 0.04363171512487912 0.017546259622221012 0.9988935890316498 19.314076636623817
0.9988725945480711 0.012428951013862629 -0.04581551088330999 -1.1171188715089755 -0.013237681415988843 0.9997611308704774 -0.0173909456704705 -0.618681167413885 0.04558841576028363 0.01797783016049144 0.9987985252147641 20.25510845840264
0.9988352768765998 0.011833438653551924 -0.0467766971522972 -1.1694951835056975 -0.012689146120407734 0.9997567598045242 -0.018039035337127654 -0.6462172741950598 0.046551855361306994 0.018611581200742227 0.9987424762207863 21.1862675427414
0.9988436772980476 0.011482294286775229 -0.046684743114049305 -1.221904463183595 -0.01222254893992006 0.9998035736519474 -0.01560203224604861 -0.6766864632119843 0.046496425874728735 0.016154597819424972 0.9987878209861033 22.113673134313775
0.998855212505341 0.011900706635622366 -0.04633182094934479 -1.2789285488798814 -0.012494078688033275 0.9998433292089111 -0.012538541947872586 -0.7066387214341516 0.04617534459694398 0.013103061398550383 0.9988474094341633 23.040878264865736
0.9988892262622188 0.013093890482573731 -0.045264375498791774 -1.334318898190817 -0.013503649794801727 0.9998704601293036 -0.008758675872206391 -0.7327760839624329 0.04514382681479946 0.00936018123998589 0.998936645592537 23.939818695336992
0.9989376104043434 0.012147738016252893 -0.044453154902077116 -1.3868723727488292 -0.012418526134074927 0.9999059468658653 -0.005820449375681651 -0.7559884412174714 0.04437826864938375 0.0063663084567164 0.9989945141933048 24.8510360642199
0.9989823172764692 0.012522449604304493 -0.04333033608042391 -1.436921458861749 -0.012753415594821882 0.9999058789852459 -0.005058019514496843 -0.7733859913502072 0.04326291899075449 0.005605481839318604 0.9990479960511149 25.78273764120617
0.9990055022199357 0.013032622506083348 -0.04263985559200832 -1.4883485464497879 -0.013379829466982181 0.9998795337379888 -0.007867539344496797 -0.7950863633582884 0.04253218425766385 0.008430229090401939 0.9990595300279936 26.72627792588994
0.9990399421299033 0.012993433302749973 -0.04183736033840647 -1.5379503664713832 -0.013562880677749129 0.9998188161476645 -0.01335601530412985 -0.8221893741365915 0.041656239590244074 0.013910627882665784 0.9990351606100308 27.72844879820945
0.9990992626602595 0.012547050340114213 -0.04053683361447553 -1.5889155348578614 -0.013219785353730827 0.9997785986406545 -0.016370429906722085 -0.8510199156907158 0.04032245809628075 0.01689157268854076 0.9990439300377042 28.731808489227348
0.9991214382594276 0.01057636229879233 -0.04055233866174674 -1.6316259577668537 -0.011189252488980703 0.9998261343432445 -0.014916491309383191 -0.8777814752029058 0.040387525786437506 0.015357136607120118 0.9990660669425622 29.652426228347466
0.9991198350908177 0.0097588397161328 -0.04079608039372944 -1.6798096511773113 -0.010190340001340283 0.9998941751071136 -0.01038246394274732 -0.9015367634428199 0.040690442351415786 0.010789051592248172 0.9991135492360145 30.603421672944794
0.9991057726015526 0.007525170415007524 -0.041605612175271214 -1.7317420133942667 -0.007807140590163411 0.9999476180489592 -0.006618890693995374 -0.9295004219381335 0.04155362451170059 0.006937792764181628 0.9991121875552824 31.64296986489432
0.9991372525734609 0.0006518674406571331 -0.04152499956406308 -1.7754290635801508 -0.0009361646246499111 0.9999762552798653 -0.006827332733492413 -0.9543607642391175 0.041519563048654326 0.00686031670537694 0.9991141385942602 32.68296156143133
0.9990538492398322 -0.0012517241375637992 -0.043472284340226264 -1.820577708526658 0.0007642679191603657 0.9999366736921342 -0.011227844853700604 -0.9758119830949901 0.04348358556538069 0.011183997147463372 0.9989915395008027 33.65072207384414
0.9990192117431078 0.0002910186030590299 -0.04427787118134508 -1.8775116380620662 -0.000979992476033467 0.9998787772350277 -0.015539319474593544 -1.0118265214321052 0.044267981464327394 0.015567470673145258 0.9988983930680411 34.691421389722876
0.9989675997831577 0.0019315478096643068 -0.04538726370398734 -1.9358099319422633 -0.002670177823853779 0.9998648985949883 -0.01621896137315234 -1.0510025081519117 0.045349804121575917 0.01632340897894153 0.9988377954329927 35.71461819109221
0.998950902014558 0.002617226326044745 -0.04571920264679226 -1.996565173580251 -0.003288087182897776 0.9998879427270358 -0.014604467527938588 -1.1059646830433747 0.04567585628072954 0.0147394747347118 0.9988475679689904 36.76532446690723
0.9989167934020218 0.006332697238252014 -0.04609920612234465 -2.0642831282868808 -0.0068700166467602014 0.9999101961478718 -0.011506628993713673 -1.1548985772638332 0.046022198238404685 0.011810867250730136 0.9988705925614642 37.801604963678415
0.9988395532935717 0.006309908959679813 -0.04774653731128368 -2.1287191979389672 -0.0067957048889856365 0.9999267163881189 -0.010018994377539843 -1.2015813880922939 0.047679819330184836 0.010331839245551134 0.9988092350025828 38.83069665342186
0.9988172024915921 0.007706373659045411 -0.048008413969803064 -2.1939938066273044 -0.0080865386093704 0.9999374291832587 -0.0077295285558391935 -1.2455314834353444 0.047945843408870925 0.008108607981863634 0.998817023571589 39.872872077395975
0.9988215017375436 0.008033730021500806 -0.04786509008347156 -2.25598977126497 -0.008261132890335738 0.9999555019211472 -0.004554981997307813 -1.2824125685359267 0.04782636668329952 0.004945033828925922 0.9988434238109118 40.92341257805447
0.9987647161515205 0.013718392894120716 -0.04775821884423948 -2.3173834068663255 -0.013871607411709754 0.9998996423097924 -0.002878162011724584 -1.3092955761887246 0.04771394218241804 0.003537089927168009 0.9988547785920932 41.867835393970296
0.9988004142319828 0.013699450596346023 -0.047011249540685696 -2.381133834469604 -0.01387929150340638 0.9998975482404565 -0.0035011840980452083 -1.3362439220620983 0.046958468856872 0.004149466963744548 0.9988882240403749 42.86782837226836
0.9988091710721334 0.014212859551531292 -0.04667155885081362 -2.4399643971930924 -0.014476250668367784 0.9998811121300041 -0.0053103457753450045 -1.3627531980091563 0.046590534969917385 0.0059796512469866125 0.9988961736948342 43.878465717778106
0.9987931382892733 0.015374059679068209 -0.04664659896763796 -2.5038309738824114 -0.01573328211367737 0.9998492566218752 -0.007343559533059792 -1.395215428494105 0.04652666697921346 0.008068600973440324 0.9988844612557229 44.9159499120414
0.9987725918213373 0.01496528889495811 -0.04721599257431272 -2.563681386033957 -0.015296005567215743 0.9998608898706005 -0.006650798512897834 -1.4340327273437754 0.04710989323034828 0.007364851353686772 0.9988625615791006 45.994315410385354
0.9987238962086771 0.014206328170161698 -0.04846400088395636 -2.623414377494728 -0.014482460117498165 0.9998808040022987 -0.005351274302625756 -1.468792419958273 0.048382202210146726 0.00604632348113606 0.998810594898581 47.01083722914435
0.9987155735640024 0.014362951936021526 -0.048589183286077434 -2.67698161902777 -0.014602176661103253 0.9998829296764671 -0.004572021255783886 -1.497783624433433 0.048517827213122616 0.005275656668979043 0.9988083839702327 47.99384370316835
0.9987321160902469 0.016066338656762654 -0.0477077881698844 -2.7425031342322814 -0.016463018960187564 0.9998330002740636 -0.007933509291690849 -1.5337567778611139 0.04757235853531809 0.008708864744101458 0.9988298285385031 49.08124326805231
0.9986940054291115 0.01725094505019729 -0.04809041915841102 -2.80346488039527 -0.0178514843047395 0.9997675961087408 -0.012086284750417137 -1.5667404263091969 0.0478707429237758 0.0129289854909656 0.998769860030878 50.07126080301845
0.9986624960577956 0.017985868876348503 -0.048473987749875984 -2.8642979600095906 -0.01865174014044349 0.9997373173128149 -0.01331949555764796 -1.5996886634455818 0.04822169177191627 0.014205804902913158 0.9987356324622217 51.06009591711705
0.998698365039013 0.01705425492487105 -0.048070032841249416 -2.910745067823998 -0.017545298729497172 0.9997979253410244 -0.009811777426998743 -1.6262714863617789 0.04789298655224991 0.010642409160606797 0.998795775404744 51.94145162021036
0.9986979484919659 0.01592756434224964 -0.048463598422538 -2.965260210877196 -0.016273236223095885 0.9998448218839366 -0.006746401611759196 -1.6584286120675633 0.04834862418688716 0.00752627703471802 0.9988021654428023 52.888195502297556
0.9987226646758712 0.014225112018504132 -0.048483865881210154 -3.0191470687580186 -0.014521569071597839 0.9998779208667204 -0.005767789433044343 -1.6880116359577173 0.04839589956210111 0.006464483839111458 0.9988073124253086 53.9438372481456
0.9987703279437667 0.01074874442266223 -0.04839727794448487 -3.067638039770907 -0.011091727934341553 0.9999152007195746 -0.006823850918939025 -1.7164054133403779 0.048319826060634584 0.00735226925987104 0.9988048550874187 54.97248012866563
0.9988098146626819 0.008319200090970558 -0.048059806942433794 -3.116350564399252 -0.008734740887222075 0.9999262091014555 -0.008442787076905215 -1.7453599638599486 0.04798602333107738 0.008852528556252261 0.9988087776461664 56.07139812407706
0.9987702304698336 0.007174471479876418 -0.04905663753477621 -3.17207644897401 -0.007531077802086801 0.999946517950949 -0.007088307619721064 -1.778246959126422 0.049003159024423 0.007449039988973059 0.9987708456942807 57.10478292116225
0.9988039518268415 0.005016616005218399 -0.04863639973249693 -3.23041833481336 -0.005160200672155885 0.999982689785425 -0.002827093654262071 -1.8025385402377518 0.048621375382707166 0.0030746858966524187 0.998812549061399 58.09410125400791
0.9988453699900167 0.0035633658894000083 -0.04790855114740355 -3.2826688052896364 -0.0034490819924313295 0.9999910065724094 0.0024679156609675916 -1.8203425720441804 0.04791691437180202 -0.0022998256104373423 0.9988486772876289 59.10976894762848
0.9988516428166825 0.005234142842839536 -0.0476235172064557 -3.3393099845935477 -0.005006664928593596 0.9999754876968362 0.004894620697049339 -1.840144937821224 0.047647968988254054 -0.00465056493083843 0.9988533642618006 60.11842488313228
0.9988322214914225 0.007248283715440041 -0.04776667974319167 -3.398738941119897 -0.007180424205169344 0.9999729530211292 0.0015920849339401545 -1.8607977048222897 0.047776927682114174 -0.001247240707941881 0.9988572518492688 61.13676230819349
0.9987309861212705 0.008239628685030802 -0.04968426189816761 -3.452919330379935 -0.00853914470451006 0.9999466088864859 -0.005819139466734018 -1.881778483930543 0.049633661651628413 0.006236015999873703 0.9987480221434734 62.085338455436975
0.9986530838601455 0.010112336683752013 -0.050889672266718894 -3.5073265320224585 -0.010633971463856706 0.9998935535494275 -0.009990006066294015 -1.9069385812940245 0.050783232936920185 0.010517709688575393 0.9986543150837432 62.98247006334224
0.9985239883827519 0.014904368870007498 -0.05222742969730758 -3.5699109765481087 -0.015379728951687115 0.9998437732095011 -0.008711665257637887 -1.9347069024718446 0.05208942850111806 0.00950205045109993 0.9985972173382273 63.89755865329131
0.9984318629623621 0.017947723124162072 -0.05302541141909163 -3.631356461568406 -0.01829336747272132 0.9998144166062449 -0.006040285822928582 -1.9632659635462835 0.05290716140574446 0.007000827163493412 0.9985748948832093 64.74480943171561
0.9982943083412992 0.02084554274979203 -0.05453381777238991 -3.6953118803792586 -0.021136468829135845 0.9997652522264872 -0.004763415365488107 -1.9891400660196674 0.05442172010145035 0.005907942787112166 0.9985005621396628 65.67145491565428
0.9982080767755559 0.02142688355011974 -0.05587060158414458 -3.7557684919937397 -0.021745569986079474 0.9997505175038764 -0.005102248201780799 -2.0154227382458823 0.05574733756893803 0.006308043441643534 0.9984249811287337 66.61017311725898
0.9981139696209949 0.023104239699068236 -0.05687440334057666 -3.8096548602418316 -0.02337539364363633 0.9997183226675408 -0.004106859481992263 -2.0403756344961015 0.05676349724447609 0.005428575386579851 0.998372894238344 67.44951168701239
0.9980640044463457 0.02372285381588765 -0.05749321034134374 -3.868261380236923 -0.02395476485997055 0.9997074379786965 -0.00334778890839195 -2.066408135533346 0.05739697090463477 0.004718543938722453 0.9983402842087811 68.37174507345878
0.9980240723640856 0.023840720177817052 -0.05813407815738425 -3.9183399250451765 -0.02403877920440439 0.9997073539710023 -0.002709891263531611 -2.088069466369041 0.05805245969093584 0.00410200898357063 0.9983051063908918 69.19609633611665
0.9979267840885203 0.02369365244591428 -0.0598393217919086 -3.9680047271799324 -0.023826895017069142 0.9997149527788105 -0.0015140225584252378 -2.1036732204227038 0.059786392035219314 0.002936668900995203 0.998206874001164 69.99180813073222
0.997799625857616 0.026448787496143766 -0.06079776540617926 -4.023145021076963 -0.026418349771750956 0.9996501232560603 0.0013045571977008863 -2.1292422504360378 0.06081099763807865 0.0003044899480655096 0.9981492522925276 70.77501595763736
0.9976670445544176 0.0282138845719534 -0.06216465979488256 -4.081420467969192 -0.027949754767252016 0.9995962448192618 0.005114543154788811 -2.144651888860778 0.06228386162163898 -0.0033651241570275504 0.9980528024713439 71.56543518667618
0.9974854059497766 0.03083604786819628 -0.06381224858190652 -4.136278631894955 -0.030434534044061656 0.9995104333374721 0.0072548457641102085 -2.165875016370156 0.06400471900359832 -0.005294506720222317 0.9979355510972935 72.34771687172672
0.9972698981971717 0.033888579297695606 -0.06560727355244932 -4.193112328609896 -0.03372392306499165 0.9994246456957598 0.0036158801159295807 -2.1860998127547018 0.06569206316526105 -0.0013934737493195987 0.9978389705097713 73.06267524604775
0.9971476235899407 0.03426260892744361 -0.06725095091088493 -4.249698778080867 -0.034586851043700795 0.999394984336529 -0.003662651754036122 -2.2072380546032764 0.06708477102751452 0.0059782031142766616 0.9977293694102171 73.8427046625693
0.9970284125096405 0.0340482703386373 -0.0691018084817774 -4.307004379541186 -0.03478391671287744 0.9993499850249656 -0.009470299293789603 -2.230364439306286 0.06873444396091949 0.011845789021817571 0.9975646613106505 74.58558816419588
0.996961636365245 0.03503384813330148 -0.06957100761742807 -4.357809395219197 -0.03584927752767401 0.999301975806884 -0.010506685928637795 -2.255640705443609 0.0691543557317634 0.012968833156147535 0.9975216711680461 75.25286207334597
0.9968416253310111 0.037693649275519325 -0.06989966245784565 -4.4149274944440755 -0.038253442858701595 0.9992456957003776 -0.00668683286209823 -2.2814480275826523 0.06959488570924355 0.009339616082244548 0.9975316152656779 75.93381174303804
0.996749905660262 0.038395388156038636 -0.07081962817329797 -4.468235515320635 -0.03877202223512837 0.9992402722985757 -0.003950760492381638 -2.3081274217093064 0.07061413355735355 0.0066837403462863265 0.997481313988852 76.60235529649357
0.9968192400274353 0.03622831292126857 -0.07098529463207862 -4.516536403935321 -0.03683831628570554 0.9992945554526939 -0.007302732080411262 -2.332414768712469 0.07067065278005212 0.00989448257781004 0.9974506293797993 77.2568764020285
0.9970813622222744 0.028674450925657402 -0.07075685813462797 -4.554091114028177 -0.02961965302075282 0.9994850012511378 -0.012345380874810782 -2.360490735376856 0.07036642142316185 0.014405142766595467 0.9974171938551947 77.89634715368231
0.9972805479128809 0.023751212072455657 -0.06976667313031154 -4.593721494946445 -0.025018607129265787 0.9995364367016393 -0.01734880408276371 -2.3879148172819535 0.06932227673622636 0.01904708982705499 0.9974124674963839 78.51900437601775
0.9975104511110459 0.025181342741588536 -0.06586956734309994 -4.634206240344644 -0.026405924444278604 0.9994930500255353 -0.017786795801848415 -2.4131021253410276 0.06538827936625634 0.01948186152256109 0.9976696998471664 79.08937137809627
0.9976275762715732 0.030369360681031965 -0.06178123496929121 -4.678239036632173 -0.031369468070172 0.999391013290352 -0.015282638106000494 -2.437061790515865 0.06127948706949042 0.01718442569042983 0.99797270502664 79.64179782172677
0.9978934683148576 0.029604850662014105 -0.05772502673730681 -4.711900499775794 -0.030376343963132973 0.9994599495809454 -0.01253343173629421 -2.4601682755012204 0.05732280193759182 0.014260504932671616 0.9982538426558085 80.20086220485992
0.998275162207434 0.023967926172776127 -0.053593274155405435 -4.728579695695663 -0.02442942240745108 0.9996697664459386 -0.007972538790232225 -2.483117443865992 0.0533844906368734 0.009268040186564862 0.998531020845392 80.73321254660333
0.9987262878659708 0.019288217872885104 -0.046623669704825364 -4.743197913256026 -0.019507963411822336 0.9998006143995831 -0.004262723277450848 -2.505023384876795 0.04653215328114031 0.005166826637814975 0.9989034300739558 81.2604854181332
0.9990666665378353 0.021995884577907777 -0.03717494955762314 -4.757405484807378 -0.022188705640541602 0.9997423626974828 -0.0047822139279821395 -2.5246561254414277 0.03706018287831112 0.005602614540636007 0.9992973299050358 81.78010232876072
0.9993804254215544 0.027235929356260673 -0.022292811315143355 -4.773631931718523 -0.027360072404163584 0.9996116840438308 -0.005282760745701415 -2.54291065051376 0.022140273762325843 0.005889420613114048 0.9997375270552615 82.26608133287725
0.9994634222762904 0.032336236483144126 -0.0052187490714603844 -4.7780444529224715 -0.03236360107947529 0.9994623880623376 -0.005247111005018016 -2.5612663197896355 0.005046271587348314 0.005413193035221518 0.9999726158671691 82.76315174586335
0.9994056445647973 0.03012843556642332 0.016752163512242887 -4.7528048369057085 -0.030049369419395396 0.9995361506288418 -0.004951664727644718 -2.577879118025864 -0.01689357894342558 0.004445329728847037 0.9998474113753972 83.21920267521111
0.9988164841074267 0.02635450286182233 0.04087873841233219 -4.718368177555657 -0.02619664072927444 0.9996471579311842 -0.004392681937965757 -2.593455152484174 -0.0409800816224054 0.003316597505427298 0.9991544590758761 83.6746567507193
0.9973366964205008 0.024511381908342712 0.06869283900075897 -4.669950806025021 -0.024346351014295414 0.9996983373679382 -0.0032387429767904716 -2.6105919908265762 -0.06875150300414924 0.0015576972505463502 0.997632599915392 84.1062736979829
0.9946141867679158 0.02333508508361274 0.1009856092923006 -4.603603384847829 -0.02321562336070934 0.9997276998278394 -0.0023581833924047357 -2.626123846983589 -0.10101313930360903 1.0387869044442468e-06 0.9948850917000159 84.55627411015716
0.99066689832422 0.02296964413978149 0.13435584100723158 -4.521196254593733 -0.022878042841715518 0.9997357854767893 -0.00222584654477192 -2.6390751015015597 -0.13437146914580236 -0.0008687261939432792 0.9909306502447065 85.03207555414413
0.984104356325401 0.02247745263891256 0.17616293589808443 -4.4140515434767815 -0.02247272269776338 0.9997454114378233 -0.002022138365179644 -2.6502998900268953 -0.1761635393488578 -0.0019688656337955 0.9843589441723977 85.49386196228994
0.9754024441362612 0.02146268435063754 0.21938419531377323 -4.287520020072588 -0.0214443327813121 0.9997670045117999 -0.0024652142032498166 -2.6612070867111544 -0.21938598990038358 -0.002299971732099621 0.9756354327131926 85.88778544437335
0.9644033717858379 0.022559751599174224 0.26347142937307205 -4.151969563262397 -0.021962258324904813 0.9997452084512133 -0.005213193657553596 -2.675057564503229 -0.26352190743347365 -0.0007588060520060851 0.9646531130494513 86.24332942248334
0.9495721953161074 0.02315644042032292 0.31269222112103723 -3.978070370131523 -0.021473677167525074 0.9997304672492454 -0.008824627046588807 -2.6912787344776734 -0.3128122872769746 0.0016649686683257148 0.9498135084361978 86.685204552875
0.9302015526739774 0.023556415615099174 0.36629246059165543 -3.7881276057985853 -0.02081967628496656 0.9997180157862171 -0.011420595074656769 -2.708060377132652 -0.3664582001842909 0.0029973648157643707 0.9304296874680266 87.04624154842614
0.9058686031267243 0.02359632484192071 0.4229010372689941 -3.5741529354107713 -0.019668672463494 0.9997133780629158 -0.013649360628199457 -2.7197712450471934 -0.4231018993017642 0.004046625259324238 0.9060730696976093 87.37711839217555
0.8779560570801843 0.02355582265049445 0.4781613588062864 -3.341457220804006 -0.018041182245471177 0.9997072338710455 -0.016123346088505623 -2.733358507088208 -0.47840116803724586 0.005528993141837258 0.8781239961733392 87.69101486527983
0.8461065998176517 0.0216596198103744 0.5325734527881407 -3.113446139199826 -0.014201854496917231 0.9997353807360339 -0.018096293361555594 -2.7447406927395654 -0.5328244824272436 0.0077478625600305474 0.8461903104809754 87.95675351887388
0.8124289062493639 0.021624732971546008 0.582659114074749 -2.8623637531404262 -0.012365130049708857 0.9997262563038173 -0.01986242723358937 -2.7586086682047313 -0.5829291345003401 0.008932154312660158 0.8124739015931639 88.22017729173098
0.7753355672096743 0.020792114785802333 0.6312071341345775 -2.596212138832624 -0.011579239476167772 0.9997579170484284 -0.018709048937423145 -2.7712828370366007 -0.6314433303415325 0.007196892504640693 0.7753886285634255 88.4616036723581
0.7362659727644324 0.019943384721961725 0.6763983136843822 -2.311423430265247 -0.01062580561644727 0.9997831029092564 -0.0179119901781571 -2.783737385230341 -0.6766088305692183 0.0060007118721648175 0.7363181933463149 88.70299258669785
0.6943161775233073 0.018074405746977933 0.719443091207579 -2.0080480786549875 -0.0076652689130788125 0.9998135957748101 -0.017720534877279703 -2.7936488677552194 -0.7196292721130184 0.006788929277898507 0.694325299234693 88.91508431994018
0.6509496960334328 0.01605190255392351 0.7589511378595996 -1.6783165502664201 -0.004185979980921024 0.9998371124901906 -0.01755636804351322 -2.804872255241794 -0.7591093273077206 0.008251358171798477 0.6509108574011803 89.11997742136512
0.6060508450187135 0.01230932049417222 0.7953306569478351 -1.3418217653262372 0.0024867528857285617 0.9998460457966929 -0.01736953553796799 -2.815278645989109 -0.7954220196299496 0.012504612496641481 0.6059269307054441 89.31378771537806
0.5608279262810353 0.014623784713536899 0.8278032266329757 -1.0171513137046286 6.947962187565449e-05 0.9998431619082954 -0.01771007503671439 -2.828257376900425 -0.8279323838792 0.009989820112295954 0.5607389510442699 89.47531089620604
0.5151981481981678 0.016917385890345676 0.856904119576873 -0.6656900858381216 -0.0015095491808865481 0.9998215350893771 -0.018831336457976265 -2.838474535106547 -0.8570697692454496 0.008408330759440426 0.5151317410327095 89.6404988024521
0.47387932382815484 0.017636132317359193 0.8804131719170581 -0.26145432390758866 -0.0015642411195750936 0.9998147082008545 -0.01918599528201411 -2.8475923685897033 -0.8805884053278749 0.0077146679854828044 0.4738191050390255 89.82310437276296
0.43171034314763523 0.014784230246335189 0.901891127661967 0.0940024622744206 0.0057431840180342175 0.9998003505648975 -0.01913830837991466 -2.853856074992246 -0.9019940107654181 0.013441932388353266 0.43153924386662784 89.92824340117691
0.394696598569267 0.006017171041441971 0.9187918092421747 0.4333659213156285 0.022731485102308 0.9996085309584731 -0.016311481235266906 -2.860303903865714 -0.9185302796657786 0.02732358848509735 0.3944053078362443 90.00447802704755
0.3619626157739399 0.0016457385624103272 0.9321911586829555 0.8439424894098033 0.02964383509792165 0.999472369615134 -0.013274992150577904 -2.8695725981953224 -0.9317211534696276 0.03243877187093971 0.36172284729711335 90.12083544419961
0.3324461505851953 0.003990864615296959 0.9431137948098882 1.2243538554391362 0.029877444283248573 0.9994445715605339 -0.01476098578293778 -2.878397287739169 -0.9426488716824446 0.03308506275957599 0.3321422637033835 90.22227038762205
0.30089213651657276 0.011353326334028664 0.9535905956770154 1.6138373520243494 0.01951394878902314 0.9996464764092464 -0.018059014514624116 -2.896785351814713 -0.9534585087905767 0.024042133510424384 0.3005642158193744 90.337825600791
0.27308925822204366 0.01576359128992577 0.9618595356045384 1.9825846157181717 0.014753704132129099 0.9996795039618138 -0.020572252502964208 -2.9159109357891135 -0.9618755560144537 0.019809052180967516 0.2727691628347607 90.42207092306738
0.24745686581368648 0.01707014332883199 0.9687485276212813 2.372619040086874 0.017713948379164485 0.9995979687947066 -0.022138582030457335 -2.928871986315478 -0.9687369692514508 0.02263870553349113 0.24705500079391324 90.49241972257246
0.22395393616859866 0.01763613763335778 0.9744401475329147 2.753313277455867 0.02358724857456374 0.9994453136130941 -0.023509717172015342 -2.9411591916074595 -0.9743142594559887 0.02824945567977673 0.2234137240066586 90.54548007946832
0.20567469488002316 0.024333155337003788 0.9783178509244094 3.149924653109386 0.030457862287593982 0.9990473619061239 -0.03125199662879976 -2.939257187711428 -0.978146327760258 0.03622521524797043 0.20473762543645696 90.59001010607969
0.1868688239762255 0.03194784695966409 0.9818652543503026 3.571201116645297 0.033378715415743394 0.998687491522979 -0.03884785235681188 -2.9418611244524513 -0.9818176531224808 0.0400328533854847 0.1855571789688534 90.64091324096958
0.16829850307804944 0.033340149455415274 0.9851720907008981 4.036898117068275 0.03079483200590571 0.9987622002305167 -0.039060795081863504 -2.959393564542426 -0.985254937660002 0.03691208237135709 0.16706347892820378 90.70813362178632
0.15180943727790178 0.028481715728501174 0.9879993353350637 4.464439085711046 0.028121152375791908 0.9990556424641388 -0.033121353378538575 -2.9831521791885307 -0.9880096636887834 0.032811813874416895 0.15086513622386843 90.76179072933536
0.13610002076469607 0.025032557302604393 0.9903787939080385 4.898172569549111 0.02826833054643006 0.9991755528095236 -0.02913959773062147 -3.0031100679731106 -0.9902917175438588 0.03196225496857961 0.13528018488070043 90.79702359293171
0.12274899163885254 0.02268642221180734 0.9921784170696681 5.353138344797117 0.029930035027668472 0.9991993299997965 -0.026549800963512206 -3.0204330167487137 -0.9919863295705673 0.03295489607307515 0.12197170479224026 90.83050722498659
0.11155652159096276 0.022039715203395125 0.9935136604215757 5.883825512261633 0.0336627757243134 0.9990964710629449 -0.02594338143162366 -3.037834474540252 -0.9931877768181898 0.036338580920632635 0.11071380905566854 90.86623955574807
0.10043052732984295 0.022508914766279448 0.9946894278800262 6.358083664539842 0.03711697016189844 0.9989633821590667 -0.026353209127562914 -3.0558304743822915 -0.9942514972109668 0.03956652450449349 0.09949095653568187 90.88553500265554
0.09116240994707972 0.022539060752118013 0.9955809388256953 6.8519121784050645 0.040235488049611454 0.9988441138481464 -0.026297181071786416 -3.0754454907878443 -0.9950228743672423 0.042454999367860936 0.0901501664703111 90.90414523407009
0.08400585109758058 0.022667344776807853 0.9962074123706068 7.420059538118698 0.0422315074188001 0.9987619890298753 -0.026286670580823485 -3.0935277162091364 -0.9955699456906609 0.044279574860856694 0.08294457479326099 90.93287273695161
0.07766410001926433 0.024294619798235405 0.9966835300219706 8.008482462733383 0.04358104809642425 0.9986647325336006 -0.027738857950733827 -3.1110570690560206 -0.9960265959375851 0.045590826297107305 0.0765016126792903 90.96077596522476
0.07139988390265359 0.02547501457703901 0.9971223998140784 8.627123691174216 0.04493055740333861 0.9985769187002438 -0.028729470070880756 -3.1358192648254715 -0.9964352972421798 0.046852546050646794 0.07015366945826258 90.9946217548471
0.06811399719384588 0.02533857102587296 0.9973557240045514 9.246034247350876 0.04694110173595298 0.9984889113774028 -0.02857318365505429 -3.1572824850206653 -0.9965726347608036 0.048763210258732245 0.06682165046727764 91.01320185671175
0.06541671261553506 0.025646877646484476 0.9975283912639089 9.834827819672185 0.0491940624628908 0.9983711956710831 -0.02889463397744115 -3.175963505806997 -0.9966446698442589 0.050962665955377 0.06404848748992427 91.02758598336645
0.06209514620552178 0.024945760316376808 0.9977584386312913 10.422257417933098 0.05090133962481072 0.9983075216352705 -0.02812731538638482 -3.1951494050832 -0.9967714113286521 0.05253381090957856 0.06072027889595136 91.04282925889395
0.0589610486945871 0.024621728326189782 0.9979565948632563 11.10046058681758 0.05306332736789292 0.9982051405725819 -0.027762936140139256 -3.216472367747645 -0.9968489745319904 0.05459182932184006 0.05754871106995141 91.0601245134691
0.05718451107807622 0.024105344587023497 0.9980725745431049 11.738552682264212 0.05819171328259838 0.9979283506507882 -0.02743595219114568 -3.239269674587705 -0.996666271225226 0.05964846460504924 0.0556633135221302 91.07618543626533
0.05808742449947745 0.023732167878288583 0.9980293759818964 12.463635438619775 0.06188935616128506 0.9977088565581085 -0.02732663790983148 -3.2591699432506136 -0.9963912678807245 0.06335472952598051 0.056485569287480455 91.08786449624391
0.06062242867437115 0.023664204861609545 0.9978802165339725 13.133823629743732 0.06335665149004392 0.997611802690573 -0.0275068326863629 -3.2798861030704822 -0.9961480090094988 0.06488988011033932 0.05897836557311425 91.10956276183313
0.06336990401587982 0.023703664275098832 0.997708570457802 13.852065578459296 0.0656909705481518 0.9974507323187131 -0.02786992976859141 -3.3009309258226986 -0.9958257637023952 0.06730655909194702 0.06165124045582723 91.1321736947518
0.06721436309552954 0.023511788616342847 0.9974614905798229 14.586805531783572 0.0666533216601129 0.9973832041917747 -0.028001405461576142 -3.3216863924145863 -0.9955097006585796 0.06836621820907209 0.06547133802247909 91.15745315824631
0.07123428675801569 0.02165881133159627 0.9972244342582961 15.32773514321284 0.06845769438796338 0.9973006623168823 -0.026550574784616934 -3.3463631058951173 -0.9951076426543815 0.0701589968144616 0.06955928907649492 91.19078596145665
0.07434534872742922 0.020230148723067342 0.9970273367391885 16.044148347062496 0.06794760122252319 0.9973679590630372 -0.025303709659615613 -3.37269883539351 -0.9949150177832783 0.06962682900345041 0.07277507864799868 91.22013573048588
0.07879457580116012 0.01884031056872215 0.9967128260045564 16.786374592354413 0.0659998371414894 0.9975291958907921 -0.0240733222212492 -3.3982935595067447 -0.9947036927254324 0.0676797314056823 0.07735643241025672 91.26669192486433
0.08247992105063238 0.01757138870342389 0.9964378098619674 17.53526593852127 0.06445677877409572 0.9976570640340428 -0.022928285000033497 -3.424893898914753 -0.9945061016874397 0.0661182946090464 0.08115408076272346 91.31431602142014
0.08642406110409308 0.018688822304304492 0.9960831338714425 18.378683539376166 0.06220652048672734 0.9977718582662178 -0.02411778723089147 -3.45545433959711 -0.9943144525104771 0.06404722299099548 0.08506892943919872 91.3756551599233
0.08965885178935427 0.023032470643364562 0.9957061793480431 19.146163644270707 0.05997994623259716 0.9977931651998231 -0.02848167007840153 -3.487469041457983 -0.9941648235306603 0.062276036937032986 0.08807950316428889 91.43404889040816
0.08963365413411853 0.028262938280602515 0.9955737111667383 19.94612766575071 0.05574929573309692 0.9978877373064269 -0.0333478598822327 -3.526758362052021 -0.9944133064635795 0.05849162378672833 0.08786868540591096 91.50136082036961
0.08896272294904523 0.03139232180066013 0.9955401328211009 20.788442308530314 0.053210279229939365 0.997926147993838 -0.03622249762860178 -3.5659606193783198 -0.994612638221415 0.05619542047307738 0.08710783321889462 91.56469464697128
0.08932295774916585 0.03086167021106595 0.9955244680723444 21.612052968838775 0.05098215929674497 0.998067890294457 -0.03551486726168244 -3.606539927933412 -0.9946970537064951 0.05392628000295398 0.08757698140870686 91.62496756379167
0.08917897920677424 0.028877981631231262 0.9955968922433135 22.427823565326385 0.0483368673163686 0.9982763292760718 -0.03328539717554248 -3.646000344141908 -0.9948420261155424 0.051092392623560814 0.0876293928446525 91.69215619511304
0.08880213618233015 0.027319388846470498 0.9956745610903747 23.283666797853368 0.04912070644626174 0.9982873798941874 -0.03177205284869719 -3.6893787062900274 -0.9948373418844284 0.05172966399519291 0.08730810417864655 91.75057155335132
0.08862556556353213 0.026239545688470298 0.9957193356416288 24.084404764128564 0.0475722389803061 0.9984006804947871 -0.030544447383255634 -3.73154427331269 -0.9949283347090606 0.05007561711662168 0.08723555102963941 91.80755976024682
0.08805612685452525 0.026480555468128237 0.995763475281896 24.861137314299253 0.04633704382224594 0.9984555424177922 -0.030649766475607878 -3.772650715968526 -0.9950371836736529 0.04883963551556674 0.08669309724258101 91.85871707425595
0.08745873943237359 0.02690866540176751 0.9958046458132217 25.669976324293273 0.04353327021169644 0.9985768794781619 -0.030806982265934292 -3.8167214710730586 -0.9952164705638545 0.04604497255894366 0.08616285290350215 91.92104579362831
0.08655247180107083 0.027928736274188334 0.995855740213035 26.481588374660507 0.04169392440957154 0.9986296327104248 -0.03163025987835963 -3.8572640921256345 -0.9953744452679372 0.044258811131462364 0.08526940450581202 91.97548239574982
0.08297554796153085 0.02750891567777285 0.996171831562566 27.300172892294583 0.038940925267740206 0.9987659777753679 -0.03082411357537189 -3.9049340817229123 -0.9957904713240512 0.04134950056105062 0.0818019316616407 92.03373017006777
0.07861014566304102 0.02636730724575229 0.9965566768164488 28.126882352637136 0.03703138961793306 0.9988830041932254 -0.02934995940173773 -3.9481198884886783 -0.9962174065844265 0.039211083159317366 0.07754592043217237 92.08329618874673
0.07396974757548395 0.023536722127163914 0.9969826975204377 28.952071385642633 0.034599438408064564 0.9990590123069149 -0.02615279698579752 -3.988252580335668 -0.9966601001873538 0.03642955722819668 0.07308578558578838 92.12847992048249
0.06769816881339948 0.021775146711582018 0.9974681954453497 29.77928670963916 0.032850866531685 0.9991710600108202 -0.024041909345414267 -4.026399630244054 -0.9971648702734319 0.03439528779563808 0.0669267186557459 92.17014053615783
0.05913405997228817 0.021823068659754002 0.9980114812092427 30.59202245816233 0.03212526452972141 0.9992015725537348 -0.02375257428238995 -4.062830458293547 -0.9977329955103668 0.03346596898965699 0.05838577386225247 92.20627420079654
0.049655382285770926 0.02275477435593928 0.9985071673523755 31.40712196517088 0.032067144578618076 0.9991886935819229 -0.02436499244050114 -4.098626840063913 -0.9982514919841733 0.03322912671229793 0.04888541591630482 92.23306890417463
0.038371857314997926 0.023553662449815355 0.9989858985748489 32.22545918949967 0.03285913890444855 0.9991517695117654 -0.02481971941758432 -4.131385659104851 -0.9987231235716211 0.033778195136946035 0.03756535606958634 92.24775542011587
