0.9999941622174415 -0.001250641957883145 -0.003179846809251527 -0.034597061574459076 0.0012448427848401943 0.9999975597713879 -0.001825052796654939 -0.02267325669527054 0.003182121537301209 0.0018210837330361605 0.9999932788556927 0.82342529296875
0.9999844976358787 -0.0009218320217299925 -0.005491330771570347 -0.07939661635302742 0.0009037438675156479 0.9999941613853675 -0.003295518502110731 -0.04464403580221739 0.0054943366242896 0.003290504657273636 0.9999794922117952 1.588370115541437
0.99996508847543 -0.0009541608361379765 -0.0083012895036877 -0.12464292228216026 0.0009148302496096885 0.9999883457948648 -0.004740396614697835 -0.06961891901932733 0.008305715859554443 0.00473263684947621 0.9999543075723568 2.4008827038137466
0.9999185864138224 -0.00047467729900810203 -0.012751283294030462 -0.17466645715590604 0.0004011603954261471 0.9999832879986857 -0.00576739054297087 -0.08950635722431151 0.012753807843932556 0.005761805689175458 0.9999020661948251 3.269380207681012
0.9998630702599687 -0.001710466744821467 -0.01645949676701152 -0.21639053412210016 0.0016023104047126987 0.9999770546398246 -0.006582005410854182 -0.11088543967345697 0.0164703773992994 0.006554730915638274 0.9998428687403578 4.12907867029268
0.9997870634070363 0.00015062117092229447 -0.020635046818389985 -0.25934976873124205 -0.00031624513246403545 0.9999677626845149 -0.008023314822593436 -0.1324127524045385 0.020633173118802396 0.008028132098385325 0.9997548805892674 4.956867146448916
0.9997060479314697 0.002352515079654128 -0.024130549145050414 -0.31548830818108836 -0.0025731471637847982 0.9999551350168081 -0.009116296791524594 -0.15824435625095257 0.02410802030269595 0.009175708491318548 0.9996672495039371 5.824689412162161
0.9995938003700348 0.0031388070671880606 -0.028326350841320527 -0.3684333662347048 -0.003381383543413019 0.9999579887499512 -0.0085197993218867 -0.18245019726568676 0.028298418809589804 0.00861212083913456 0.9995624196955031 6.661275750548127
0.9994808858036721 0.0009692747832216762 -0.03220278589658293 -0.393843178856084 -0.0011734245726518673 0.9999793324546083 -0.006321213365219621 -0.19581242034710597 0.032195993351329416 0.006355719473902618 0.9994613663579448 7.522171890758543
0.9993647067923792 -0.00022232325067074275 -0.035638930822261335 -0.4312056941787988 5.90050117914859e-05 0.9999894936657648 -0.004583565914891219 -0.2143939999825333 0.0356395754210162 0.004578551131065404 0.9993542202509327 8.379735686034342
0.9992763897572767 0.002429358341092157 -0.03795780672949296 -0.48525511962605256 -0.002642397091629976 0.9999810332283113 -0.0055633552150919805 -0.22767431364862717 0.037943571409042684 0.005659629112381098 0.9992638560395531 9.226342051985917
0.9992454849650169 0.002313271067296263 -0.03876995684801648 -0.5420664091046441 -0.002560493331172325 0.9999766985760652 -0.006328205023088248 -0.24361789277362217 0.0387544145992282 0.006422700513213058 0.9992281242374977 10.080545796949915
0.999233622490734 0.0009945623270403029 -0.039130276383160086 -0.5773231818875608 -0.0012799979570151546 0.9999727531160502 -0.0072701190318048 -0.25595432318258976 0.03912197961855842 0.0073146340499170215 0.9992076695259301 10.921639606077521
0.9992075958867113 -0.001669591426298476 -0.03976672964637081 -0.6061609654836347 0.001358372465813861 0.9999682511464287 -0.007851848406364539 -0.27576917670160184 0.039778576477074126 0.007791608538783322 0.9991781401180849 11.695905348730816
0.9991769311475036 -0.00223885817766394 -0.04050244161426439 -0.6488994970774407 0.001897327548485628 0.9999623388973262 -0.008468821356141397 -0.29515467371157705 0.0405198767376006 0.008385004534810126 0.9991435488898082 12.58411787237747
0.999102775594639 -0.000667758231988488 -0.04234616745387864 -0.7108661054524202 0.00020908597494504312 0.9999412778259882 -0.010834998051892468 -0.3167689822126778 0.042350915954007425 0.010816422637500989 0.999044245726476 13.491265888928027
0.9990827992998929 0.00022569914437424766 -0.04281949559472048 -0.7597562252780371 -0.0008093083063532501 0.999907015735217 -0.013612674371967204 -0.33803841339549484 0.04281244168644584 0.013634842990961564 0.998990082980535 14.36550532967373
0.998969534685523 0.003767778184838591 -0.04522911250223203 -0.826067185116104 -0.004470626764923399 0.9998706678820044 -0.015448657078289607 -0.3674130749125767 0.045165055812192434 0.015634940253921384 0.9988571801697866 15.274129110236151
0.9988982874728226 0.00589946366396686 -0.0465554251654928 -0.882329935765618 -0.006624498418824002 0.9998589331912116 -0.015434692689867247 -0.39249172743676636 0.04645780133154457 0.015726094435974166 0.9987964570668186 16.11360356666402
0.9988442926310852 0.005779297168894847 -0.04771455545785602 -0.9430368221930254 -0.006486991639391361 0.9998710482295055 -0.014690331919324484 -0.417478400681773 0.04762350278777991 0.014982878116805896 0.9987529801435183 16.993187579068202
0.9987864853948807 0.005754366654176944 -0.0489126144971943 -0.9891991835211882 -0.006437525789711736 0.9998837638456112 -0.013820892143431487 -0.442082477048883 0.04882739860210291 0.014118996506227563 0.9987074341785026 17.817123697687318
0.998761874323609 0.005539910188709804 -0.049437109469432645 -1.0487773856006017 -0.006243739261449625 0.999881183190718 -0.014093800806187242 -0.46983330268788986 0.049353157119141525 0.014385023330898035 0.9986777943792193 18.696446824399345
0.998687877862418 0.005053907958701301 -0.05096057912745079 -1.1158934120320365 -0.0058355764573697075 0.9998674201474884 -0.015201584621859424 -0.49289068021276894 0.05087699537188089 0.015479022641960827 0.9985849644371673 19.59007280132291
0.9986827795238898 0.0038321616873070057 -0.05116659475908285 -1.174787378647369 -0.004667216186488068 0.9998577032087211 -0.01621081204780212 -0.5157163664170159 0.05109719146397825 0.01642826439350544 0.9985585556959141 20.43091555332121
0.9986213935647974 0.0028981520546628834 -0.05241100103384859 -1.2300986817689088 -0.003701813357708448 0.9998769622245409 -0.015243260494003728 -0.536720726569804 0.05236037521415136 0.01541626178071119 0.9985092538279958 21.324718169539278
0.9985476993155251 0.0012072608428398352 -0.0538612542829168 -1.2767828307850224 -0.0018908425719727543 0.9999182941676162 -0.012642377280089566 -0.5574580006760231 0.05384159085725172 0.012725859899490283 0.9984683948847746 22.14502602973301
0.9985817867223026 0.002276596241933822 -0.0531905286310006 -1.3312945328821646 -0.002743251411479281 0.9999583747639111 -0.008701914226810648 -0.5816725481029998 0.053168503817462257 0.008835488049257116 0.99854646579553 23.05764201956751
0.9985723512658237 0.0015237677901723794 -0.05339417027322596 -1.3792575396118516 -0.0018403725997151732 0.9999810137801832 -0.005880910461082009 -0.6022039698640603 0.05338419537783473 0.005970779754661806 0.9985561964521485 23.92075422812139
0.9985858693561996 0.0013384008610246641 -0.05314574494029141 -1.4366522983159484 -0.001600001833379445 0.999986812271568 -0.0048800898640244976 -0.6260521105612277 0.05313851255216393 0.004958222068744059 0.9985748417207695 24.89059976423971
0.9986303893609658 0.0016968499113017444 -0.05229212316539062 -1.495036217965396 -0.0020984316882679717 0.9999687226235776 -0.00762563826970431 -0.6471967854980092 0.05227754804134887 0.007724925562697759 0.9986027155459947 25.831937591582776
0.9986485680532278 0.004046469576800382 -0.051813739579397486 -1.556934997181688 -0.004703022346301778 0.999910113244463 -0.01255575614033726 -0.668339491780263 0.05175827572521884 0.012782469065460687 0.9985778334103668 26.763451695051348
0.9986549181990728 0.0030761293275559987 -0.05175801179685285 -1.612576346514711 -0.003878014783435389 0.9998738973891381 -0.015399685749878073 -0.6887934787238225 0.051704113551461886 0.015579690247745323 0.9985409144815455 27.658204415992213
0.9986634181862034 0.001002699627236048 -0.05167564000673354 -1.663158709128528 -0.001740458523817503 0.9998971809612902 -0.014233703305596113 -0.7134064047651476 0.05165605463810462 0.014304618104738312 0.9985624817306636 28.549003023688115
0.9985376618077684 -0.0014674373642920282 -0.05404058270463435 -1.7130195756298354 0.0009754032849058405 0.9999578435927471 -0.009130149274520542 -0.7384221565127922 0.054051702470008664 0.009064086546647301 0.9984969983906651 29.542157645266883
0.9983315653795263 -0.007142324479018095 -0.05729810440058989 -1.7632950120453035 0.0067879052688508 0.9999566232057636 -0.006377777746785019 -0.7588070655537333 0.057341171150627784 0.005978202736834661 0.9983367423785979 30.542795861732902
0.9981531949768688 -0.013832779989394145 -0.059151107810705456 -1.8193257144627593 0.01342031805573193 0.9998828218134627 -0.007364625287825739 -0.7837791802951918 0.05924604983247136 0.006557197580682139 0.9982218735026475 31.520348987468882
0.9979393172020727 -0.01866771034969634 -0.06138921544180781 -1.8830699719346458 0.017999104713786258 0.9997727098389174 -0.011426324468087782 -0.8079605098197761 0.06158856559267322 0.010297827520778565 0.9980484974872658 32.56298006325344
0.997913493176108 -0.01788959501124199 -0.06203726724632359 -1.9513424728294682 0.016962792363898777 0.9997369912500309 -0.015434118100973143 -0.8390377512663135 0.06229706102439572 0.014349589425111605 0.9979544906813402 33.52711430049672
0.9978164774300775 -0.016701431780136236 -0.06390101365021653 -2.0242670221246475 0.01569360881182693 0.9997449341956095 -0.016241218940639925 -0.8774605901841958 0.06415596629693182 0.015202918361614259 0.9978240743045824 34.48719677204047
0.9977576969880722 -0.01635952929271801 -0.06489949077134162 -2.094146763359723 0.01541881246092635 0.9997690605961453 -0.014969492209019717 -0.9301699117796829 0.06512939676792298 0.013935252994539448 0.9977795199344515 35.48497935476991
0.9977015534613001 -0.014018835365315056 -0.0662954182120383 -2.1745655767430794 0.013269917947507827 0.9998432211639707 -0.011723581795737428 -0.975818672478811 0.06644937545662317 0.010816901009768369 0.9977311637680609 36.47496859830052
0.9976284084330542 -0.014093472154756898 -0.06737160180635803 -2.25411814491906 0.013408716795565545 0.9998538563408021 -0.010605294636298133 -1.0203760261591905 0.06751122129859366 0.009676776480288632 0.9976715867437154 37.555293355798504
0.9974366253232579 -0.01653052993571901 -0.06961982507731113 -2.325648899914813 0.015971022976889612 0.9998355933138555 -0.00858561400261097 -1.046572498569341 0.06975030386186688 0.007451706031135609 0.9975366495464728 38.486434584849924
0.9972984949188312 -0.01897797272197094 -0.07096159936190007 -2.40286956734095 0.018598452438120902 0.9998089992705219 -0.006005209786863974 -1.0718619025914475 0.0710620123521818 0.004669210751445972 0.9974609711018355 39.420560553276125
0.9971622738798293 -0.021032253409088455 -0.07228446491013674 -2.489585688189136 0.020684734192409602 0.9997706269086807 -0.005552957951651234 -1.1017743481628177 0.07238467601777503 0.004042015234920872 0.9973685982577566 40.50810203632652
0.997143152416205 -0.021400706522228728 -0.07243992925053776 -2.5720681530620157 0.02102799606770815 0.9997614551310147 -0.0059039152849802365 -1.1363924332716608 0.0725489970354513 0.004363782151438032 0.9973553030061477 41.540566454702486
0.9970914621171779 -0.022728659964869842 -0.07274630017554436 -2.6606874804223066 0.022219059325606253 0.9997226445440753 -0.007806880842259151 -1.1650588387004484 0.07290356353234224 0.006167819874263968 0.9973199228042545 42.61623993039394
0.997142165416134 -0.021208263479078733 -0.07251007867480126 -2.7477322388468948 0.02054487367683287 0.9997400869717231 -0.009882644756036913 -1.1936986971751695 0.07270082609452841 0.00836469138540203 0.9973187162703805 43.696195614085596
0.9970588999630713 -0.021486218877382484 -0.07356556533313462 -2.8301969159789637 0.020838578010679717 0.9997371461798279 -0.009559927547104564 -1.2260190491758673 0.07375163503898263 0.007998809071748447 0.9972445614705102 44.69150717513284
0.9969545467170352 -0.022483566140173165 -0.07467342923591802 -2.9154892528811955 0.02190429443512486 0.999723362132184 -0.008567443750676865 -1.2606131402532996 0.07484539842589218 0.006905683220515731 0.9971712379896078 45.7207505244821
0.9969012361823227 -0.022069043077117254 -0.07550418952493701 -2.9980779689032953 0.021551621474678956 0.9997383847539053 -0.007660917795158843 -1.2932887360030167 0.0756535056026448 0.006009940707891131 0.997116055282793 46.69469006720414
0.9968420059186472 -0.019866551482395065 -0.07688520903454305 -3.089874442467876 0.01904360681646068 0.9997534087045661 -0.011422032350695655 -1.320344946754325 0.07709316620497611 0.009921789949279898 0.9969745241522944 47.731804666020594
0.9967514151478432 -0.020078516126456593 -0.07799659986776374 -3.1758020984750694 0.018928635017672973 0.9997013923127452 -0.015454222216784363 -1.3450756255138563 0.07828360733346497 0.013927648693072659 0.9968338364164518 48.756830416806224
0.9967038201049425 -0.01996168169490466 -0.07863222146248981 -3.26120343541212 0.018709851837862966 0.9996867291312522 -0.01662483212135317 -1.3756828239891599 0.0789394478851983 0.015098836470710834 0.9967650619402799 49.71345195069421
0.9965209016529202 -0.021512772979179286 -0.08051889944353156 -3.332860267349576 0.020528701682687833 0.9997043566952055 -0.013029643581011857 -1.4050856851646696 0.08077539833435952 0.01133136370307151 0.9966679162191153 50.60482384632606
0.9963786325816435 -0.022667803843553245 -0.08194993107773002 -3.409484042713997 0.02194659584453627 0.9997121762463735 -0.00969079953234194 -1.4349614636965697 0.08214601308384405 0.007857183569807137 0.996589332273218 51.53948366945184
0.9963356739649749 -0.02419027191978523 -0.08203691564903072 -3.492179855099771 0.023538993594945552 0.9996833305182911 -0.008896879475079717 -1.4667850909306293 0.08222615499521077 0.006933211975977068 0.9965895795192719 52.472048102413105
0.9962146859586423 -0.027867887494239924 -0.08233881421864515 -3.5751231295744126 0.02711215824815193 0.9995795133353679 -0.010282382766471107 -1.4946778475882152 0.08259074013139321 0.008011077757545467 0.996551349543871 53.4462985721571
0.9961235202188549 -0.030646495803104884 -0.0824543798823764 -3.6636231677777733 0.02978932319463471 0.9994888151979892 -0.011606227540658475 -1.5279333148215377 0.08276792066013586 0.009104976063132434 0.9965272553826546 54.47304089719832
0.9959754082605599 -0.032597190014926274 -0.08348897737631311 -3.747374473114041 0.031821017268463904 0.9994372571953035 -0.01061092785427696 -1.5565625331837658 0.08378788098652357 0.007911519010868779 0.9964522060122744 55.350386417541756
0.9957911920295054 -0.03573065184980512 -0.08439918479964759 -3.8256714350967016 0.03533588308881211 0.9993564641594752 -0.006167082698092679 -1.580167386229731 0.08456522478413235 0.003158806904406844 0.9964129388442068 56.2788823200045
0.9957676229407765 -0.036460308537987776 -0.08436520019646966 -3.913778685679926 0.036518914159066246 0.999332601377789 -0.0008489594475649762 -1.6028713254273679 0.08433984830149036 -0.0022355591729124294 0.9964345398788949 57.287215340913164
0.9957938495640797 -0.0357122595297901 -0.08437561075114086 -4.006568434998449 0.035993914323613006 0.9993503540952213 0.0018187637065725086 -1.62643106329341 0.0842558443196406 -0.004848122217194361 0.9964323601775239 58.26098734068015
0.9958228946399864 -0.03422002315078584 -0.08465076802013043 -4.096753674803859 0.03414267146894142 0.9994141785110227 -0.0023617315897234556 -1.6525307737608004 0.08468199629084197 -0.0005383369740637831 0.9964078831971871 59.22014963507615
0.995733336123701 -0.033718253659051935 -0.08589646501543843 -4.18563114238108 0.032906267923745854 0.9993995267459637 -0.01085188791293729 -1.6769442879176124 0.0862107931949083 0.007979054463288827 0.9962449667760312 60.21493721432619
0.9958118517093947 -0.03242147732197468 -0.08548452376522334 -4.271496868486682 0.03117641147724278 0.9993880563059286 -0.015860147554795628 -1.706848587425347 0.08594642146423538 0.01312862221708451 0.9962132562439492 61.14075534211446
0.995836803877803 -0.02859342134571144 -0.08655331477296868 -4.362200806052883 0.027396098917167846 0.9995122583415603 -0.014989969615542274 -1.740237542603016 0.08693971363285437 0.012556340259037973 0.9961344409831113 62.064664024621244
0.9957869246623446 -0.026771329264890027 -0.08770231810448928 -4.448004679813486 0.02577119467081563 0.999589507824882 -0.012516444049692939 -1.773115864277531 0.08800139883404746 0.010203517814999431 0.9960680910597673 62.94878991866399
0.9957472411189296 -0.02477255472458251 -0.08873416668036001 -4.530558853334529 0.02388860354189747 0.9996539962742127 -0.011010102352586898 -1.8000921809058466 0.08897621269113656 0.008843543713577663 0.995994490602095 63.78901224496699
0.9956273102677878 -0.025288011151478187 -0.08992650077109235 -4.610275705737471 0.024363207201235977 0.9996385471790507 -0.01136701933782509 -1.8264585200691354 0.0901814458954844 0.009126416917912486 0.9958835350232672 64.605517282488
0.9953847339353178 -0.025606226497591752 -0.09248541838079669 -4.6902521190685915 0.02471672196196962 0.9996366878980477 -0.010750621548336746 -1.8562089864751914 0.0927271001594013 0.008415068197875871 0.9956560005962161 65.4182662149644
0.995278327588194 -0.025429297237735845 -0.09367177523268458 -4.767409162308357 0.024577265739323097 0.9996455022701867 -0.01023854480699112 -1.8826349230024588 0.09389892780019574 0.007888005640271072 0.995550486276307 66.18498494470191
0.99512720371379 -0.026446604195876366 -0.09498644932452041 -4.846014629282084 0.025628457660634117 0.9996232730311279 -0.00982314473434865 -1.909943066581398 0.09521045418813047 0.007340922356320769 0.9954300981345937 66.95881101225943
0.994735577480749 -0.02833070496204316 -0.09848097303740637 -4.91659684970153 0.027543056649466123 0.9995769022801243 -0.009348607301330372 -1.9246724694159718 0.098704158597523 0.006586925263265782 0.9950950213377261 67.7040989381004
0.9946089530589772 -0.02663008620245965 -0.10021910498390403 -4.997596108744988 0.026105190074770433 0.9996377721279934 -0.00654550121392074 -1.9498643259045074 0.10035711009233621 0.0038939753248957826 0.9949438614364543 68.45461531040635
0.9945228599125232 -0.02605861759899497 -0.10121872139206782 -5.0846858693211585 0.025964067414329897 0.999660340979457 -0.0022516385454121298 -1.975615255156809 0.10124301612812514 -0.00038874370014337946 0.9948616489560819 69.25198310377306
0.994466654654596 -0.023291720118558925 -0.10243812060954066 -5.1710696470838995 0.02333450339001588 0.9997274084847819 -0.0007808174194181576 -1.9961104082789816 0.10242838342782432 -0.0016138457856453724 0.9947390722044355 69.99048265999234
0.994517972875488 -0.02027204332054419 -0.10258189843846562 -5.252960277899541 0.01986504480688539 0.9997902294677722 -0.004987690407290014 -2.0140293000804075 0.10266149045503921 0.002922553744333094 0.9947120573598973 70.70622572512292
0.9945256717948469 -0.018684466523814988 -0.10280845710216857 -5.341833208205362 0.01751391471469122 0.999771245834528 -0.01227675827901822 -2.04070439869944 0.10301432391844588 0.010408972725267172 0.9946254080579424 71.5331341279358
0.9944271448957747 -0.019919271986840067 -0.1035271756494464 -5.417598985349251 0.018165755968576964 0.9996755820698163 -0.017853176845126 -2.0674593481014485 0.10384921186281156 0.015873034268454156 0.9944663835336937 72.22554061772315
0.9944639975938392 -0.01962002616977757 -0.10322989907375109 -5.489205325095598 0.017729914059240546 0.9996585302277866 -0.019195652900399665 -2.097158553670123 0.10357126839588046 0.01725912848083354 0.9944722795769366 72.86634573731702
0.9944438143387238 -0.017877901478915464 -0.10373948506792895 -5.561510982822269 0.016325048659480146 0.9997419144217314 -0.015798649772573933 -2.1254258820731513 0.10399515810706975 0.014017317399596675 0.9944790203434172 73.51899994392303
0.9943929122422972 -0.017806585285200547 -0.10423848426930793 -5.631361878144284 0.016459559217301977 0.99976972804579 -0.013768579941969401 -2.1491772667627984 0.10445965246282404 0.011975658801383354 0.9944570199881023 74.14040671892961
0.9942944015777576 -0.019557263051259956 -0.10486255982509457 -5.704625008635658 0.01789287740396145 0.9996989339348569 -0.016789473717680654 -2.1791540820741346 0.10515934542081601 0.014817386795710784 0.9943449889848139 74.78957331945416
0.9943281578466254 -0.024918526548408922 -0.10339526849905407 -5.7629806834796735 0.022839288851113294 0.999513385851463 -0.021245196834083827 -2.2081016659079626 0.10387435389984688 0.01876322302803522 0.9944134251223118 75.39315179729901
0.9944195935127652 -0.028116583899248277 -0.10168151133682991 -5.821241757439076 0.025603047588994954 0.9993355510405445 -0.02594109443809237 -2.235791289202823 0.10234332412063318 0.023192976012726286 0.994478722684206 75.9605141723831
0.9949417748195296 -0.027295646255059217 -0.09667374211481403 -5.873513238712072 0.024881718082084964 0.9993499422581906 -0.026088177664100088 -2.259783378425108 0.09732299226928098 0.023550808989685968 0.9949741677911454 76.55957887475525
0.9954419886503377 -0.023281966737182455 -0.09248349721278815 -5.934253976148663 0.021222375448254907 0.9995057641037426 -0.023191341136848342 -2.2866600203598932 0.09297772858159288 0.021122915240115277 0.9954441041261756 77.13588664964358
0.9957423958773653 -0.026325127804568915 -0.08834064012941743 -5.979861454461966 0.02461943058115875 0.9994898986755137 -0.02034271573486857 -2.3084580321363797 0.08883110204349384 0.018081208247328895 0.9958825760189064 77.68114220124629
0.9961737111779186 -0.02988959961156934 -0.08212520315390714 -6.01576845703024 0.028683810446744017 0.9994632855633601 -0.015823394994349933 -2.335011677102104 0.08255408031263924 0.01340718635478866 0.9964963979753164 78.24768802373566
0.9966304147642023 -0.03328593107393454 -0.07496574657450623 -6.045570115586385 0.03243012340776338 0.9993945194997219 -0.01260482009691029 -2.354819992896399 0.07533991944971163 0.010131198668445503 0.9971064413345495 78.75093725684903
0.9974431430501575 -0.030082699193551055 -0.06482443668440886 -6.080821346394642 0.02933669137148329 0.9994923023739649 -0.012429643380377463 -2.371663112087611 0.06516544269469007 0.01049612806797552 0.9978192703961893 79.26674598482657
0.9984013621049167 -0.026134116865859192 -0.050117143600630513 -6.109094809315056 0.025553119406168855 0.9995990333635425 -0.012198794501258723 -2.3910475710899433 0.05041585301925054 0.010898643691371654 0.9986688446777678 79.85223724345744
0.9991721654398414 -0.02336523326543975 -0.033302397581967964 -6.125466125354614 0.022986560707235676 0.9996672074885912 -0.011708642056745093 -2.4051605373199196 0.03356488994631804 0.010933441654483586 0.9993767347784704 80.27515044543225
0.9996042531174527 -0.025694152710205587 -0.011451972144663994 -6.122728762709004 0.02557807023523676 0.9996210925688017 -0.0101702317866765 -2.424240239784631 0.011708948395941474 0.009873287601303944 0.9998827024803463 80.75879861322221
0.9994905577575298 -0.028595181951605562 0.014175349120736765 -6.094566742018439 0.028711376062802024 0.9995552293597856 -0.008062279087508051 -2.4363007409927664 -0.01393850200418126 0.008465165601397267 0.9998670207248651 81.23071756398588
0.9986522799771593 -0.029102398026941676 0.042972946437277296 -6.0556938821658415 0.029384002061313343 0.9995505719094147 -0.00593587553954242 -2.4499553245961714 -0.04278088497542312 0.0071905927879183425 0.9990586025134239 81.64937827806342
0.996841673309705 -0.030211654940654246 0.07344340854598486 -5.999755019325974 0.030577046671076757 0.999524976339704 -0.003855630945383194 -2.458912865427401 -0.07329203619753244 0.006089136134053989 0.9972919331124455 82.12913195971952
0.9933800741469467 -0.030057044159308176 0.11087200902035749 -5.922259270115832 0.03048244758431016 0.999533003967002 -0.0021434481494480608 -2.4720232370150668 -0.11075580651629345 0.005508908885159049 0.9938323818661868 82.61255649575193
0.9877682549638023 -0.029939606546403486 0.15302775710834093 -5.827554294920964 0.030435453290333224 0.9995363307118538 -0.0008982038152639102 -2.4816426038792705 -0.15292991096830857 0.005544686368800419 0.9882214826567446 83.08089838313799
0.980213744452406 -0.030321285543775223 0.19560581491756296 -5.698936570907226 0.03072245677770928 0.9995274700206535 0.0009835261317203301 -2.494454392429492 -0.19554320708255976 0.005045425361933044 0.9806821084565486 83.64393985753546
0.9699384341630674 -0.028769829538328007 0.24164380985580902 -5.554695765210374 0.02936519247100952 0.9995681020188788 0.0011379356374543162 -2.50274748046685 -0.24157218259649726 0.005992189475473059 0.9703643512932922 84.11584399215772
0.9565827886023105 -0.02787935412435339 0.290124301228687 -5.38348761745085 0.029038453032697604 0.9995782471638344 0.0003099069901594917 -2.505132845418232 -0.2900105804885278 0.008128309202019315 0.9569889204135127 84.62339937025834
0.9399256343637291 -0.026038262789058304 0.34038479804019905 -5.182658105643374 0.0272444053626427 0.9996280376285863 0.0012364316625256137 -2.5066124177980997 -0.34029038223607666 0.008111427602341653 0.9402854143821832 85.09838297602607
0.9193558507712549 -0.024644979263901107 0.3926543577368542 -4.978402731299167 0.02577340354461505 0.9996649332333226 0.002398527327653008 -2.5087276693579867 -0.39258190396703974 0.007914939083591038 0.9196829901748287 85.5101016044794
0.8956822714226482 -0.024584382118647826 0.4440145006810109 -4.743854224688994 0.026014119469445582 0.9996574475670774 0.0028728229851313816 -2.507911333395815 -0.44393302901157566 0.008977509650164367 0.8960149943349641 85.88781716402373
0.8669468959068128 -0.025108954036960784 0.49776763665862134 -4.471263570541319 0.026966558754592283 0.9996303564200961 0.003457633925889044 -2.512861991012971 -0.49767045761876855 0.010425495220857652 0.8673035366369276 86.28569204132259
0.8374217086164805 -0.025854230773012663 0.5459454557819743 -4.212194978605473 0.027955389932922757 0.9995992342129135 0.004457256404330364 -2.5126492718810676 -0.5458418984573737 0.01152951482463624 0.8378088637489792 86.5926775027093
0.8023335742133892 -0.02482686181190526 0.5963593401821906 -3.9144399128473433 0.025730260833143975 0.9996444222309862 0.0069987698872902146 -2.5071194913838064 -0.5963210455513233 0.0097291333144028 0.8026870838611546 86.92855742599329
0.7625142279425708 -0.025225534189023395 0.6464794850650876 -3.5981763360374934 0.023808214508717902 0.9996568479861331 0.010924980381470755 -2.5057088255522713 -0.6465332327939911 0.007061069275050188 0.7628531445787196 87.25371686462873
0.7229359309698935 -0.024112386079559924 0.6904941944363043 -3.2842572637037164 0.021332768206859556 0.9996933477608747 0.01257471444155343 -2.4975455511652815 -0.6905856592149325 0.005639439706606897 0.7232286249910672 87.52113047141103
0.682184593377154 -0.022928029269749448 0.730820419824631 -2.96496059933745 0.019416545152559805 0.999723812554001 0.013239954185376136 -2.4928263518146125 -0.7309221424564883 0.00515791491765469 0.6824413656721847 87.76119798324629
0.6409163573238017 -0.02088573777784981 0.7673265334082102 -2.6349320637406457 0.015579855382317664 0.999777795362653 0.01419957767184113 -2.4855082217366493 -0.7674525985499381 0.0028540948245422484 0.641099339511185 87.98196971450443
0.6008830631636455 -0.018274997083311643 0.7991280053187203 -2.2841876890444666 0.012428433208059577 0.9998313631946132 0.013519586546704064 -2.480354723131494 -0.7992403133295171 0.0018082184619040396 0.6010088617440901 88.21226282638665
0.5572985016348165 -0.01624027979004273 0.8301533794353468 -1.943988572885897 0.010709517719609403 0.9998661251217633 0.012370855435387965 -2.4789623556045965 -0.8302431489062703 0.001996283128973832 0.5573978189299517 88.3965660934392
0.5135127399745092 -0.014204247159575486 0.8579643962580843 -1.5919371667720208 0.00913741357409109 0.9998968090239609 0.011085079019846057 -2.479118603459527 -0.8580333172768093 0.0021472462201403866 0.5135895401744683 88.57125888449154
0.47162863018304907 -0.015236285432922351 0.8816656343523118 -1.2439494312610695 0.012118082465865576 0.9998682834324283 0.010796659818632972 -2.4785214366149293 -0.8817140053719281 0.005592082983586762 0.47175114344206254 88.71784781744702
0.43453504229935974 -0.022446501183972543 0.900375172691078 -0.8620562554694176 0.026178185589873712 0.9995817941523858 0.01228573963255868 -2.4754669244955623 -0.9002744023980206 0.018231603980308826 0.4349409258775144 88.83741830318453
0.3978459910161505 -0.025777912971270484 0.9170899992013978 -0.5499372544064214 0.03012444925804271 0.9994332370368295 0.01502405614285078 -2.473516187366348 -0.9169575153676827 0.021649570640766183 0.3983970520746781 88.92975963257277
0.3680834103629633 -0.022492599635672024 0.9295206753898468 -0.18146093519835793 0.03140087860307276 0.9994378038375845 0.011749939713047256 -2.4676034858429845 -0.9292623891229661 0.02486280800582512 0.3685827626728359 89.03341593246004
0.3402133425068009 -0.015712483941987238 0.9402169959263237 0.15352157800831728 0.027157553296224553 0.9996075021388726 0.006878151397444654 -2.469550823275991 -0.93995603560981 0.023193954299692794 0.3405065221176106 89.125867515824
0.313577341750959 -0.011160100693637348 0.9494970789280543 0.4945102959925922 0.026342129401791488 0.9996483332974189 0.0030499105349768136 -2.4696952858265675 -0.9491972097298744 0.024055392081609537 0.3137610478577902 89.20555729067227
0.289739790400512 -0.008828183131115799 0.9570647402559915 0.7903273965815852 0.02926676134589425 0.9995715717225243 0.00036011732045451413 -2.4699294549404827 -0.9566578858395448 0.027905845028694268 0.2898740300100108 89.24909107572715
0.26403187855173227 -0.00758913210707098 0.9644840963864061 1.1628242338421868 0.03623894303760031 0.9993410364187845 -0.0020571672140382745 -2.466760435749099 -0.9638329243784728 0.03549504195363592 0.2641329132856198 89.31146116103533
0.245647190065551 -0.0013191445897117928 0.9693584052714703 1.510103087617782 0.03823058987295906 0.99923423755602 -0.008328294771687889 -2.4623052042303737 -0.968605120784968 0.039104965840541954 0.24550951434872206 89.38023655365781
0.22740983091753095 0.005861214419682185 0.9737815026830117 1.8499731065556695 0.037140445128091185 0.9992021106421902 -0.014687730385560399 -2.459731176496646 -0.9730906207223173 0.03950681275069113 0.2270106949210424 89.44113546130582
0.20957525251967007 0.007050693533073769 0.9777670996980912 2.2135311434724634 0.03753890593045726 0.9991787784013892 -0.015251207619433526 -2.464039968416488 -0.9770716678283422 0.03990058286553534 0.20913846947448414 89.50258089151974
0.19271786600872454 0.00238415963468478 0.9812513133259375 2.734642739807601 0.03614127303430862 0.9993012861728164 -0.009526165903115075 -2.4783911738233946 -0.9805884113655945 0.03729953399428002 0.19249704480668448 89.60027717777434
0.17681806019642685 -0.0017697434049424132 0.9842419629322106 3.244863807548085 0.03739559020716297 0.9992884222399645 -0.004921281359520919 -2.491966218174685 -0.9835328888356648 0.037676480534177936 0.17675842099636158 89.6773503461109
0.16031433260757902 -0.004201295002932535 0.9870570722510844 3.732455668783843 0.0399770978157227 0.9991980855643762 -0.0022399675705192666 -2.503977144854037 -0.9862561261715012 0.03981877603321287 0.1603537298113086 89.7355808609201
0.14747764258616455 -0.0052770618490169344 0.9890513118920912 4.230976727713682 0.043467634441643414 0.9990541726414712 -0.0011510359301029538 -2.5091000204662035 -0.9881097660145215 0.043161472934856816 0.14756753559241428 89.79624831518224
0.13665154633636947 -0.004908490966792225 0.9906070167328239 4.734597050683572 0.04697587266585973 0.9988948515930494 -0.001530636527763798 -2.520969188707083 -0.9895047358507978 0.04674379292834618 0.1367311067442661 89.85000087953432
0.1279657009926274 -0.00498985462966354 0.9917660413223663 5.2376482764886205 0.048261546412074446 0.9988340097841144 -0.0012016806988406343 -2.52419084228243 -0.9906036556097387 0.04801793674619518 0.12805731233810017 89.89128354521114
0.12133623639560646 -0.0045999272686089365 0.9926008051611032 5.806765898564205 0.05147668559599835 0.9986728094544501 -0.0016644808216152865 -2.5313737433449073 -0.9912757782662691 0.05129776140806039 0.12141198909960035 89.9459149003806
0.11584286699501953 -0.002818394682637494 0.9932635535535291 6.471100145207462 0.05415617526671137 0.9985264035551144 -0.0034828269795578568 -2.536364513098112 -0.9917900679311387 0.054194815754841065 0.11582479483445408 90.00975799947143
0.11032584329762614 -0.0021058716741040625 0.9938932405470707 7.01538516442374 0.05512720203983121 0.9984713123373903 -0.004003752553378714 -2.542391784761681 -0.992365456823203 0.055232270854467455 0.11027328035535842 90.04821685742803
0.10580637715077224 -0.0024494400677989186 0.994383734177898 7.623140744654629 0.05787285768304465 0.998317109651838 -0.0036987727691418287 -2.5485161388872464 -0.9927012354670582 0.057939182077018814 0.10577007271633816 90.09269076044853
0.10310504979385016 -0.0025372640407689256 0.9946672363148357 8.238940923507327 0.06025604620241108 0.9981760968897987 -0.0036997964673300475 -2.549530787831677 -0.9928436722883708 0.06031618264640244 0.10306988167212204 90.13208061922134
0.09968974130860761 -0.0028960859527708467 0.9950143557577323 8.902463827182462 0.06204705214416082 0.9980677318985103 -0.0033114744725856117 -2.557472514090735 -0.9930821309428743 0.0620678276494107 0.09967680759755684 90.18486704712409
0.09721278567312601 -0.0034346219374874693 0.9952576941043035 9.498340819950805 0.06447348306805922 0.9979153402336504 -0.002853718176305547 -2.5627449097280897 -0.9931731189892027 0.06444514798263416 0.09723157212939033 90.22311458441375
0.09681709906021614 -0.0039433647729187225 0.995294378163481 10.17198843309742 0.06897851356604788 0.9976143352357258 -0.002757317246669374 -2.566012453211008 -0.9929090663277178 0.06892088222337207 0.09685813335889366 90.26972981304297
0.09670320818621148 -0.004088440622324623 0.9953048649432847 10.877815192105395 0.0723653926193972 0.9973738724145215 -0.0029340374745301413 -2.577989313964809 -0.9926790717434978 0.07230935816434252 0.09674511483442505 90.32530426163507
0.09846835187567334 -0.003908428443883263 0.9951325076923102 11.60652665001119 0.07442016066701611 0.9972210167269484 -0.003447243009421193 -2.5874276650385353 -0.9923535777963324 0.07439736544508498 0.09848557584563528 90.38634953055889
0.10190901697987337 -0.0038813205522656305 0.9947861516974211 12.366035718762728 0.07704134661027284 0.9970198655661089 -0.004002321702836463 -2.600685895233253 -0.9918060209389077 0.07704753738639372 0.10190433657122042 90.44841962612146
0.1049391434858143 -0.00391975610558552 0.9944709204780873 13.092877333482061 0.07831223516935926 0.9969194589559628 -0.004334302450030821 -2.613990925319778 -0.9913904225819613 0.07833407858028382 0.10492283900912738 90.51915222012877
0.10748001192339224 -0.005575265544575847 0.9941916130460227 13.818283061415816 0.0802503250404363 0.9967699644855063 -0.0030859731796953303 -2.6283582630304148 -0.9909631337077324 0.0801158805335679 0.10758026453992052 90.58665506872323
0.11100976448044486 -0.0068180993458250615 0.9937959275984702 14.580019267527119 0.08060987515021004 0.9967433753776733 -0.002166026082242737 -2.643307025614159 -0.9905447391300713 0.0803502156937481 0.11119785348514793 90.66431060779432
0.11541833931481439 -0.008347793920517205 0.9932818941702644 15.338797536804721 0.08062246522693502 0.9967442175977174 -0.000991355760902969 -2.653817084120784 -0.9900397088251256 0.08019525560887986 0.11571558204185114 90.74834681780924
0.11787942179104803 -0.009331356334156906 0.9929840722323648 16.163781713074993 0.07954378376486251 0.9968313702888921 -7.531492008169989e-05 -2.669124288199151 -0.9898369706080766 0.0789945884028353 0.11824815694330985 90.83975503486101
0.12166119386194642 -0.007674030268662286 0.9925420208573128 16.96731701876638 0.07783100868541079 0.9969648830790134 -0.001831937296754795 -2.683009435870346 -0.9895154814327539 0.0774734223245841 0.12188921543032107 90.93037737795088
0.12498111912035864 -0.0030181574330869583 0.9921545295915997 17.740729153640142 0.07709393261080046 0.9970014654896447 -0.00667857515496978 -2.6915489959467886 -0.9891593630037687 0.07732379024083277 0.12483904054728873 91.01947567894449
0.12771303423268596 0.002387821194670113 0.9918082875218476 18.49484542769501 0.07452035210559875 0.9971473316761662 -0.011996501704990184 -2.7041657181809753 -0.9890076329377524 0.07544201244030091 0.12717077002919774 91.11723844311648
0.12826455309272133 0.0058042524816600905 0.9917230031984992 19.305124249528237 0.07284052234843567 0.9972268915107159 -0.015257298315246566 -2.727714445978555 -0.9890614049309221 0.07419459212774546 0.1274860767890594 91.21700849992693
0.12776194472457933 0.005625119732557739 0.9917889107608456 20.131786207541055 0.07137974646849804 0.9973386377798759 -0.014851713216757685 -2.750008617556105 -0.9892329438884879 0.07269112476344168 0.1270204042913549 91.31940569060718
0.12809037692399342 0.004040273595379826 0.9917542697305318 20.944441662902115 0.0699412339979732 0.9974651357261453 -0.013096823953220869 -2.7755356687915005 -0.989293222015752 0.07104209456438738 0.12748310348275396 91.41943816765173
0.12728834607904185 0.0031775736947534097 0.991860665606754 21.65093376868642 0.07198214404918253 0.9973284299770125 -0.012432767096197752 -2.795512397159895 -0.9892503464192179 0.07297880366928437 0.12671955778195884 91.49553476692716
0.12735249735268336 0.0028291951163955434 0.991853485688801 22.440368109065048 0.07125623736702452 0.9973859275756014 -0.011994169852458695 -2.8224398397796446 -0.9892946426895917 0.07220323489393476 0.12681799090240395 91.58755791111761
0.1271268851358304 0.003342789734572681 0.9918808299551152 23.26159273757689 0.07048587287077289 0.9974357588783066 -0.012395508722929913 -2.8511937830440846 -0.9893788439224401 0.07148938849679307 0.12656528169702752 91.68621614022847
0.12603600010249125 0.004409371771518404 0.9920158688845364 24.047015799958423 0.06639514051048072 0.9977104003534162 -0.012870211467492742 -2.880069535722689 -0.9898012992488724 0.06748714297705143 0.12545466726286686 91.78459530114996
0.12559147700817733 0.006140639019897264 0.992063039053128 24.835217059839213 0.06395474471064444 0.9978507278578824 -0.01427289537862669 -2.9052543271075066 -0.9900184702983567 0.06523969241129382 0.12492882374447853 91.88114642873545
0.12189415751882192 0.006063700337307856 0.9925245820134594 25.63606476392674 0.06164437084704899 0.9980045897090022 -0.013667862401868605 -2.9350951718175406 -0.9906269660702991 0.06284958598100894 0.12127713567019797 91.97116893522926
0.11801083835138662 0.0045311115414427335 0.9930019693131522 26.425463423118874 0.06004578257007006 0.9981271644741299 -0.011690489056496896 -2.9638347101760556 -0.9911952108576535 0.06100518475532382 0.11751774932246621 92.05505026804072
0.1130830767521938 0.0026933297547147503 0.9935818857683982 27.21938484409031 0.058603886302966465 0.9982372852481015 -0.009375865330108318 -2.9918376448836015 -0.9918557366182059 0.059288011565001096 0.1127259039538909 92.137849571146
0.10602801597705938 0.0007772722405480739 0.9943628390461045 27.979537444619073 0.05673037485355238 0.9983661764883198 -0.006829510455919827 -3.016922573727846 -0.9927435340494247 0.057134696043263836 0.10581068996608965 92.21632483479249
0.0998189739982647 0.0011845444362717293 0.9950049091760346 28.8078910343388 0.05549128687734422 0.9984363174639644 -0.0067555199424390215 -3.0411872165135523 -0.9934570395898493 0.055888431928932225 0.09959715691672648 92.29093403726468
0.09260487216108598 0.0022163712926411483 0.9957004696947364 29.6004854017328 0.05463348870478887 0.998479763147288 -0.007303731736486414 -3.0642833702331704 -0.9942029569277946 0.05507495150817652 0.09234300272570382 92.3566397176143
