0.9999977951480155 2.5649561179231117e-06 -0.0020999267912663183 -0.04046521708369255 -5.438669009236048e-06 0.9999990636189583 -0.0013684778505521759 -0.024459129199385643 0.0020999213148490473 0.0013684862540678327 0.9999968587829883 0.8511921763420105
0.999988485269212 0.0003883867296597251 -0.00478314590360022 -0.08542545314152084 -0.00039833945772256346 0.9999977574304069 -0.002080014383003069 -0.05003678985701218 0.0047823273270787975 0.0020818957479428616 0.9999863974352008 1.6759855289903194
0.9999710393968554 0.001041189067711865 -0.0075389848718485945 -0.1223883325215735 -0.0010652168179638094 0.9999943642866507 -0.0031838197292547617 -0.07522574803077786 0.007535627425995246 0.0031917581773909668 0.9999665129388252 2.5006202588991133
0.9999250513926173 0.0013864681401195757 -0.012164263379581174 -0.1590679633666317 -0.0014296331159947345 0.9999927103733331 -0.003540529529430234 -0.09948782451703381 0.012159265875250753 0.0035576546054317377 0.9999197444530653 3.3024009670790884
0.9998922036444728 0.0018270520149082988 -0.014568561079758822 -0.210009966206026 -0.0018970098791078686 0.999986730442319 -0.0047896025721612355 -0.12555292729669384 0.01455961690836717 0.0048167229747522215 0.999882401452924 4.170792219541646
0.9997966818922045 0.0024497418504925016 -0.02001483555275141 -0.23300264052061953 -0.002579745939561229 0.9999757277907121 -0.006472151135650572 -0.13855271528492435 0.019998494648974297 0.006522468420876502 0.9997787343294884 5.028051246968555
0.9996732650707659 0.0042393550516223585 -0.025206962758337313 -0.27170669847010764 -0.004431203239207403 0.9999616051348003 -0.0075599400848470584 -0.1597849983174272 0.025173945670211452 0.007669167163383748 0.999653668194347 5.850517329292143
0.9995874900435424 0.004604712605618149 -0.028348657292196624 -0.32616997020871236 -0.004853278907107939 0.999950327586397 -0.008705632872289324 -0.1850537425905033 0.028307162208539603 0.008839625652533292 0.9995601860748671 6.720768625071378
0.9993937277849141 0.00276627417367675 -0.03470626155852748 -0.3595770947353283 -0.003030545140411914 0.9999667987050979 -0.007564210707680923 -0.1918466408658584 0.03468418458497763 0.007664803629207865 0.9993689299377889 7.501579966633808
0.9991884908879842 0.002217099805594245 -0.04021746070358621 -0.40999836880656043 -0.002491414832077827 0.9999739663821376 -0.006771957627607144 -0.21228065739041138 0.040201399591643205 0.006866660500391582 0.99916800211198 8.326665692997857
0.9990246325096458 0.002916590675428827 -0.04405992666583504 -0.47019921064836906 -0.0032507053532383045 0.9999664899774218 -0.007513443747133838 -0.2336473452559144 0.04403653657672443 0.007649341217838201 0.9990006361485763 9.17132776341667
0.9989129840440474 0.00258453372181162 -0.04654213675431532 -0.5298954606862288 -0.002970260616172467 0.9999618002188939 -0.008220441281409153 -0.2531862793956919 0.046519112847179134 0.00834974780636515 0.9988825025254381 10.017950786335089
0.998810434941575 -0.000721910890057957 -0.048756475431355965 -0.5744110075957676 0.0002902626292928876 0.9999607104254535 -0.00885964745509698 -0.26955644117302435 0.0487609556861598 0.008834956145300676 0.9987714016482867 10.936682969628425
0.9987429721935339 -0.00024099989136920993 -0.05012402032038257 -0.6211920240315976 -0.00014803080061548285 0.9999698991453106 -0.00775750541085941 -0.28226711005752086 0.05012438110249178 0.007755173909707244 0.9987128735010491 11.823492511533896
0.998638447009666 -0.0014528516474842765 -0.05214538691210247 -0.6852147724985174 0.0010390929253347371 0.9999677712824098 -0.007960947329503249 -0.30176048162929603 0.052155272408597256 0.007895924175231666 0.998607771821051 12.700808490233447
0.9984714191184704 0.0002619942574253578 -0.05526985220314066 -0.7433901223073212 -0.0008930515767418409 0.9999346947701752 -0.011393360073241997 -0.31420237602972517 0.055263257797828175 0.011425303229513963 0.9984064476873558 13.55460312201522
0.9983832362262873 0.00018757551245791976 -0.056840816652759994 -0.7974766886534869 -0.0010291210673625826 0.9998902935311473 -0.014776393742233787 -0.3330303927772392 0.05683180915784983 0.01481099988602868 0.9982739001647906 14.417585461824357
0.9982995571823455 0.004089173694267817 -0.05814871269452886 -0.8719670468383566 -0.005060421402857744 0.9998499787099597 -0.016565391903586846 -0.3594349333641544 0.05807225038482885 0.016831480392170785 0.9981704839370127 15.289493683523112
0.9981471399176122 0.0044777097197923115 -0.06068144024292754 -0.933211150673928 -0.0054592946205966756 0.9998567691075204 -0.01601990549650138 -0.38097835075793945 0.06060101629953275 0.016321500713371562 0.9980286195485215 16.146394338028188
0.9980536889413475 0.004259495318048806 -0.062214875152198194 -1.0049026345386602 -0.0051810552969931345 0.9998791318896648 -0.014658727010917277 -0.40902215367366546 0.06214491657873224 0.014952535276889226 0.9979551247587318 17.053315892909865
0.9979241026637398 0.005703235799201441 -0.06414794169876943 -1.0685544087031102 -0.00652567112586434 0.9998990868029405 -0.012618709403251467 -0.43041602109478594 0.06406950084967945 0.01301112262894151 0.9978606163932955 17.941045951664517
0.9978594828159172 0.005317366337733886 -0.0651780497528178 -1.1438171876212906 -0.006134496115601937 0.9999050025111217 -0.012343172632772239 -0.4513011877256523 0.06510622483110291 0.012716586352676865 0.9977973080339396 18.846462433904087
0.9977289983286606 0.005444588245146357 -0.06713570103103603 -1.21649129207833 -0.0063412511407778815 0.9998934258321677 -0.013150114508310927 -0.4733793292417692 0.06705694914069249 0.013545974917034232 0.9976571916923617 19.754992738100928
0.9976616632417146 0.004076289361345345 -0.0682245524926222 -1.2910887981645167 -0.00504076816942907 0.9998896997007782 -0.013970650970887634 -0.49621818578403226 0.06816007888814427 0.014281887036763585 0.9975721684913985 20.68700910935026
0.9976545692333999 0.0041064432422420385 -0.06832640493702244 -1.3655631636735586 -0.004931588195261706 0.999916885704101 -0.011912225723382228 -0.522401983032827 0.06827180915716292 0.012221244114684017 0.9975919011633451 21.65361101674754
0.9977038297657373 0.0053642201779230386 -0.0675151332122184 -1.4420116803490903 -0.005954056225650508 0.9999458230353251 -0.00853816190222332 -0.5440442506596809 0.06746567486687305 0.008920545728235958 0.9976817160691418 22.57720621084225
0.9977363781853921 0.0056448939804366795 -0.06700936365498704 -1.5160804263513192 -0.005968559239431582 0.9999714649797402 -0.004630931534592319 -0.5669981124417658 0.0669813104238941 0.005020398213520072 0.9977415996417486 23.53105274456502
0.9978107445363417 0.004085009854783961 -0.06600780849504108 -1.5839072317260143 -0.004228997467681724 0.999988973269467 -0.002041793303876518 -0.5851680195568791 0.06599873989895597 0.0023164701517031047 0.9978170174424696 24.429578171504517
0.997865081820945 0.004326807198477171 -0.06516561380011633 -1.6565284620277074 -0.004374214488041565 0.9999902620630788 -0.0005848304264770314 -0.603240987241211 0.06516244877298055 0.0008686302333744823 0.9978742910564566 25.376179911724176
0.997904306594851 0.004472540145630091 -0.06455223670869438 -1.7260923861163517 -0.004677219395046913 0.9999845015456773 -0.003019981320168375 -0.6190667151191732 0.06453772926110883 0.0033155773387596 0.9979097596720508 26.318124969108737
0.9979224388142338 0.004878429205411188 -0.06424178577483095 -1.7970488219317715 -0.005425427865906761 0.9999504783972212 -0.008342990209784535 -0.6376819544534079 0.06419790373153415 0.00867419631184985 0.9978994876613674 27.2516800246557
0.9979376486140654 0.0037696223726629992 -0.064079945582042 -1.8719287344709168 -0.004520380646494548 0.9999227895432811 -0.011575020984618614 -0.6593111378761558 0.06403136448210944 0.01184081496988626 0.9978776375204566 28.21385144300818
0.9979481053209106 0.0021393679824472625 -0.06399220414269553 -1.9428842243622075 -0.0028327648469230323 0.9999382381126437 -0.010746878779641275 -0.6832248362675588 0.06396526033501922 0.010906102182629069 0.9978925304888572 29.110005886246828
0.9979285645617538 -0.0001543620415721092 -0.06433161123489482 -2.013458036550798 -0.00021076988864907815 0.9999839091471828 -0.005668952528734732 -0.7028218913668649 0.06433145115549291 0.005670768826105581 0.9979124745052287 30.11517133700585
0.9978051546009132 -0.003919071196692926 -0.06610230202347685 -2.086530287907627 0.0038399430845913888 0.999991750808067 -0.0013240668125586103 -0.7252816403259809 0.06610694584500788 0.0010673316130763739 0.9978119725250205 31.148589746474695
0.997651331707587 -0.011132242970292233 -0.0675861931797368 -2.1555645491256485 0.011093389171782389 0.9999380150245647 -0.0009501712566526547 -0.744791032720396 0.06759258138850528 0.00019817967596772 0.997712986617922 32.14785689886299
0.9974740399057972 -0.014160195516326598 -0.06960623949724405 -2.229527316074988 0.013870229110641894 0.9998930035566231 -0.004647384526076616 -0.7603921286285856 0.06966459975070985 0.0036701909288643555 0.9975637188872291 33.118089198042036
0.9973145772371542 -0.010972601469953493 -0.0724101929790152 -2.3149702158713943 0.010511583650857423 0.9999220043061928 -0.0067447693390717545 -0.7788177654414171 0.07247855296173952 0.005965510981284829 0.9973521304129771 34.142888239495626
0.9972261125939057 -0.010696840188346176 -0.07365906577490612 -2.400538692138108 0.01019739387445524 0.9999224189650063 -0.00715326564161787 -0.8083353071251703 0.07372986856773985 0.006382292782011025 0.9972578266525803 35.16593696837964
0.9970948305660081 -0.010637182736930841 -0.0754237973186483 -2.4921355171465978 0.010260021733790526 0.9999328577019396 -0.005386282767801373 -0.8570521980977162 0.07547602806564181 0.004596784904007186 0.9971370210537668 36.22095717425112
0.9969728120644379 -0.008571588507435855 -0.077277033294414 -2.587222005415624 0.008441147667162495 0.999962343792142 -0.0020144537192843624 -0.8973378631064561 0.07729139040273465 0.001356048739970227 0.9970076238933312 37.247454448738715
0.9968482097807458 -0.008660365790106445 -0.07885838396330191 -2.684938096327754 0.008638040736858293 0.9999624965930303 -0.0006242272521877509 -0.9373153067683496 0.07886083254157528 -5.892211427808904e-05 0.9968856331691383 38.319133259772364
0.9967344456873384 -0.007740135833728329 -0.08037745378916655 -2.7701583975407726 0.00792770253258226 0.9999665456775689 0.0020147104570363674 -0.9550340300524142 0.0803591706833082 -0.0026453398545815045 0.9967624621062656 39.29418255521084
0.9966713406136908 -0.007705394822239652 -0.08115950769898483 -2.8551872839408077 0.008190374369809964 0.9999505279608821 0.005644413028476823 -0.9678789000289258 0.08111200014172092 -0.006290351451793525 0.9966851433184015 40.231846339314146
0.9965926078866749 -0.004213203271052447 -0.08237367797927307 -2.945870475751197 0.004909850003231033 0.999953861420873 0.008256415834480403 -0.9816488727238952 0.0823350914166126 -0.008632725391374335 0.9965673127158725 41.216676742523724
0.9965626738985723 -0.004335822697321991 -0.08272869897239524 -3.0466978510960394 0.005041176966459399 0.9999526881425382 0.008319135249833402 -1.0001544311652906 0.0826887146285431 -0.008707589680822622 0.9965373823169055 42.22236029028175
0.996532110603939 -0.0047128105484197285 -0.08307551957100992 -3.144825907186296 0.0052987416399809225 0.9999626097052884 0.006833924818315225 -1.0120777824250216 0.08304020635987892 -0.007250421237718257 0.9965198219401282 43.22960287731598
0.9964444858492615 -0.0035947417404303375 -0.08417520093483788 -3.2446164257976617 0.00400919907445704 0.9999806568871891 0.0047552259933327425 -1.0301950255388992 0.08415647891506685 -0.00507579385770366 0.9964396235464206 44.21827034237708
0.9963814780945401 -0.003964229840103607 -0.08490132503038092 -3.341815860103839 0.004412719694114895 0.9999772817729223 0.005095472788609154 -1.0487004002294376 0.08487919659752159 -0.005451680457722891 0.996376335108952 45.18527386942118
0.9962484152959707 -0.005944466296070133 -0.08633515124630323 -3.438937497970306 0.0065279901828507484 0.9999577090956986 0.006478067941553178 -1.071126310252129 0.08629299139814176 -0.007017359940722769 0.9962450884672018 46.17346017593174
0.9960973693901112 -0.005681968785516154 -0.08807806721778752 -3.539764735912307 0.006364085761992356 0.9999518806182782 0.007465578368976884 -1.0930954168781453 0.08803140977239136 -0.0079969793478381 0.9960855983372091 47.16686579537725
0.9960579734438387 -0.004072757503699489 -0.08861109515895392 -3.643042149869216 0.004513652683256064 0.9999784090333631 0.004775814753515149 -1.107758970372025 0.08858973122438098 -0.005156948072359939 0.9960548506022 48.134900038390825
0.9959987116836498 -0.004154988666252075 -0.08927094932671631 -3.7407684323775285 0.004144297259749888 0.9999913658147292 -0.00030511672577249616 -1.1251936682153723 0.08927144630133795 -6.606948488742728e-05 0.9960073315543868 49.16556643807369
0.9958784327766025 -0.0037362796996957804 -0.09062111974823235 -3.842685131035067 0.003637455332257996 0.9999925960991594 -0.001255653443518701 -1.1433992727032973 0.09062514027091849 0.0009208479081985639 0.9958846499419529 50.13300280470558
0.995824782591723 -0.004799923768840199 -0.09115899905089235 -3.937232861799985 0.005049386806936633 0.9999841113568396 0.002506137814736195 -1.1548381830131031 0.09114552138762058 -0.0029559711916456767 0.9958331969588545 51.115358360751884
0.9957756066633233 -0.0067525929525605296 -0.09157152211636185 -4.032994080833218 0.007297585357504492 0.9999575906341112 0.005618022888353688 -1.1672097425244672 0.09152970240441215 -0.006262541148859574 0.9957826540747325 52.10588058497298
0.9956380618216409 -0.008478283727419999 -0.09291376946978015 -4.135128903530888 0.009100530230843635 0.9999388981527554 0.006275373341227433 -1.1835423342573121 0.09285488787114861 -0.007093565118588231 0.9956543833742433 53.07530028776741
0.9955291362590419 -0.011677174457657135 -0.09373037104381385 -4.231205629061945 0.012238625691030755 0.9999104296074975 0.005417453584970405 -1.1977606359699242 0.09365871502706204 -0.006540363815255686 0.9955828788908754 54.0306331051854
0.9953844884136094 -0.015055359485904321 -0.09477898699779039 -4.328481963524135 0.01547377497435339 0.9998734975167667 0.0036812024709527227 -1.2119251679127672 0.09471157539403618 -0.005130800555397147 0.9954915330488956 55.00862360963682
0.9952189563221583 -0.01675351277460581 -0.09622135307064181 -4.432985136132818 0.017281262968416578 0.9998398364434892 0.00465396721881216 -1.2270747043406063 0.09612797161726873 -0.006294542903854377 0.9953490803745091 56.02126348180945
0.9949758363032184 -0.01855221822757569 -0.09838140256952788 -4.5355281145648725 0.019564456317547205 0.9997650256587755 0.00933410512622964 -1.238086444415073 0.09818511710900936 -0.011211987707143028 0.9951050065746553 57.02529118979384
0.9949153843289296 -0.020003809956856973 -0.09870777888711847 -4.634051493825749 0.02159304318811687 0.9996534336528402 0.015058322348893226 -1.2439472200099733 0.09837234627421693 -0.01711315789961063 0.9950025232707745 57.955655083082284
0.9948061955537261 -0.019238613439697173 -0.09995253393906345 -4.739455504591332 0.021084931320772153 0.9996254190878735 0.017448414959297474 -1.2478197301487886 0.09957941031719383 -0.019465283617543717 0.994839204984689 58.93450499130561
0.9946545412288026 -0.0182806399100866 -0.10162756425988886 -4.840195801311346 0.019831256375077023 0.9997015220598907 0.014268428845666491 -1.2542046558503088 0.10133639466403992 -0.016207559829154665 0.9947201868469736 59.859266135094565
0.9945327793011918 -0.01718278544440032 -0.103001469794457 -4.942286769701538 0.01789488713933819 0.9998219103749427 0.005993375382079039 -1.263483098247929 0.10288014341804293 -0.007803807953292144 0.9946631473376858 60.8024128206855
0.9943135586268306 -0.017359270366591427 -0.10506761091405731 -5.042480733125542 0.017481045806049537 0.9998471664781012 0.00023816641065995368 -1.2773947580859015 0.1050474186659289 -0.00207350381044948 0.9944650523842318 61.70398573268012
0.9941521242530663 -0.012673314883376625 -0.10724243998055234 -5.150064834338468 0.012888015042342079 0.9999160890811762 0.001309146620452422 -1.2914370567825997 0.10721684994152714 -0.0026836330733283004 0.9942320379077229 62.572283254873255
0.9940426998501108 -0.009092808807913124 -0.10861137925045046 -5.255888095642132 0.009595199260183518 0.9999455438260815 0.004103843749461141 -1.3098361537808483 0.10856814922370102 -0.005121543746308764 0.9940758154003119 63.466884938917275
0.9939226320613321 -0.007314563760133542 -0.10983760118134733 -5.365500805444323 0.00798277248710189 0.9999522029599577 0.005645098665863475 -1.321658112071516 0.10979105983500176 -0.006487599904980645 0.9939335159998279 64.35586154943576
0.9938039157611229 -0.007447861462188367 -0.11089772936133055 -5.471130695904143 0.008080554023263615 0.9999535340973971 0.005256832963244328 -1.3383861403529231 0.110853424234599 -0.006120376276535837 0.9938179206120696 65.24914557756085
0.9936334323807278 -0.005478569722147448 -0.11252816238210503 -5.574973683096911 0.006225752842846211 0.9999608394842937 0.006289634282449549 -1.3527302671045762 0.1124892975212914 -0.006950163427340467 0.993628629404115 66.0512960645275
0.9934553925235622 -0.005239274150446066 -0.11410053931612917 -5.676274947486718 0.006059554388216155 0.9999582236012295 0.006843453286928197 -1.3673373744256991 0.11405991787859274 -0.00749006399509277 0.9934456372015927 66.88547747177891
0.9931678081620775 -0.006329849621456156 -0.11652312145795109 -5.792697616050374 0.007201332280178916 0.9999491503184548 0.007059574405842381 -1.3799458662369861 0.11647251024995178 -0.007850463755149908 0.993162889245719 67.80062988662823
0.9929779281153222 -0.006819732115704546 -0.11810302929930312 -5.895899031375577 0.007838073114238266 0.9999359862591418 0.008160146678457967 -1.3908058946425392 0.11803981906821902 -0.00902854572055326 0.9929678174424962 68.6195931597975
0.9928691498186037 -0.004019298341017589 -0.1191414981411977 -6.0044169062879345 0.005364475207538203 0.9999254157664368 0.010972023973131708 -1.4034222018990852 0.11908851222612042 -0.01153291572696001 0.9928166588603379 69.44311651556349
0.9926599420578172 -0.0030985781587019945 -0.12089928968842588 -6.109274082869936 0.004965754583966896 0.9998729643581953 0.015145838602327814 -1.4107138490720932 0.12083700060487813 -0.015635023471372397 0.9925492256436791 70.25601357989935
0.9923030661412261 -0.001201932142404744 -0.12382721948685996 -6.204841510817204 0.003418757141268211 0.9998376458644971 0.017691636774209183 -1.4246245438492429 0.12378585147879771 -0.017978800607008707 0.9921460707488606 70.99978105614777
0.9921648498489944 0.00087020643821125 -0.12493259568614491 -6.324000424541008 0.0008331363578038629 0.999907424168855 0.013581199351157936 -1.426622021487906 0.1249328483943761 -0.013578874502751791 0.9920722743627639 71.8535458393848
0.9918862099177953 0.0004493301633779496 -0.12712806408231012 -6.430734663968603 0.0003391088559522272 0.9999808447813816 0.006180216460558494 -1.4407962629816164 0.12712840587412194 -0.006173181733905292 0.9918670577487618 72.65378524860456
0.9917380971942021 -0.0010472862157271407 -0.1282748992016989 -6.522205992108549 0.0011088982675406872 0.9999993015738473 0.00040889662657377524 -1.4559930793962124 0.1282743813793538 -0.0005477621758811103 0.9917385658722483 73.34741073033202
0.9916589469431502 -0.000680727066140524 -0.12888781772636382 -6.6209152898533725 0.0005372552407393511 0.9999991968210408 -0.001147917279798545 -1.474513938170368 0.12888849562474244 0.0010690967853219369 0.9916585161877326 74.07282695515859
0.9915816137809134 0.0007531753080159617 -0.12948102539984613 -6.713981876600315 -0.0003674281662722612 0.9999954233597361 0.0030030411463141562 -1.4948035203496524 0.12948269462821213 -0.002930185410382943 0.9915773524063966 74.74647266899947
0.9915381026847196 0.0014927290155310646 -0.1298074061233533 -6.809556742365066 -0.000691203279028854 0.9999804194425349 0.0062195634541825865 -1.5115152777151626 0.12981414854481022 -0.0060772108421327155 0.991519719595111 75.4565311243061
0.991510450295863 -0.001850111590191457 -0.1300138609579736 -6.892597176442965 0.0023181634132498196 0.9999913660218256 0.003448767924115966 -1.5302986918208825 0.13000635781562733 -0.00372088281309426 0.9915061784772737 76.09365747652245
0.9914495321249032 -0.009105591189715179 -0.1301726294518045 -6.969983785083841 0.00904282980033195 0.9999585368511299 -0.0010732230669092675 -1.548714575473804 0.13017700441519328 -0.00011308242524148571 0.9914907638167151 76.75090808304114
0.9916031475047917 -0.011909525970746269 -0.12876863379621178 -7.049999560151274 0.01123531849666941 0.999919113978922 -0.005960966187434896 -1.5603260380212642 0.12882921049540424 0.004464156220548664 0.9916567479891268 77.3708612412315
0.9919373194226213 -0.010827138221257008 -0.12626609764542124 -7.119366858034316 0.010141804982196011 0.9999301512415072 -0.006069302253244573 -1.5738422815027846 0.12632299128966334 0.004739801269666326 0.9919778405567118 77.89297944581783
0.9924617553386014 -0.006520211136781012 -0.12238117108834287 -7.206696853424279 0.006270300090207103 0.9999773960180177 -0.002427094931170668 -1.5865141901542967 0.12239422995795678 0.0016414322276481859 0.9924802054314444 78.52700379099225
0.9930332120704489 -0.007414490510982356 -0.11760129699756651 -7.266801505282089 0.007554201065697802 0.9999711911022564 0.0007423016874913728 -1.6001761647361432 0.11759240524500852 -0.0016255140721613225 0.9930606144303057 79.07500654588345
0.9936355590789527 -0.009270703010253028 -0.11226054426891685 -7.333772099467134 0.0098559680514277 0.9999405722856803 0.004659591265018275 -1.6099428287613613 0.11221067519459546 -0.005736371909446154 0.9936678813414928 79.73001543564672
0.9945525002433069 -0.010937213823118852 -0.10366147603413442 -7.393232187594618 0.011858700921188688 0.9998954238123718 0.008277236950873575 -1.619410798403739 0.10356010560177048 -0.009461437145935352 0.9945781948820742 80.38700503251692
0.995685939030083 -0.007850039229180228 -0.09245478733891034 -7.4346549593914295 0.008667532568750056 0.9999267848244618 0.008443865808137172 -1.6307214030316792 0.09238173356758612 -0.00920879333661592 0.9956810801799603 80.85374236071898
0.9969982819283538 -0.0029416572689241706 -0.07736777419846023 -7.4792832786557595 0.0036363047254040462 0.9999543221656164 0.008839166829989361 -1.6411789946643047 0.07733823840672704 -0.009093966946089323 0.996963437968178 81.37087554635094
0.9983776700184315 -0.0011318834542101252 -0.056927557899625336 -7.504246231489716 0.0017005596398919438 0.9999491308780576 0.009942019569993419 -1.6508590667678122 0.05691340883728792 -0.010022699040929374 0.9983288082583093 81.88954801332446
0.9994502369088417 -0.001797387664492792 -0.03310579013473018 -7.506691281422707 0.0021809413576773817 0.9999308807556133 0.011553233577655286 -1.6588924108429086 0.03308273624801374 -0.011619083823134164 0.9993850756607568 82.38811398454654
0.9999860568727462 -0.0024330321285777295 -0.004686834193653851 -7.4950894890242985 0.002495090670326295 0.9999086904233616 0.013281014207779725 -1.6656864066147454 0.004654093106540226 -0.013292523105178502 0.9999008192050127 82.8915495720187
0.9996658121853208 -0.002119693900703571 0.02576375061265519 -7.46777511677302 0.0017104815661116246 0.9998722045256238 0.015894932207575055 -1.6685727147332245 -0.025794150512776403 -0.015845551894419267 0.999541685115977 83.39174097531905
0.998314850191453 -0.0024364053081729208 0.057978649659956805 -7.417751308721669 0.0014019468329140926 0.9998392277609917 0.01787605032952702 -1.6709544173146749 -0.05801288160654827 -0.01776464352246921 0.998157764588457 83.96404046746129
0.9953713892677594 -0.0024724426592607263 0.09607124676232895 -7.337934764657792 0.000686871742137909 0.9998264986689355 0.01861453106122319 -1.6726904921324903 -0.09610060163381645 -0.018462383018344564 0.9952003892578137 84.50515324678803
0.9909730731488215 -0.004138750899457903 0.1339971605481763 -7.223371888198937 0.0016412499118186568 0.9998229769659629 0.018743559684560762 -1.672475671038813 -0.13405101488876708 -0.01835444011442387 0.9908044408133115 85.13407127502151
0.9831774887570877 -0.003392529624535069 0.1826212373850702 -7.114028111389202 -9.00407218809502e-05 0.9998183711872066 0.019058240454767308 -1.6672510316050626 -0.1826527237518672 -0.01875407633849178 0.9829986099312223 85.65660755951953
0.9732728145550142 -0.0007510921138972615 0.22965074419386963 -6.979368210078163 -0.0033728797633067863 0.999840042938218 0.017564515917238382 -1.656639536312619 -0.22962720250498198 -0.017869650190786776 0.9731145993518937 86.1873727435545
0.9600137608769881 0.0010565024538946844 0.27995082198376703 -6.802911112574393 -0.0058441323532065995 0.9998505959525668 0.016267510268560288 -1.6502186434499133 -0.2798918095333627 -0.017253103369087683 0.9598765052756928 86.75668627514527
0.9421375909715247 -0.00010568346891794299 0.3352264138002508 -6.594551768569884 -0.005537550714940722 0.9998585986220778 0.015878233326680508 -1.644768765708106 -0.33518069039020154 -0.01681581376268913 0.9420037861903996 87.27945089237413
0.9220365337825545 -0.0012789193031491368 0.38710075527654153 -6.3697922227682255 -0.005473257384500784 0.9998515109469149 0.016340119668376816 -1.6414345598573044 -0.38706417274640126 -0.017184889367985446 0.9218926215962225 87.73775041729857
0.8975019096902214 -0.0035726647662503116 0.44099609767987064 -6.131089346597022 -0.003997846713350797 0.9998601866064689 0.016236516280795567 -1.6358356637474691 -0.4409924481485626 -0.016335339168440374 0.8973621439364327 88.144752423548
0.8687907483586121 -0.005845321183945698 0.49514489574945586 -5.870716869499549 -0.0026221619506506194 0.9998619981343866 0.016404540634203605 -1.6297972860419805 -0.4951724546389749 -0.01555046323976209 0.8686555262357125 88.52292655287907
0.8374171435830585 -0.00821319914070545 0.5465025809573697 -5.62083595460738 -0.00123082220211153 0.9998562157208851 0.016912509010199223 -1.62248984986712 -0.5465629082822017 -0.01483547249629735 0.8372866271748969 88.83800660377773
0.8016080042796986 -0.01054708793806312 0.5977569459326638 -5.327924176601259 -0.001353181789199426 0.9998098034673778 0.019455739245037434 -1.6160624965337986 -0.5978484560269136 -0.016404750121604205 0.8014412690894352 89.14313558748715
0.763536378950348 -0.012466314939324662 0.6456444757071993 -4.994541221216393 -0.0027504456786349592 0.9997417974597316 0.022556007194443266 -1.6078071817356874 -0.6457589589529207 -0.018998142114966598 0.7633049439956621 89.44732930984605
0.7229966054262091 -0.014308835036350146 0.6907033848057219 -4.664985944206922 -0.002509125622446022 0.9997245051460222 0.02333705420899525 -1.5979316521975284 -0.6908470256364935 -0.01860567253407721 0.7227615209173535 89.72160710060881
0.678848026074065 -0.01564391171689846 0.7341121341604018 -4.290001222003297 -0.0020797327512703146 0.9997280454734074 0.023227350378503885 -1.5881364945834762 -0.7342758556612287 -0.01729459800389637 0.6786308751249499 90.01676785243454
0.6333987423311197 -0.01717014519673765 0.7736350685738586 -3.882243938930262 -0.00142213076468452 0.9997262844500064 0.02335238154610423 -1.5793083617269121 -0.7738242764074054 -0.01589157933339656 0.6332009530542788 90.29986057914564
0.5861243833416795 -0.016749331816947093 0.8100479412578132 -3.406613376357529 -0.0025030012752700857 0.9997440974382689 0.02248276277416356 -1.5679397343720538 -0.8102172191683858 -0.01520524649682209 0.5859324690115916 90.6094201398098
0.5369915477091732 -0.014569860573834713 0.8434617933562643 -2.9874444168551952 -0.006415772488615738 0.9997513870457929 0.021354202476079498 -1.5634416335258858 -0.8435632255807985 -0.016878485206738594 0.5367645677434806 90.82980815650787
0.4894108757730161 -0.013424152137930847 0.8719499910054858 -2.514165592259251 -0.008383552410483603 0.9997628761777776 0.020097449234172133 -1.5577104683910505 -0.8720130221069351 -0.0171459486794151 0.48918228271250125 91.0613725129153
0.44310162086632676 -0.01373977205544435 0.8963660927598154 -1.9981346757466645 -0.00873662993806278 0.9997688744290846 0.019643549071603254 -1.5551884320353857 -0.8964288175214803 -0.016535307274664384 0.442879169447349 91.30487293181336
0.3977515326760624 -0.014873596883107522 0.917372603890917 -1.4708596670328493 -0.007890264470458236 0.9997761653471806 0.019630663011600744 -1.5511775578434468 -0.9174592426808013 -0.01504643876296374 0.3975451454868031 91.51524111727186
0.3543178604363218 -0.018244897870621404 0.9349470452798474 -1.0250233306235375 -0.006160518764392583 0.9997424107360608 0.02184399652546386 -1.5467543824943288 -0.9351047544443245 -0.013499476928440704 0.3541141939237654 91.64596298788858
0.31887625928881214 -0.0163129773390368 0.9476559597408278 -0.43653380815872744 -0.005995673959718282 0.9997971470252789 0.01922801845960081 -1.537665855956453 -0.947777391139788 -0.011813194760523652 0.3187137669976107 91.82986973755435
0.28669515183961286 -0.01143163136231989 0.957953656350899 0.020404169959425233 -0.00988849134662798 0.99984022672704 0.01489089511447399 -1.5409630009701232 -0.9579708281834832 -0.013741863877168371 0.2865363040290579 91.94883872221882
0.2563834094750159 -0.007794071759305752 0.9665437392024099 0.42759867112989175 -0.010793724731725062 0.9998820517482747 0.010926028467720372 -1.5432269491639319 -0.9665148953080765 -0.013233859492698301 0.256269042434988 92.02649225358365
0.2342358941189627 -0.005515186781216253 0.9721641469531044 0.97507849112313 -0.00971416789366968 0.9999207085535533 0.008013210835525909 -1.526442935681676 -0.9721312570061843 -0.01132074734853179 0.23416374576575086 92.13293397633296
0.20980453351651582 -0.0027102047387885992 0.9777395934021438 1.4646925407190916 -0.007289984455391908 0.9999640265241138 0.0043361024345530685 -1.5166544211006372 -0.9777161724358239 -0.008037440385884068 0.20977722876777205 92.20675173480092
0.19380088602053835 0.0055720625780617955 0.9810250601775058 1.9237741539050337 -0.007072092270534385 0.9999658220300582 -0.00428255562346768 -1.5102980118650198 -0.9810153934004153 -0.00610793667102159 0.19383366844037073 92.27691138325923
0.17460067494092146 0.01343829332206501 0.9845476202717486 2.367604345708827 -0.008367885979303307 0.9998910049079947 -0.01216374894180074 -1.5089568424714537 -0.9846037694394697 -0.00611478345257807 0.17469409443056777 92.3423590851783
0.1548360621224045 0.012463892041550559 0.9878615516668325 2.7860283257186866 -0.007169774508758651 0.99990825871683 -0.011492105262831766 -1.5150111163244107 -0.9879141603398147 -0.005303352246930588 0.15491122055882398 92.38815949553603
0.1371412595079175 0.00702330570519301 0.9905266014184334 3.1946448429581773 -0.00717096926022941 0.9999556989559625 -0.006097321162832561 -1.521495680909243 -0.9905255434063535 -0.006266841506315953 0.13718554791625798 92.42835245784616
0.12026170776733912 0.0028616248859406335 0.992738098769204 3.6590893896449153 -0.008551809465296175 0.9999617278211156 -0.0018464690302470357 -1.521613248757362 -0.9927053884208313 -0.008267647550697593 0.12028157716053235 92.46777758248335
0.1075134347730179 0.0002429180131590736 0.9942036020524898 4.147249916210237 -0.007081118880671884 0.999974792617501 0.0005214259151697983 -1.5338381057184536 -0.9941784141182644 -0.007096134188845445 0.10751244477207336 92.50735482550164
0.09472734515091763 -0.001364590944631594 0.9955023194208096 4.663257773644604 -0.005784167862818448 0.9999814261678044 0.0019211250714243901 -1.5359009098388163 -0.995486450677655 -0.005940135601073963 0.09471769267801675 92.54369569933404
0.08504365078400283 -0.0014211725961175137 0.9963762129485928 5.217826892305859 -0.003646581817820693 0.9999918416016516 0.0017375762385695786 -1.5344582663554867 -0.9963705535102771 -0.003781137208690861 0.08503777454187385 92.57664870689028
0.0772308179799992 -0.0013978020470043187 0.997012260157104 5.746545705849578 -0.0028385605650639175 0.9999946560502239 0.001621864641154226 -1.5389814127509425 -0.9970091992193754 -0.0029553376174563718 0.07722643751661845 92.6003087167361
0.07165404953055443 -0.0019086329148283088 0.9974277188379459 6.245461298095485 -0.0007826493199601729 0.9999977537198628 0.0019697754368914046 -1.542597293548449 -0.997429237914107 -0.00092177851257702 0.07165239478523348 92.61904715282246
0.06400333790606313 -0.0015168006328040292 0.9979485317654021 6.7761171052516405 0.0010541854933208146 0.9999983897485858 0.0014523061599831277 -1.5477786790366248 -0.9979491276762704 0.0009590704233674478 0.06400483383382122 92.64163041440331
0.05761201907047593 -0.0013275201714504957 0.9983381656276678 7.325026640174285 0.0019769576333098188 0.9999973069250014 0.0012156402682495402 -1.551731265194126 -0.9983370908150915 0.0019036367668449215 0.05761448836812417 92.65940969875034
0.05351080052937585 -0.0016133522175697797 0.9985659674359659 7.944225942495824 0.003819385736782499 0.9999917106742249 0.0014109838524537202 -1.5522440466402703 -0.9985599664112818 0.0037384057377825375 0.053516518975366065 92.67471253293765
0.04962976497415791 -0.0020204696289084396 0.9987656402435396 8.474112968093415 0.005563081476936 0.99998300079246 0.0017464966614872254 -1.5586138724710938 -0.9987521907625995 0.005469536414201212 0.04964016134465034 92.68482470445039
0.0471806180132107 -0.0026932556936969743 0.9988827436980073 9.10493523048133 0.007402825759298052 0.9999698455380062 0.0023465262569010636 -1.5551732715237294 -0.9988589427214787 0.00728384434658112 0.04719913300968374 92.70375140642747
0.0441873289312512 -0.00332385450615386 0.9990177335528846 9.693449288297078 0.009828456687539917 0.999947516851653 0.0028922277495416664 -1.5554285527354514 -0.9989749153012121 0.009691002705395746 0.04421767820116134 92.71168573284848
0.04302924626586909 -0.003756884769840361 0.999066749412979 10.331315251288148 0.013204007559801776 0.9999077304525079 0.0031913579674921434 -1.5570125550783855 -0.9989865555402401 0.013054363184089821 0.04307488191168956 92.7177242330951
0.04438234926973143 -0.0038225994979758015 0.9990073046811901 11.004835548719758 0.01652603710626638 0.999858655866786 0.0030916639253743593 -1.5574671579209358 -0.9988779190526054 0.01637241647843194 0.0444392485061899 92.72456182933702
0.047673907758397416 -0.003738631088983691 0.9988559561601578 11.691054636273794 0.018778621729340323 0.9998196156629444 0.0028459623240040294 -1.5587808572549926 -0.9986864181939152 0.01862146001751172 0.047735514471157196 92.73657957618532
0.0519989846434135 -0.003759689366178376 0.9986400604481689 12.43899568646629 0.021270105679520465 0.9997702366384122 0.002656414191442927 -1.5621862523754368 -0.9984205968430527 0.021103048780787892 0.05206700617204351 92.75653405958181
0.055726219240942565 -0.004208454054633465 0.9984372175573079 13.101567719316877 0.02134006299273914 0.9997677046115303 0.0030229997120894245 -1.5654217413619818 -0.9982180073513891 0.02113825277224696 0.055803082971824014 92.77877384538277
0.060610988434949845 -0.005992634364245038 0.9981434748643669 13.834770602158574 0.023313407646649263 0.9997176850889172 0.004586408655909022 -1.570351200527131 -0.9978891687481337 0.02299213895735476 0.0607335857769502 92.80964672682859
0.06465157683267633 -0.0077353822485632315 0.9978779171193816 14.559708438406078 0.023441633482920297 0.999705790257452 0.006230790108561042 -1.578022227689768 -0.997632529257493 0.02298905798838056 0.06481388570442223 92.84280319871941
0.0686012975525709 -0.010096436997665534 0.9975930652997013 15.320328885592259 0.021160022095469765 0.9997385683945945 0.008663043878864338 -1.5828624711430477 -0.9974197288198308 0.020514795253184153 0.068797003835175 92.8868097183079
0.07272525321655077 -0.011330399516621318 0.9972876513781671 16.0748568324095 0.020959527784890627 0.999732001314299 0.009829737694475508 -1.5854630155849596 -0.9971317544535551 0.020187808075706016 0.07294324276775403 92.93091883330081
0.07623169114496994 -0.009898616558985461 0.9970409954738041 16.85482847728935 0.018823126582406813 0.9997868101921082 0.008486699685592302 -1.5887364132576038 -0.9969124430815589 0.01812047339638014 0.07640176223786001 92.98797887583666
0.07981843554132916 -0.006205107074266126 0.996790105284924 17.62647215936592 0.017340734115346826 0.9998379452476396 0.004835512725693607 -1.5976538944331091 -0.9966585755854797 0.01689910912374939 0.07991310169645587 93.04472317015593
0.08261732133452265 -0.0010006001008077197 0.9965808431908295 18.49907799931567 0.015094431155633284 0.9998860419721622 -0.00024742136720560127 -1.6057135028500469 -0.9964670272335147 0.015063262219166406 0.08262300991685413 93.11727654475666
0.08388548943120812 0.002354178878457915 0.9964726200476827 19.338884608752508 0.013490433847548496 0.9999028815875958 -0.00349794045532014 -1.6183688424368268 -0.9963840789863583 0.013736274408742349 0.08384558371122573 93.18226083721919
0.08497091704999768 0.001600624374670481 0.996382146195571 20.154711847068413 0.011845321543820274 0.999926418486601 -0.00261648047648315 -1.6311441559416915 -0.9963130188917576 0.01202479164773847 0.08494570485093747 93.24622053569513
0.08537844336744699 -0.0007273738150128228 0.9963483288165257 20.94293406321926 0.009657329170498503 0.9999533621516828 -9.754403855572391e-05 -1.6484476021935344 -0.9963017903233168 0.009630391938028931 0.08538148598891733 93.30866731469393
0.08517562246385144 -0.001335345796321745 0.9963650586956062 21.78627843481621 0.010864931851348366 0.999940890282833 0.00041133470846523414 -1.6628499027365597 -0.9963067131128661 0.010790402771957962 0.08518509619797318 93.36910314863671
0.08523673678460611 -0.0018193599900553983 0.9963590661159949 22.627898514899528 0.008946048753910711 0.9999594208295843 0.0010606157910083886 -1.6793320393838318 -0.9963205643335915 0.008823073352866855 0.08524955403171051 93.4315886972779
0.08485388698083149 -0.0015892969162994283 0.9963921376644616 23.48289967733689 0.007820897180398545 0.9999689848140605 0.0009289656788094197 -1.6969610099600185 -0.9963627107793325 0.007713854111312498 0.08486368494952068 93.49850078761581
0.08505883405548449 -0.0011257600673378544 0.9963752944615757 24.307205829937182 0.005882729636419353 0.9999824996286278 0.000627637242369685 -1.7159768079649145 -0.9963585640928412 0.005808020381679402 0.08506396803641174 93.56005620915465
0.08406367955073779 -0.0003744401331431264 0.9964603140993509 25.135893564591104 0.00332015767282989 0.9999944836847298 9.567204593872287e-05 -1.730491016681958 -0.996454853133558 0.003300362813315681 0.08406445902925974 93.62672134989677
0.08131139264572919 -0.0009741133617139334 0.9966882704884061 25.95214009364853 0.0009049953447454581 0.9999991823186829 0.0009035183417370995 -1.742969820559384 -0.9966883356443178 0.0008285319103068005 0.08131220772698021 93.68878274506099
0.07730595853060344 -0.002294760771027465 0.9970047757401507 26.694655432259854 0.00011388692065342379 0.9999973650040146 0.0022928180911468794 -1.748005234234723 -0.99700741010558 -6.370269648662066e-05 0.07730601617295099 93.7459194417136
0.07311536789381722 -0.004786614260311214 0.997312002986866 27.55462441932664 -0.0017351633111741328 0.9999863585270797 0.004926658912135324 -1.7626374268718725 -0.9973219801979888 -0.002090713676224531 0.07310606493505688 93.80269223429636
0.06613793321938564 -0.0073216954633973375 0.9977836271281509 28.422446559602772 -0.003444658671902158 0.9999654441294001 0.0075660342140216365 -1.7753623790653854 -0.9978045440446262 -0.003937425889451532 0.06611042702375262 93.85686726844149
0.05852636075848869 -0.007882383500791689 0.9982547436034118 29.222336278361144 -0.004155534250422987 0.9999582394252353 0.008139468083348 -1.7795167612966096 -0.9982772143204827 -0.004624655223119434 0.05849116114941207 93.89946236884386
