0.9999995532566481 -0.0009412925929481075 -8.634094474763137e-05 0.005299946293234825 0.0009408223296126782 0.9999855448315624 -0.005293862603731862 -0.013857884332537651 9.132277033170977e-05 0.0052937790072451595 0.9999859836837585 0.7876186370849609
0.9999935228688996 -0.0034834424462689677 0.0009054551183052044 0.007714327679372218 0.0034889438715229775 0.9999750204570975 -0.006147010044632815 -0.039983549262972005 -0.0008840197447431144 0.006150129311728832 0.9999806970229677 1.8385324621495382
0.9999931181682286 -0.003660805352658698 -0.0006017643669134428 0.007193606540281179 0.0036601089658266704 0.999992635572232 -0.0011542979076130467 -0.0600806635790089 0.0006059855952219822 0.0011520874407743784 0.9999991527376347 2.8889372178856565
0.9999888961220771 -0.004199055430283319 -0.002139057279097528 0.004791269656534315 0.004210694677052029 0.9999761952383949 0.0054661693058828936 -0.07529355924222694 0.002116053611442223 -0.0054751155273052195 0.9999827725651459 3.9484076446080776
0.9999727948917967 -0.006533950462906765 -0.0034230056437521035 0.0025243395605080757 0.00655273241556613 0.9999633787591957 0.005504801393672401 -0.08492654511182296 0.003386912189423753 -0.005527081674995328 0.9999789898762769 4.911232546110161
0.9999564437919016 -0.008475232657867005 -0.003909085628188568 -0.00520216758893712 0.008486159993837382 0.9999601072155981 0.0027873044198192375 -0.09634483929822436 0.003885306630432125 -0.0028203561414783143 0.9999884749253977 5.971465098424427
0.9999583025495615 -0.008340711863063765 -0.0037182909806611356 -0.012721377727226191 0.00833680471906103 0.9999646810493453 -0.0010650544387755287 -0.11865330063884495 0.003727042966717774 0.0010340113629264342 0.9999925199576372 7.034306131649187
0.9999536559655177 -0.008514993235976348 -0.004492305798397418 -0.017327455571024598 0.008509604137705714 0.9999630516265728 -0.0012173820647671445 -0.13575870089066486 0.004502505815052321 0.0011790979023608731 0.9999891685261005 7.948469347578473
0.9999523021355073 -0.0076181195750314856 -0.006112095225003291 -0.018491523904538048 0.007619278428780702 0.9999709590424157 0.0001663370561495606 -0.138794994864142 0.006110650548321606 -0.0002128988775297186 0.9999813071372604 8.825367195441718
0.9999541663336576 -0.007017361754722737 -0.006513207041310314 -0.026130622194912953 0.007041513949639195 0.999968390049735 0.0036926931416507588 -0.1513638228693351 0.0064870881955355255 -0.003738386730223675 0.9999719706828778 9.72756775572169
0.999949212511421 -0.006806946788023158 -0.007432218592972632 -0.031769788907091354 0.006842067813118952 0.9999654987406169 0.00471035417670755 -0.15781707981494256 0.007399899041837573 -0.004760966693263639 0.9999612865957941 10.644764142961792
0.9999286037641072 -0.008122335811425713 -0.008764418710287776 -0.04121528759094484 0.008171732291807498 0.9999508460216133 0.005615009528991945 -0.16661259382747234 0.008718380911261092 -0.005686229121840851 0.9999458268489647 11.629899409191658
0.999923354439687 -0.008499202129645805 -0.009002711216252436 -0.04732141241336628 0.008550090940336208 0.9999476021769731 0.005629284628958533 -0.17395209350034813 0.008954395065876537 -0.005705827168892526 0.9999436295838495 12.572104355349358
0.9999056750468853 -0.008483960731761019 -0.010801084174013658 -0.054012919389427046 0.008531178830253412 0.9999542207257953 0.004333063631379509 -0.18079922714306845 0.010763828166522701 -0.004424800896004764 0.9999322782770003 13.472869230097356
0.9998742296388619 -0.009553390096283683 -0.012659290728948593 -0.06849524078421176 0.00957932160725271 0.9999521383657223 0.0019893655681931994 -0.19397557095629514 0.012639679649288443 -0.00211038278217956 0.9999178890203315 14.403779113366081
0.9998523903519654 -0.011188757434581798 -0.013038758166729128 -0.08929348339196777 0.011195720104503504 0.999937219636479 0.00046112580659827293 -0.21005528040806767 0.013032780163954705 -0.0006070360269252661 0.9999148854519869 15.48664441920841
0.9998388962883161 -0.010536567620881714 -0.014531421531689733 -0.10229900387323233 0.010536079632235922 0.9999444879068424 -0.00011013948321074484 -0.2234067741996801 0.014531775354176534 -4.2982475096270054e-05 0.9998944072538672 16.42478641696333
0.999825160581858 -0.010224840811190888 -0.01565569857421877 -0.12010032546311249 0.010210377884996534 0.9999473692346982 -0.001003466019183087 -0.23411164303817084 0.015665134883127062 0.000843439975271797 0.9998769385069852 17.387600628195976
0.9998117211854852 -0.00873694106991452 -0.017325935497321664 -0.13524010688710675 0.008728092421765428 0.9999617376133942 -0.0005862694587455804 -0.24904317481442945 0.017330394767391514 0.00043493671031273585 0.9998497228320186 18.234954831304794
0.9997836216584685 -0.00976259244079428 -0.018368496190772226 -0.15577312083040482 0.009774468467999613 0.9999520736805617 0.0005568735157464372 -0.2634802826759031 0.018362179327180886 -0.0007362953071999277 0.9998311298612267 19.198328094710778
0.9997489131565184 -0.01108708838283827 -0.01947272742967239 -0.17635527820337785 0.011126417930244553 0.9999362704712619 0.001912542826942724 -0.279535208957368 0.01945028191057178 -0.002128724316225553 0.999808559208404 20.219701776407852
0.9997177093476154 -0.011004658965227598 -0.021057043900191457 -0.19573325083693438 0.01106760285506104 0.9999346191197541 0.0028750048477864634 -0.2940251277336256 0.02102402872425263 -0.0031072442599812755 0.9997741421187638 21.17788516793895
0.9996812955671334 -0.011929334082279218 -0.022248556842408937 -0.2138620362959634 0.012000069611356225 0.9999233494524813 0.0030485322785886552 -0.30687969392043163 0.02221048451833358 -0.0033145449286988535 0.9997478222878887 22.093018477723515
0.9996637822481851 -0.011393168432055163 -0.02329201954169158 -0.2334986125388408 0.011465302458719268 0.9999298731436261 0.0029657434989777006 -0.3187621989525827 0.023256596930372412 -0.003231796412285907 0.9997243050917424 23.01751879005013
0.9996376249639357 -0.01152684580329292 -0.024325924078797877 -0.261003386664141 0.011621570796532397 0.9999254121908279 0.0037562144805726567 -0.3392925118377982 0.024280812356293112 -0.004037558771087616 0.9996970242380878 24.034130936610286
0.9995827609958957 -0.013959874893413852 -0.025286870363507186 -0.2825559855348949 0.014116633316600943 0.9998821649385913 0.006031326679959087 -0.3495053063771214 0.025199694117691546 -0.00638577565186777 0.9996620415348871 24.89835611307351
0.9995269019710469 -0.01583682511509301 -0.026366023712986603 -0.2982840646332574 0.016085465741470018 0.9998278781593306 0.009245098554964595 -0.3588191417825587 0.026215072535467225 -0.0096648344882348 0.9996096042687239 25.836683261122893
0.9995150141044485 -0.01614637649553918 -0.026627638007286205 -0.32160085649925224 0.016438669572796587 0.9998066012119948 0.01079492082396581 -0.3675102772711096 0.02644818939850488 -0.011227408382328411 0.9995871340601362 26.73343021725002
0.9994914781501502 -0.015800174754279264 -0.027697284757912798 -0.3449962731860253 0.01607581828163362 0.9998231617247443 0.009757732590701028 -0.37492265984786005 0.027538212937708355 -0.010198027087136534 0.9995687305391896 27.654389992929563
0.999489795197341 -0.015424004507262029 -0.02796872148196708 -0.37439012257926196 0.015640960054434817 0.9998491301201674 0.00755495642078609 -0.3877858882045871 0.027847974162431666 -0.00798855950120939 0.9995802485304237 28.641316780183615
0.9994566143427795 -0.01620434654040755 -0.028703574684444247 -0.3945668035377533 0.016371790576368415 0.9998502452397289 0.00560816969941376 -0.39825221874188077 0.028608399462231753 -0.006075051213962712 0.9995722351250842 29.516205627297992
0.9994490284349392 -0.016108475730744903 -0.029019934012449893 -0.4205658895394677 0.01627766980669641 0.9998518082455997 0.005603482280561396 -0.413083126485218 0.02892536993919194 -0.006072771824826262 0.9995631267790165 30.40202502772493
0.9994057385273983 -0.017723137771308878 -0.029564508892305993 -0.4434867741253047 0.0178940258706896 0.9998246202256839 0.005525633783183082 -0.42944359217090355 0.029461392306595554 -0.006051378198887187 0.9995476012603155 31.280934345298103
0.9992865317829669 -0.018052410899446442 -0.033174355425320455 -0.4676267953453631 0.01821393864658039 0.999823653149524 0.004573296591994723 -0.4404194103543251 0.03308594620298092 -0.005174269364585906 0.9994391162549101 32.13702104678609
0.9992467369655783 -0.0165870982635362 -0.03508314174698157 -0.495307046968624 0.016759900099665145 0.9998487899190337 0.004637137704712137 -0.4510790945937451 0.03500092016350787 -0.005221634671155455 0.9993736388954175 32.92294228484634
0.9991429394519925 -0.0170717404055015 -0.03770864917704704 -0.5257755468183688 0.01731250894665775 0.9998317160583831 0.006067668227585588 -0.4620376997020896 0.037598717760082445 -0.006715299194773331 0.999270354398409 33.66706392890138
0.9990627775011911 -0.017081879726465014 -0.03977154757631028 -0.5610474940943475 0.01744495170589401 0.999809100049111 0.008799836303300496 -0.4771441017385728 0.03961363744448566 -0.009485401625468607 0.9991700490329062 34.4680809591369
0.9990533684497837 -0.015129786700419024 -0.04078549427847409 -0.5941802651939248 0.015561073513135272 0.9998260942296874 0.010277854276379533 -0.48778607545569835 0.04062289970273443 -0.010902791009989879 0.999115063027244 35.18696799534625
0.999040800482904 -0.013884040604407094 -0.041529656716280304 -0.6299165341568765 0.014357690379078119 0.9998349913623642 0.01112864656636141 -0.497764326438783 0.04136829338340464 -0.011714241926630781 0.9990752928776833 36.00385928652113
0.9990238533885892 -0.012411027781586745 -0.042394654734033047 -0.6659836003123031 0.012865183468095216 0.9998625640492439 0.010456580091170167 -0.5086122743730748 0.042259051278340835 -0.010991787947167113 0.9990462217449094 36.73369326175636
0.9989930699889251 -0.012153629792879582 -0.04318721335023565 -0.7012747165844884 0.01259961302290601 0.9998699181552585 0.010069583897501221 -0.5184668375572618 0.04305921348299527 -0.010603586707026439 0.999016250159712 37.470334611815524
0.9989572723145461 -0.012207971560935801 -0.043992425714523 -0.7349967491930042 0.012724206914614823 0.9998532126838692 0.011473780725573667 -0.5323165646871147 0.04384589659562811 -0.012021585424221697 0.9989659748137638 38.16739076893297
0.9989270581913152 -0.012262259880835473 -0.04465836311216736 -0.7675421607560585 0.012885388937179611 0.9998232295357212 0.01369220335435675 -0.5442256413633279 0.04448257147671378 -0.014252952794922922 0.9989084813792725 38.866641008459005
0.9989363246776245 -0.010592436916998642 -0.044877828821341774 -0.8037449232007577 0.011249695543956167 0.9998327638474521 0.014418345512997663 -0.5509186377835428 0.04471759821062112 -0.014907870985599883 0.998888428100431 39.6413758794025
0.9990130751113603 -0.008449557638801532 -0.04360597129122469 -0.8372572023159783 0.00900729499351106 0.9998799236256329 0.01260979648119944 -0.5512298230787761 0.043494188042109874 -0.012990123406110094 0.9989692249015741 40.418298638105185
0.999051437158054 -0.008125060545886282 -0.04278094556635802 -0.8692470781701022 0.00855200862640321 0.9999153460030985 0.009806323263927157 -0.5546421994405658 0.042697647018072694 -0.010162884365592057 0.999036349048668 41.16141404148959
0.9991867479089507 -0.009525598968839815 -0.039180425819774455 -0.8989190616023389 0.009842488662646028 0.9999203305755855 0.007903032236850889 -0.5642429119042406 0.039102023222075045 -0.008282237976287405 0.9992008988757191 42.06195218536414
0.9993030091703639 -0.009236388130956102 -0.03616884014381489 -0.926221981964101 0.009589798122253666 0.9999078390050882 0.009609852660073664 -0.5703548075864616 0.03607674645847271 -0.009950006556190681 0.999299487508376 42.83643553120729
0.9994711087171352 -0.003999404295081356 -0.03227239695194656 -0.9514952357767266 0.004421807275851206 0.9999053557231229 0.013027939845949972 -0.577368484106655 0.032217238555698025 -0.013163751801783034 0.999394199091803 43.48882690491362
0.9996206833260595 -0.0005819840471902123 -0.027534537608420714 -0.9707737154123433 0.0010431828354353413 0.9998593584678016 0.01673843044993901 -0.5802278231862587 0.027520923609366248 -0.016760804841188512 0.9994807022573088 44.20882440740849
0.9997355140245566 0.0035353969346319574 -0.022724501459193396 -0.9919452525760956 -0.00312761981879556 0.9998339052237729 0.017954942474092368 -0.5811645139210683 0.022784204886793075 -0.017879120042482058 0.9995805205555895 44.942053386236935
0.9998296363388756 0.00625214166534674 -0.01736689445661425 -1.0045508545466604 -0.005935857316857275 0.9998166706129 0.018204141354350764 -0.5831016222503373 0.0174775254651411 -0.01809795262265063 0.9996834500052924 45.66442648028285
0.9998861573467785 0.01008169356156771 -0.011226388610009366 -1.0147899912947789 -0.009853824085200786 0.9997479793395808 0.020171265635123208 -0.5851644898300096 0.011426919847020052 -0.020058346426249343 0.9997335086118972 46.22043824974207
0.9998993316701406 0.013487702850083827 -0.004405496275503187 -1.01649172055776 -0.013390471422472365 0.999681300896089 0.021400745636239695 -0.5805562412620167 0.004692739145699735 -0.021339599586939813 0.9997612713487054 46.94134588643716
0.9998770194631879 0.015478140462720247 0.0025245033625896866 -1.0092125241920582 -0.015527285622864444 0.9996636327675714 0.020773173159833135 -0.5763364125526733 -0.002202124110356048 -0.020809817148613456 0.9997810271052577 47.66924134179868
0.999789107754296 0.017993356880804154 0.009898440484642355 -1.0028181552580762 -0.0181964062732629 0.9996176221217483 0.02082067103626186 -0.5786516431221057 -0.009520021775518556 -0.020996396162720223 0.999734224948597 48.34143192042704
0.9996197543293052 0.020793727990808433 0.018109876610930477 -0.9923220729360943 -0.021160178380376232 0.9995703125857883 0.020283911064198964 -0.5812713158041249 -0.017680316895619136 -0.020659406414365936 0.9996302292953514 48.948593283236555
0.9993577908800465 0.024313660166175408 0.026322076982569102 -0.9762934398899781 -0.024771221115445143 0.9995451887947251 0.01719890001619686 -0.5836099555856215 -0.025891937196785494 -0.01783988471490628 0.9995055508107781 49.5297904502966
0.9990660994982673 0.02555725016445018 0.03483899822539865 -0.9499730388372568 -0.026079154971559267 0.9995531244216049 0.01460921404378291 -0.5933274853326479 -0.03445005818989302 -0.015504142125231556 0.9992861527448852 50.171772657468615
0.998794258165088 0.024502784987269526 0.04253990343569589 -0.9250176908711084 -0.025132144828863594 0.999581521947313 0.014323277480890005 -0.5978014785637313 -0.04217114123131739 -0.01537512632017003 0.9989920922299071 50.577818487931175
0.9983699408798057 0.02445298339723826 0.051570463936509145 -0.887914210414681 -0.025327094501275276 0.9995452605519874 0.016364913448685375 -0.6034497653904505 -0.05114684185534698 -0.017644367685861737 0.9985352657053183 51.25282635692024
0.9977502706496474 0.02673619261570558 0.06147823535992617 -0.857938614875288 -0.027812712566284828 0.9994732772207267 0.016721876131757185 -0.6062163144743106 -0.06099877407177797 -0.018394132925378646 0.9979683388944082 51.641378681471664
0.9970153473588614 0.02952316475075132 0.07133568443624805 -0.8119538812688781 -0.030758072157974378 0.9993943498065085 0.016274967648229024 -0.6070447758863705 -0.07081199141397461 -0.0184205406523819 0.9973195804525556 52.28096213906028
0.9961287515345336 0.033016056802940355 0.08147054903114145 -0.7721253823306796 -0.03436166641193827 0.9992943287287593 0.015169721550948737 -0.6100081572859353 -0.0809122132168271 -0.017910459617878616 0.9965602988222195 52.77811358684906
0.994960645117995 0.03637260259739648 0.09343633365385465 -0.7280909827598752 -0.03788304944060463 0.9991778076560923 0.014442411593836291 -0.61453110097087 -0.09283420291823107 -0.01790928440382077 0.9955205011955707 53.26136922658277
0.9942803848047429 0.03472296063811667 0.10099917027904468 -0.6817157824355337 -0.03633116225448169 0.9992399516123555 0.014126774259414217 -0.6149152482390822 -0.10043188259596751 -0.017715391789676103 0.9947862091183052 53.75852999661724
0.9926115133670004 0.03368088588573176 0.11656749743056587 -0.628438031364047 -0.03524544627807589 0.9993138210467598 0.011386201367635431 -0.6191240239725575 -0.11610401391826189 -0.015410548039488768 0.9931175020918679 54.19012146113809
0.9907628736431879 0.033348517003663626 0.13144125921470895 -0.5456524820684642 -0.03461237792014817 0.9993738441546615 0.007341860407813633 -0.6235373811697129 -0.13111411634528455 -0.011823537253772241 0.9912967731521194 54.75648225638008
0.9886350730242124 0.03384483823002589 0.14647600251096835 -0.48134410152822416 -0.03475579997579629 0.9993891193565688 0.003663670255986156 -0.6322665583469794 -0.14626252682916527 -0.00871292355558895 0.989207439422421 55.11501911308428
0.9862379966398426 0.03511297989490247 0.1615601826773227 -0.4027079181928203 -0.03575828707150273 0.9993598763703962 0.001087385239320885 -0.636864022377835 -0.1614185828507416 -0.006849536031503683 0.9868622624087983 55.5559823320248
0.9834181948671369 0.03650824571672381 0.17763952825581633 -0.3047397321903585 -0.03706383238364298 0.9993128818756114 -0.0001909096593244394 -0.6446788176534974 -0.17752443869309628 -0.0063962576674274395 0.9840956059014558 56.05082947579486
0.9803963092986538 0.03738885686676888 0.19345580915489258 -0.2177770271376304 -0.03780186283771801 0.9992840405924307 -0.0015573642040540695 -0.6489750960335036 -0.19337553071569405 -0.005786155844944548 0.981107753776802 56.43888794626275
0.9762128452610643 0.03770600440748272 0.2135105102305735 -0.11001059274955427 -0.037859017961869676 0.999277395725381 -0.0033735961915628532 -0.6539605619460136 -0.213483431456073 -0.00478995030493977 0.976934941984274 56.86737000147019
0.97072182902458 0.03623110249730547 0.23745828658314547 0.07723241423924085 -0.0363873033956069 0.9993308144693912 -0.0037265806766888553 -0.6691665260712487 -0.23743440106010252 -0.005022993507218815 0.9713905881412775 57.56427816055285
0.9659227652391119 0.03699624006385906 0.2561727733658753 0.19140462279134243 -0.03700712531530001 0.9993035706736556 -0.004779781875805951 -0.6763023738810073 -0.2561712010916226 -0.004863317799600616 0.9666191927906541 57.922087343727476
0.960410981931082 0.03863178418116002 0.2758955074609842 0.3275491162418471 -0.03841942632390816 0.9992426120572141 -0.006176562961542081 -0.6838015168295121 -0.27592515917747623 -0.004667708223140746 0.961167789219358 58.334203215131154
0.9534171399061122 0.039969348248513004 0.29899533195994354 0.46817030118116776 -0.03930995406628829 0.9991932382612785 -0.008221929472238534 -0.6983582580878661 -0.2990827391284127 -0.003914564283448557 0.9542191526803038 58.73731412727642
0.9448521583582832 0.03876083002102943 0.3251953211560301 0.6183514243980202 -0.03750877358926971 0.9992450430372296 -0.010121060683248324 -0.7095763097907549 -0.3253421133968392 -0.002634771642089039 0.9455927068399335 59.11599616722802
0.9349031040535275 0.04159252770947689 0.3524574409340998 0.7908812726201175 -0.040244322619760596 0.9991275985089662 -0.01115510621118252 -0.7198140169733233 -0.352613925601294 -0.0037554675398058 0.935761356295291 59.53030407598197
0.9232482380253846 0.041748557766976016 0.38192898411537113 0.9830083232199935 -0.0403226838130122 0.9991177366228494 -0.011740082442228716 -0.7387840151061208 -0.3820821536700426 -0.00456139123644865 0.9241171038114434 59.948598795358464
0.9093121941882245 0.04031265527325779 0.41415724468541576 1.1803707381866904 -0.038749543380480145 0.9991747338554893 -0.01217883872199432 -0.7531682096933664 -0.4143064160599018 -0.0049740375583164805 0.910123866603864 60.32309948015577
0.8949262974935801 0.03820166447922608 0.44457570208621144 1.3633391966505015 -0.03567909106618361 0.999264620386712 -0.014043536025204709 -0.7692329120644682 -0.4447852566296712 -0.0032941272617922923 0.8956311876048425 60.61771058391479
0.8771429925411516 0.03500227715873422 0.4789519926147668 1.5801582827814422 -0.03131082914772561 0.9993864751479689 -0.015694115757202316 -0.786951156924744 -0.4792074734538629 -0.0012304003501640163 0.8777007938363414 60.93190201562675
0.8571600853579027 0.03307637995753145 0.513986907574636 1.8402838180097922 -0.026894804687674488 0.9994487306760279 -0.019465462514118185 -0.8010705323190562 -0.5143474093937332 0.0028614400188909663 0.857577142075845 61.291932081058
0.8334934472590787 0.03314316447876672 0.5515344087402982 2.113858420219618 -0.02441030990186494 0.9994335043375119 -0.023169099640159653 -0.8190925098312484 -0.551989864170233 0.005848166890073229 0.8338303117525495 61.63062674204515
0.8079223680166389 0.03440067745640777 0.5882839795956766 2.458671329498389 -0.024039365713482856 0.9993876278654894 -0.025425934898907803 -0.8360917396593687 -0.5887984002648786 0.006400207803678938 0.808254589337784 62.04892321321103
0.7783080230133913 0.03490931477740605 0.6269114459433309 2.827014710298827 -0.022923304061577478 0.9993674078225592 -0.027190187805882945 -0.8629148532487003 -0.6274640574916518 0.006791459621517407 0.7786159082836176 62.46171623104488
0.7463187803806633 0.03618500027261602 0.6646043362831674 3.134614063024957 -0.02319938687895314 0.9993285928017297 -0.02835757495547565 -0.8800709216490455 -0.6651842350052802 0.005745377636460755 0.7466571663998511 62.7683666770106
0.7117768078838731 0.03636021307309514 0.7014639767400195 3.524497078293755 -0.02190769295509666 0.9993226086018835 -0.029569865175748822 -0.9073678689948949 -0.7020639776744204 0.005679686822869586 0.7120912247806214 63.10138324707142
0.6738450061532963 0.036945073612620526 0.7379484868322596 3.8437592915042376 -0.02174124153089007 0.9993080854909995 -0.03017728763505256 -0.9257576389366318 -0.7385527916804319 0.00429089828255678 0.6741819947855102 63.343112273733375
0.6290509988347497 0.03333127850181172 0.7766491271729067 4.2126664341872395 -0.018350490983699907 0.9994386426277357 -0.028029611183283655 -0.939522364529953 -0.7771474122363534 0.0033801621061094224 0.6293095217446466 63.59420107685851
0.5856628656501183 0.030028508545013894 0.8099983311544864 4.598489447235414 -0.011997693374328969 0.9995252064384162 -0.028379870470754666 -0.953939568255203 -0.8104659543448983 0.0069029246557716405 0.5857450695302606 63.813492927038176
0.5429235492166383 0.028000237562962865 0.839315200864625 4.972468086728187 -0.007204134584895932 0.999562507892074 -0.02868611617821315 -0.9683574204819119 -0.8397512251559334 0.009527828342538586 0.5428877419284617 64.00761074395291
0.48939866716987723 0.026345135785582015 0.8716621354589096 5.401197539105869 -0.0028013135356632626 0.9995859031181815 -0.028638696371938843 -0.9865609398903569 -0.8720556732312579 0.01157394089532348 0.4892698096933113 64.18755353863561
0.43558372679555385 0.02554973227040043 0.899785545633962 5.823207979770762 0.0006651235524694108 0.9995876870853475 -0.028705634255755046 -1.0037744256296353 -0.9001479737029663 0.013102175707724586 0.4353871362708915 64.32273172177281
0.3861734810836976 0.023254211604886856 0.9221330078412407 6.318736534005257 0.0009881580041572514 0.9996711788790359 -0.02562338116558759 -1.0224441067485188 -0.922425642559582 0.010806283414445334 0.3860235202514336 64.49244308670016
0.33194858396950216 0.02073183422390514 0.943069630859967 6.798642539861831 0.003127653363739946 0.9997287684533103 -0.023078286575549244 -1.034154283050834 -0.9432922958368093 0.010610399452396106 0.33179370705060407 64.61590909555964
0.28109420892420517 0.019794632261424888 0.9594760123332473 7.362237015390733 0.003669657561640255 0.9997577760155663 -0.021700758276808653 -1.054796541136059 -0.9596731627604553 0.009620905884746065 0.2809534816429605 64.73949102177949
0.2290009087519977 0.02109574259050579 0.9731975921853249 7.815058942815943 0.00119489899889609 0.999758297239634 -0.021952660815703434 -1.0675185021782119 -0.9734254753226574 0.006190052104950785 0.2289203513185239 64.81699240519335
0.18102277373942133 0.017148550320057295 0.9833293866297327 8.338483763402206 0.005022328566536811 0.999818814354695 -0.018360682943206957 -1.0891926392850464 -0.9834660805556316 0.008262305022915029 0.18090384935719955 64.88476208683844
0.1306654536740316 0.01019247481008713 0.9913741234636926 8.915130925631903 0.008839573839645565 0.9998954296508652 -0.011445160446429166 -1.1093862921842323 -0.9913871096350271 0.010258811849175951 0.13056169280822874 64.92518330548462
0.08248627962001091 0.010016149022972713 0.9965418658707714 9.45737404197982 0.013898332582976949 0.9998406887877443 -0.011199705168501526 -1.1218439263573647 -0.9964952834940377 0.01477409229692308 0.08233393086048837 64.93462947275606
0.044575230142665186 0.011383889166859125 0.9989411673993444 9.976660481776458 0.015068010780428045 0.9998136635245699 -0.012066204071642005 -1.1299919927258402 -0.9988923885528658 0.015589910102828496 0.04439539158669959 64.92778399124933
0.007854728120679444 0.012954960985084156 0.999885229529882 10.627439269943471 0.02120982174595003 0.9996889688254902 -0.013119034649429914 -1.147657925245587 -0.999744190634612 0.021310433935114174 0.007577512642147323 64.91504696159221
-0.02340198484738159 0.011364195691900447 0.9996615438044413 11.29115087564254 0.026136332755788073 0.9996005672567877 -0.010751653360616112 -1.162744813390276 -0.9993844301445175 0.025875876723008253 -0.023689655728482716 64.87917323012415
-0.05138659707403036 0.009018279002594887 0.9986381167795381 11.844520502490047 0.029524266991025307 0.9995358723541038 -0.007507165641137311 -1.17036161034971 -0.9982423229355657 0.029098290691244665 -0.05162900521077187 64.82949727966509
-0.07130420311235977 0.008025904303413363 0.9974223255364918 12.445123173971586 0.033332230426232824 0.9994283046570036 -0.005659175314492318 -1.182102097007659 -0.9968975238374926 0.032842787800978344 -0.07153096012312457 64.7676281524973
-0.08696444034266196 0.009830130265705662 0.9961629157195354 12.946501971345421 0.03490953138479293 0.9993672456714027 -0.006814168889054825 -1.1906792697142685 -0.9955995734904581 0.034182990186840935 -0.0872525784576283 64.71040830691635
-0.10196000442912537 0.009675069816596367 0.994741449081547 13.471890291485277 0.03421152402629972 0.9993952980257749 -0.0062136871317021985 -1.2008551940769117 -0.9942000448202621 0.03339807341774001 -0.10222934789664162 64.64578955013778
-0.11292429453837628 0.01097168779231329 0.9935430165674747 14.031079982139119 0.03464571114545485 0.9993744486497987 -0.007098315654902464 -1.2153811856964991 -0.9929993848951955 0.033620432074840036 -0.1132337765194878 64.57542417783516
-0.12145432276485918 0.014580387213497564 0.992489929314365 14.674231993581582 0.03829229844482278 0.9992166105683151 -0.009993249930878882 -1.2292446560229293 -0.9918581286462006 0.03679099717421187 -0.12191749327059298 64.49280658241852
-0.12706672243460845 0.016364740042132293 0.9917591659939821 15.175978836761434 0.04134330930855714 0.9990823523300397 -0.011188567293959159 -1.2433348204112604 -0.9910321785013562 0.03958091138450344 -0.1276266924621528 64.42455823691942
-0.13132061306632078 0.015537200853673739 0.9912181858569371 15.747139818205913 0.04102808049518232 0.9991056703275112 -0.010225269204074088 -1.2598501129445308 -0.9904905820828219 0.03932499089697985 -0.1318406306727404 64.34942986003294
-0.13582804281772065 0.011478009906372672 0.9906659366672985 16.356439862650916 0.037308609296573 0.999282894469555 -0.00646254538893652 -1.2780414801492594 -0.9900297018052863 0.03608257348274386 -0.13615886836412555 64.27371928466691
-0.13744041664817305 0.004566388606264306 0.9904995103313643 16.940897163354432 0.034033603533250585 0.9994206825051245 0.00011494143208042908 -1.2882206374695955 -0.9899251717691187 0.03372606523281179 -0.1375162056697101 64.20023338700864
-0.13737416403995778 -0.0011042863537304567 0.9905186114384581 17.59808209658458 0.0352674223305309 0.9993598674547686 0.006005351192703597 -1.2972767725699685 -0.9898911798659911 0.035758018295715184 -0.13724728103347095 64.11017607045066
-0.13880247837421417 -0.0031943300415759714 0.9903149338734425 18.173673165250406 0.03729876242599118 0.9992684238387374 0.008451002327260202 -1.3057963042289067 -0.9896174383662945 0.038110541513226695 -0.1385817892325804 64.02961474566027
-0.1390036657999112 -0.0005541647313638217 0.9902917114646759 18.79739988900884 0.04009191701841644 0.9991768427082844 0.006186694213635971 -1.3118551362328323 -0.9894799740691959 0.040562666294945905 -0.13886702639240836 63.938678421598205
-0.14009080557707057 0.006836825469857772 0.9901150559456521 19.488898201338746 0.04104613820462336 0.9991566557892122 -0.0010916641447611874 -1.3226164805274139 -0.9892875116624368 0.040487467315364456 -0.14025328609031915 63.85097126007047
-0.13920912319967726 0.014648019654181735 0.9901546624331915 20.223402731525702 0.04104155483638561 0.9991168114114506 -0.009010434597085497 -1.340930343269877 -0.989412154157503 0.039383152174846434 -0.13968735279252684 63.749485517689024
-0.13832898426335133 0.014811890273221688 0.990275567717998 20.91093894441911 0.041081318610276335 0.9991133986199372 -0.009205539601782234 -1.3613852931235013 -0.9895339394755048 0.0394084331666848 -0.13881483357853538 63.65521985961444
-0.1378202094764666 0.009544246170175899 0.9904112768062092 21.714207343672562 0.040310635977732934 0.9991791118725329 -0.004019331373190015 -1.375158884946073 -0.9896366214358355 0.03937016335576844 -0.1380918091358301 63.54587090306335
-0.13709375836338777 0.0032261216465516527 0.9905528221942141 22.45462427310756 0.03877046603743716 0.9992459120525528 0.0021114472530989765 -1.3833656520838113 -0.9897990464639994 0.03869366079068173 -0.13711545585226592 63.447210841003645
-0.13552979627700237 0.000928488082430731 0.990772835836245 23.33638109391004 0.03611508436831511 0.9993396173279028 0.004003738252095505 -1.3975925489664407 -0.9901148292002223 0.036324470385713785 -0.13547382717342005 63.330654752136866
-0.13476254207395968 0.007451998704672162 0.9908499003224804 24.041278397346577 0.040773390914232224 0.9991664792826881 -0.001969078767787291 -1.4092407911007452 -0.9900386799752425 0.04013495226288571 -0.1349540579595013 63.230771270653065
-0.13337626494051527 0.013267911171254192 0.9909766568813155 24.731509499956815 0.0420969070162543 0.9990837787874698 -0.007710602013839385 -1.4284091148398863 -0.9901710066297555 0.040688640882962625 -0.13381260080020488 63.13452291148278
-0.13229085743386543 0.01249066892178079 0.9911322375088496 25.524547021115502 0.03564125777362099 0.9993339205752716 -0.007836831756012519 -1.449202155725744 -0.9905699519891205 0.03428845837223086 -0.13264792436645512 63.03660027285024
-0.13128494002843683 0.007528554676226385 0.9913160875251731 26.250118761157285 0.03305150308138086 0.9994484848513066 -0.003213140596091609 -1.4628135790521486 -0.9907935519904197 0.0323426497509999 -0.13146136444329537 62.9424281838996
-0.12785491072979532 0.0045308611491587355 0.9917825331692037 27.288851316662374 0.036019352448376646 0.9993510895424876 7.797078822075832e-05 -1.4912932102040957 -0.9911386018370373 0.0357333335625329 -0.12793514302580453 62.80465466232442
-0.12640621732907203 0.006036158973601174 0.9919601972888833 27.987874496824272 0.039166357091139394 0.999232109999899 -0.0010894114743607416 -1.5075385606162772 -0.9912050568337342 0.03871375892362472 -0.12654556561665328 62.71286074707768
-0.12496711809058195 0.01022394323560856 0.9921082049760747 28.683429037526643 0.03737035731406492 0.9992858452447383 -0.005590696533458291 -1.5270999703608146 -0.9914568451477629 0.03637678488026625 -0.12525994464081955 62.62539502380104
-0.1242631178764888 0.010019060091940767 0.9921987179847026 29.38153818209693 0.03384847182890578 0.9994098393479514 -0.005852689070073091 -1.546449734689881 -0.9916717997858279 0.03285713696257278 -0.12452891254709132 62.543566630507165
-0.12353326913429558 0.009659460098022222 0.9922934174162439 30.059007606273884 0.03275236970926765 0.9994475178273348 -0.005651671187179755 -1.5645728479041225 -0.9917997850853882 0.031801791449465114 -0.1237813894136901 62.462964267199006
-0.12124278712907921 0.006784804640848543 0.9925996942348703 30.84934564443388 0.03596665238393956 0.9993500174375193 -0.0024377374599895514 -1.5796699349084808 -0.991971061314526 0.03540493007501224 -0.12140800814162901 62.36036516602925
-0.11948599766391899 0.00751410623378665 0.9928074509036305 31.49287471226219 0.03934285353002337 0.9992217692389569 -0.002827676623133977 -1.5992626544894482 -0.9920560650680859 0.03872201036203137 -0.11968863636598782 62.27971035365186
-0.11717188483930925 0.009178707837299464 0.993069232594405 32.1583461077072 0.0411612751360472 0.9991429229253304 -0.0043782413596663156 -1.6118269576217978 -0.9922582823198703 0.040362989119568114 -0.11744926682170202 62.195374639591336
-0.11716746554151743 0.009134217585288302 0.9930701642319546 32.91857905117354 0.041350728825112246 0.9991353914603847 -0.004311236126341132 -1.6317615703911852 -0.9922509270563623 0.0405590384551909 -0.1174438681046439 62.11004709230709
-0.11393890441902577 0.007924679228244268 0.9934561517847281 33.90183097688776 0.04252647935402892 0.9990905546114893 -0.0030922871566594922 -1.6547717717105324 -0.9925771630525985 0.04189586071722754 -0.11417229191541707 61.994271073704944
-0.11109570789254954 0.0073431343675188325 0.993782582895028 34.76078854078415 0.04442327511394012 0.9990098784669292 -0.0024156476654875894 -1.676730937957346 -0.9928163557859055 0.043878708995971585 -0.11131191571814021 61.8943161246073
-0.10988943053387289 0.007360102633724261 0.9939165668939026 35.5287770226036 0.042803554898281165 0.9990799511130507 -0.0026658904732529422 -1.6971404248581559 -0.9930217362903051 0.04225020914938295 -0.11010336544276221 61.81205937653052
-0.10659004463023647 0.008495014632543266 0.9942667635559969 36.396853461312105 0.040463089968845935 0.9991722103604258 -0.004199094382732685 -1.7144739744527384 -0.9934793911983775 0.039783523849137595 -0.10684554503697298 61.71744605765978
-0.10472463161001176 0.008566223128119017 0.9944643640450199 37.316563470093975 0.041240187976151144 0.9991401646648388 -0.004263595807705094 -1.7403209926664716 -0.9936458113582729 0.0405653938085044 -0.10498785832334093 61.62065129793451
-0.10336510433907956 0.0075953566509522705 0.9946144809735656 38.18675265452798 0.03931430420166276 0.9992206062106087 -0.003544800310846032 -1.7582451736153102 -0.993866208646874 0.03873616761438195 -0.10358314838061347 61.53553587191969
-0.10166231109757924 0.00752257661847353 0.9947905233481658 39.023230645545944 0.03845397346648625 0.9992537916681135 -0.0036265357489467056 -1.7737135365490244 -0.9940754832641931 0.03788496638402649 -0.10187572279568567 61.44965883564492
-0.10081234225778839 0.007277685671597695 0.9948788403317075 39.89642185772343 0.03542515319105815 0.999365405619272 -0.003720829587550544 -1.785383459738054 -0.994274574838304 0.034868629779430046 -0.10100618044167613 61.36676771934285
-0.09723612000946923 0.009050303649295575 0.9952201911985904 40.663556891154066 0.034551092125845485 0.9993866068912575 -0.0057124424979272045 -1.8033276770987186 -0.9946614293308136 0.0338304887673285 -0.09748917391868807 61.29375650001443
-0.09542206998846513 0.01262187443967535 0.9953568791366968 41.54393719921657 0.03239819552560234 0.9994292461840634 -0.00956759105738064 -1.8191307082257042 -0.9949095363327276 0.03133480744452573 -0.09577653343389066 61.21366817352482
-0.09199087998178664 0.014868586956112807 0.9956488352436837 42.47844667361499 0.0316920165336695 0.9994256806595984 -0.011996871514248667 -1.8361054515044546 -0.9952553913886665 0.03045051658064753 -0.09240926334391779 61.129505479520034
-0.09162772422461461 0.016208948916271903 0.9956614033537942 43.22775220310142 0.026057821438926366 0.9995641496534007 -0.01387446105376425 -1.8574081738283836 -0.9954523344165087 0.024673481771024627 -0.09201015814582592 61.06562381832283
-0.09228027842177804 0.014435104165563043 0.9956284336950846 44.025593068119136 0.022272488710369062 0.999674669805831 -0.012429432619813172 -1.8825004175564868 -0.995483945858017 0.0210281315464152 -0.09257176255544143 60.99791450469274
-0.08986899922458028 0.014951093519598502 0.9958413667753212 44.84424468366835 0.024725880749198768 0.9996126228999105 -0.01277634377819677 -1.9124169494254857 -0.9956466209451779 0.02347485765091005 -0.09020386498770826 60.92139793422005
-0.08739744384971888 0.01666370334162129 0.9960341398764787 45.61991898540261 0.023707431563204522 0.9996116897902864 -0.014643337163548004 -1.9373159943333467 -0.995891381877167 0.022333620968213296 -0.08775856013653002 60.85198226896203
-0.08460627478423942 0.016848418747195944 0.9962720055551355 46.41895917634261 0.020379890330401322 0.9996771332650608 -0.015175285732790556 -1.9563709983589601 -0.9962060220342259 0.019019989817824892 -0.0849223271588528 60.78777119617889
-0.0822003396138158 0.014790760498074419 0.9965060649947199 47.21482466774433 0.019185409182397816 0.9997280622039357 -0.013256006807052658 -1.9823631697309871 -0.9964311437534855 0.018028728348202107 -0.0824617530268997 60.71973598571556
-0.07842750588352324 0.014617149523257694 0.9968126530400303 48.04521536009894 0.01963785230703197 0.9997211404675582 -0.013114726799020116 -2.0085906354698064 -0.9967263822522503 0.01854670434498994 -0.07869268504938932 60.65081747371479
-0.07467318024206278 0.018262365761602832 0.9970408227095444 48.95621137136566 0.01642007842302565 0.9997192597738863 -0.017081646926907768 -2.036286156671476 -0.9970728645275229 0.01509594760004454 -0.0749520859545523 60.58901324409006
-0.07121974971257247 0.02762135956924701 0.9970781352263342 49.72164409615553 0.013869778398074654 0.9995472921402474 -0.026699064071393212 -2.058721742026367 -0.997364214566609 0.011927752120430278 -0.07157061010838676 60.535690679875856
-0.06726888951462263 0.03233058243204207 0.9972109255032625 50.545153035678794 0.012231231196208626 0.9994264701364912 -0.0315773300635022 -2.0940511530222086 -0.9976599087298721 0.010072945454007151 -0.06762575162603508 60.48183928677722
-0.060768311574862774 0.035433828763246945 0.9975227596839664 51.37006396542083 0.009630538890127592 0.9993439929942965 -0.03491183734641151 -2.1235704786562297 -0.9981054378316092 0.007485148321406244 -0.06106969400267523 60.43488378438523
-0.05422767137059614 0.03323399216968695 0.9979753811703908 52.08240259695322 0.006654806386352525 0.9994358008550989 -0.032921019441820853 -2.152861238246483 -0.9985064212160505 0.004856102716559312 -0.05441824194811345 60.399834989717014
-0.04717979682078671 0.031426686754463175 0.9983919221085401 52.8420507374237 0.005896477923318414 0.9994963051921324 -0.03118280704774311 -2.187703763591604 -0.9988690095903723 0.0044157974267181955 -0.04734133936674232 60.36282014546977
-0.03979722054948217 0.027945399855003314 0.9988169180903369 53.62851007069125 0.005917871884805894 0.9995978917105566 -0.027731456510012135 -2.219261132812824 -0.9991902521686712 0.004807235666748016 -0.03994659505331375 60.334627395885825
-0.0332142993347755 0.021941227273659297 0.9992073823113121 54.39757217303046 0.0029771888351406133 0.999756732788782 -0.021854326577162565 -2.2444920482763164 -0.9994438186643317 0.0022489529179135614 -0.03327154256167194 60.315829641935615
-0.02719404336944827 0.014672147169043467 0.999522492044411 55.120065002176645 0.0016083286955071636 0.9998916266002101 -0.014633807897966353 -2.2644324909236984 -0.9996288797769047 0.0012096082991224443 -0.027214693893830712 60.30003946202033
-0.018654051595620537 0.01191484306143366 0.9997550014247933 55.94191355059156 0.0006585086337783629 0.9999289205621359 -0.011904628924180663 -2.280720756062147 -0.9998257811866268 0.0004362777379230013 -0.01866057170314504 60.28572363999592
-0.011521794667170574 0.014125836102123332 0.9998338406965742 56.87276037780251 0.0014096812624984662 0.9998994479812804 -0.014110518256618913 -2.303013019705468 -0.9999326282537173 0.0012468685368417715 -0.011540549053927537 60.270955467871566
