0.9999958786544352 -0.000965721683642293 -0.002703711481258699 -0.006246280390769243 0.0009630903907000059 0.999999061550991 -0.0009743480058064588 -0.01799597404897213 0.00270464989295996 0.0009717400716348009 0.9999958702865677 0.6840611696243286
0.9999944108036511 -0.0009601311509654289 -0.0032025785910207018 -0.013191551315390059 0.0009509260605972651 0.9999954163116901 -0.0028745600075228634 -0.03273081247523954 0.0032053238660071947 0.002871498525599252 0.9999907401546934 1.324894934259087
0.9999830196277233 -0.00030247809107748124 -0.005819704736935485 -0.02453020460100086 0.0002777860012674879 0.9999909590757353 -0.00424318297137499 -0.0497573321504929 0.005820935591310989 0.004241494288041066 0.9999740628811561 1.9601912388630782
0.9999682775431009 -0.002054385493585491 -0.007695674611619935 -0.04324346908873654 0.002005499163875167 0.9999777971118771 -0.006354782166334545 -0.05976477497037888 0.007708558917714915 0.00633914690803211 0.9999501954276976 2.576697202806513
0.999940749810146 -0.0053289215518921695 -0.009492073757466978 -0.044557488016896955 0.005243823143262296 0.9999460403641147 -0.008967646233586233 -0.07634236893560806 0.00953934945190713 0.00891734014279739 0.9999147372935415 3.1214667351709915
0.9999253289292876 -0.006727334312132295 -0.010201937987919385 -0.06163780176842064 0.006623565903294999 0.9999263333578583 -0.010171343678893843 -0.09145136328511203 0.01026961247473599 0.01010301096516644 0.9998962267300825 3.7700121490867415
0.9999133165709492 -0.006326220004756917 -0.011547219775203843 -0.07346460879460953 0.006213356618156651 0.9999328323075849 -0.009783919095488269 -0.10962764744925538 0.011608339399804535 0.00971132399741994 0.999885461761794 4.364317706028528
0.999889599201024 -0.00634214080385882 -0.013437509428467638 -0.0839633972096208 0.006206060820109893 0.9999292845876551 -0.010144487819378087 -0.12963249641494862 0.013500896959581041 0.010059973859033752 0.9998582513072752 4.961700864488385
0.9998876596693277 -0.006250081054254714 -0.01362367526810691 -0.10242930502678771 0.006068356626595679 0.9998926087390521 -0.013339641556864268 -0.1457979321377853 0.01370558604540623 0.013255469657028908 0.9998182081935314 5.622441181219518
0.9998752906725383 -0.004595158760058658 -0.015109189868344634 -0.12248063615838656 0.004326691587112851 0.9998330342943693 -0.017753401747959075 -0.1616417222964395 0.015188246851359733 0.017685814928475464 0.9997282276238368 6.1603450642826365
0.9998523268604235 -0.003366942850971218 -0.016851948481889763 -0.14375094067904615 0.0030018144070615886 0.9997612036637187 -0.021645432754691454 -0.18023117395836183 0.01692080323340267 0.021591649883939062 0.9996236727255043 6.6961475661027405
0.9998470062042887 -0.0007959099968294816 -0.017473714876898007 -0.1718558784185438 0.0004152557457202006 0.9997627619482394 -0.021777221684444823 -0.20010734177722336 0.01748690215526541 0.021766633844137545 0.9996101349546771 7.313459248116482
0.9998438146548727 -0.0032803213633416373 -0.01736622550085724 -0.18338895819634257 0.003004181133000417 0.999869021857236 -0.015903270920605898 -0.2275497709930965 0.017416118744242183 0.01584861577574739 0.9997227116485249 8.02694612055773
0.9998637444613864 -0.01168539973362462 -0.011659500191760298 -0.1902856244475066 0.011595311893483697 0.9999026260843851 -0.007764476263292382 -0.2555340858316085 0.01174909586943132 0.007628222769151465 0.999901879668018 8.783134806806174
0.999861979705066 -0.01102924777845056 -0.012424863528760627 -0.20134784156953708 0.01101153380106258 0.9999382563324015 -0.0014932000081321548 -0.2736166499378727 0.012440565244989422 0.0013561771115060848 0.9999216934940596 9.516222127457423
0.9998623843966827 -0.00919012097266484 -0.013811370137988822 -0.21966055986679045 0.009149493378555959 0.999953636550307 -0.003001919507956154 -0.29053087910788655 0.013838317798652555 0.002875139357365628 0.9999001122783114 10.222498471499396
0.9998698053763839 -0.007169472660468259 -0.01445582783390174 -0.22529314477997361 0.007013075809295155 0.9999166437693576 -0.01084076937844369 -0.3042247084948374 0.014532345450259884 0.010737978152069467 0.9998367400535552 10.969704406027116
0.9998574426143161 -0.00683057142498103 -0.015441429427617467 -0.23392653938681113 0.006561184421666061 0.999826565192183 -0.01742958390169366 -0.32344807478066057 0.015557805364020485 0.017325785119570322 0.9997288491697367 11.682028902525886
0.9998438558822912 -0.009781183684268205 -0.014717075122697792 -0.24801042892432063 0.009540683430766628 0.9998212353126448 -0.016323993922162723 -0.3420252008603737 0.014874112212378249 0.016181034071761774 0.9997584382851004 12.421245460189864
0.9998354670694027 -0.010548655305297317 -0.014756851336232217 -0.25889046100464597 0.010443789744598952 0.9999197893930281 -0.007165335719496794 -0.3572214291323204 0.014831252336881248 0.007010039333164221 0.9998654375978139 13.19235288815406
0.999775019951442 -0.01643888821580256 -0.013404194691295324 -0.2634673530848907 0.01641629046601517 0.9998636338859843 -0.0017941682333559436 -0.3713277557005512 0.013431860944382245 0.0015737174277843406 0.9999085500809706 13.925892654306537
0.9997670708643394 -0.0173346383428914 -0.012857461991393381 -0.2711423585980752 0.017342561176327247 0.9998494789665358 0.0005049576139797812 -0.38395457815364253 0.01284677341530988 -0.0007278213157972738 0.9999172119175409 14.801465293607938
0.9997271520823645 -0.01954204264370608 -0.012795700785674585 -0.2800850490618126 0.0195353834994059 0.9998089579958453 -0.0006452153074348264 -0.3983331683875116 0.012805865094404189 0.0003950703397899443 0.9999179235010297 15.67130740169057
0.9997259703114187 -0.019903787469304376 -0.012321669094299364 -0.290735965558895 0.0198669932008898 0.9997978215435459 -0.0031013896781249685 -0.41360682974764584 0.012380907319273833 0.0028557452891572236 0.999919275668189 16.579688745776576
0.9997728661003971 -0.017947880442040782 -0.011493032543079238 -0.30702069136620824 0.01787000395970751 0.9998169000296657 -0.006843199072765715 -0.4301978574480461 0.01161374908796063 0.006636264213220666 0.9999105364128408 17.501492739857458
0.9997417721586782 -0.02031145216101297 -0.010189892645997924 -0.30809429262624055 0.020180033975340177 0.9997139338513544 -0.01283809534954538 -0.44576483393854716 0.010447738022184383 0.012629147816095256 0.9998656656749744 18.36485353860105
0.9997167480291511 -0.02201208629863315 -0.009049406986129306 -0.31183530591743097 0.02183088518762105 0.9995684133210357 -0.01965704817087232 -0.4706916717807976 0.009478194023335194 0.019453923708306585 0.9997658269266899 19.3162541606907
0.9997630861561434 -0.020312326404944646 -0.007821825590155835 -0.31761349504942954 0.02010554609008517 0.9994684012302825 -0.025664799991474505 -0.4973340074044752 0.00833897931183961 0.025501457570145214 0.9996400037442656 20.174211587121057
0.9997928963775303 -0.01892200193185878 -0.007491474882807148 -0.32388376421068477 0.018714025000897406 0.9994623719575331 -0.02692122414168792 -0.5307783334391032 0.007996850711047734 0.026775453010396393 0.9996094864969989 21.1002578183865
0.9997885092658884 -0.019014740166371242 -0.007834308922800097 -0.33023263349928506 0.01880155637865487 0.9994735398796799 -0.026441341836627826 -0.5679456162022095 0.008332959716255651 0.026288452536932065 0.9996196671962697 22.023699471737313
0.9998100933183298 -0.01792091688520132 -0.007656241688078949 -0.3362835565324707 0.01770133215524223 0.999455509320525 -0.027845066506997255 -0.6041311436882262 0.008151082058374781 0.027704252865634514 0.9995829301435849 22.952612031687774
0.9998484310597999 -0.015822680806940166 -0.007263448171381665 -0.34440831474744704 0.015598453963547226 0.999429576341218 -0.029953466716889268 -0.6420459468450611 0.007733249071623017 0.029835628139765747 0.9995249032176747 23.897139246614802
0.9998888141138776 -0.012996308589670836 -0.007311318142856658 -0.35507016301468264 0.012766423376376422 0.999448458245213 -0.03065612084789796 -0.6831817041262229 0.007705702052319864 0.0305593729370853 0.9995032500605355 24.919765271186527
0.9999002982432631 -0.012549306633789559 -0.00647367562094282 -0.3648201872050356 0.012341700357408681 0.9994379064375135 -0.031169754700458206 -0.7217621812553195 0.0068611956189867165 0.03108675085643275 0.9994931405046601 25.848184126019227
0.9998958994677044 -0.013135873619747548 -0.005969845217187843 -0.37102660087367323 0.012939103247752765 0.999407839762839 -0.031883372276441564 -0.7620228658651762 0.006385126061022921 0.03180280875677788 0.999473767299755 26.729442725760574
0.9998935831353656 -0.0134857577302698 -0.005563878427975771 -0.378949883019764 0.013301913171894133 0.9994040612039943 -0.03185249683979076 -0.8066418523441179 0.005990117752449887 0.03177509696919835 0.9994770941356835 27.739915397403657
0.9998918253293069 -0.013369058280547625 -0.006132366616505959 -0.3864625469091233 0.013172972201034914 0.999433419488577 -0.03097277534802918 -0.8494676537119936 0.00654296897583026 0.030888643383289633 0.9995014163406282 28.74021045629477
0.9998699379152608 -0.015060424818129747 -0.005769823015581014 -0.39509271320103884 0.014883260294756317 0.9994507965755842 -0.02960732658359165 -0.8936795465284599 0.006212553125100584 0.029517602015177027 0.9995449541441055 29.778286338817484
0.9998733011919835 -0.014945030937625945 -0.005479745771437795 -0.40363661140221563 0.01478218762972934 0.9994804250866891 -0.028642045971078486 -0.9387747914384139 0.005904954896158312 0.02855741442783815 0.9995747123596472 30.808956110924395
0.9998622332842689 -0.015574200870011644 -0.005740968477181413 -0.4125343938270701 0.01539576834850518 0.9994338931307627 -0.029914270481578697 -0.9868649198714202 0.006203609332850377 0.029821762670010164 0.9995359811945238 31.862247696211767
0.9998784299102679 -0.014496808382693025 -0.0057417721039934606 -0.4217684602528582 0.014313009768014617 0.9994214447563184 -0.030853095672432614 -1.0317854321661526 0.006185721587610827 0.03076716281861299 0.9995074379615861 32.911352935037634
0.9998579320715996 -0.01557215538346818 -0.006451639343513501 -0.42978395885743137 0.015371024427158791 0.999427722614045 -0.030132356007483492 -1.0778209880745897 0.00691717294603339 0.03002890686014328 0.9995250959686905 33.978452913970415
0.999771896237159 -0.019979865819022107 -0.007547215129458379 -0.4337976196242965 0.01975393474522795 0.9993868247977294 -0.028909453173521407 -1.1192070337153057 0.008120194359603062 0.02875377162329529 0.9995535418680673 34.99429530240631
0.9996912702885347 -0.023386579021550388 -0.008392379314942952 -0.4406098030334244 0.02315469443416143 0.9993742618096227 -0.026738454669833843 -1.1577585040352423 0.00901244886574768 0.026535876735825473 0.9996072343732331 36.01553414224341
0.9995975505922632 -0.025586544537119615 -0.012250126064621458 -0.45014834770321654 0.025255700622716887 0.9993313034326327 -0.02644041538421433 -1.2007653111091365 0.012918453313180377 0.026120388938223972 0.9995753292502328 37.09607136983127
0.9996091627662712 -0.0249767465124897 -0.012557222916163296 -0.4659411390390279 0.02464265097250229 0.999355780200649 -0.026091460913450198 -1.250544643129155 0.013200813109911625 0.025771820137535886 0.9995806879987408 38.20143090834571
0.9995819056822071 -0.025607008339665904 -0.013427395749769642 -0.48175503011480275 0.025223347507933945 0.9992895414570965 -0.02800348326473537 -1.2954729555995923 0.014134941571250056 0.027653091298380943 0.9995176386479735 39.28085034162769
0.9995928106983518 -0.02494939591406056 -0.013847037361608762 -0.501507568310889 0.024544295565421308 0.9992869104490074 -0.028692301414716105 -1.347626640872196 0.014553018771635317 0.02834075243883157 0.9994923768572892 40.42444270631503
0.9995787796574827 -0.025152672762767694 -0.014477786824941375 -0.5192320280082667 0.024747036643475665 0.9993141578580179 -0.02754628980253247 -1.3981003290998522 0.015160720161845675 0.027176404423833466 0.9995156805207043 41.49557296782617
0.999543129899392 -0.02578978773463739 -0.01576129181036016 -0.5383119385515579 0.025382541128172002 0.9993521679924963 -0.02551413205602715 -1.4465632995908988 0.01640908519100426 0.025102413774338153 0.999550204214824 42.60396238342418
0.9995361421528338 -0.02587784071082981 -0.016057331359131104 -0.5583426602623652 0.02550504257145914 0.999410011336603 -0.023002652968680252 -1.493860580963915 0.01664311670511482 0.022582440087696373 0.9996064425892952 43.706447627810164
0.9995798736631482 -0.02418589769775586 -0.01597243000048203 -0.5812432906324259 0.023816626053703785 0.9994536081886163 -0.022918407496426815 -1.5385746679161525 0.016518005054625938 0.022528369477348376 0.9996097378865954 44.79223729633195
0.9995968042655421 -0.022869123960723162 -0.01682950003376463 -0.604510479334099 0.022408070958051772 0.9993817529758624 -0.027092253040852526 -1.5837294345585224 0.017438671338617578 0.026704212929044416 0.999491259468428 45.855519818978316
0.9996292015809344 -0.02192781062774225 -0.01614405363405697 -0.6264659107561135 0.021413245096165805 0.9992779819961622 -0.031384512615738464 -1.6300173790222452 0.016820590985960164 0.03102717871076565 0.9993769968836254 46.89011793174151
0.9996184663602828 -0.02275989537629805 -0.01564956465777358 -0.6443674891089863 0.022249296881408885 0.999238222591345 -0.03206155487138492 -1.6831203837686965 0.016367360807436167 0.031701130499524194 0.9993633712645525 47.96362039681902
0.9995958448181134 -0.024420862139540245 -0.014552268370448974 -0.6584386434260557 0.02397236610888211 0.9992552867031855 -0.030235701726176765 -1.732391915360689 0.015279813006241916 0.029874629505555 0.9994368583489408 49.04763710285394
0.9996210512898215 -0.02357303705258854 -0.014214983023239511 -0.6759433932168936 0.023161855953786257 0.9993274606253878 -0.02842806480905631 -1.7801073318243006 0.014875558712524219 0.028088046641394214 0.9994947620617438 50.08441406570236
0.9995909240955507 -0.02483677477765901 -0.014181646041571443 -0.6906725464951855 0.02444360350586462 0.9993296137374452 -0.027254969363671992 -1.8309313592616951 0.014849064396542282 0.026897169479528086 0.9995279123468926 51.20116318429163
0.9995911060241808 -0.02530970437948935 -0.013305623682467375 -0.7074953010640964 0.024927261033464255 0.9992924827089978 -0.028163196882721883 -1.88163221284233 0.014009011911127512 0.027820008366430782 0.9995147796404845 52.333357651220076
0.9995924390631257 -0.025554407452545527 -0.012725094403668013 -0.7232654511742477 0.02516370846305408 0.9992339800961118 -0.029970665619365167 -1.928070514966997 0.013481229328937206 0.029638240181067806 0.9994697750181097 53.41733617276417
0.9995995430412401 -0.02592177359320327 -0.011349678653092365 -0.7375796320039847 0.025544436552302416 0.9991544294580363 -0.03221657734162959 -1.9756589960144244 0.012175192522960204 0.03191375484280272 0.9994164682147594 54.50219912082251
0.9995952223605479 -0.02633177950298589 -0.010771667567029701 -0.7496021987196071 0.02594052080071812 0.9990513399544197 -0.03497870088874715 -2.0303020212027763 0.011682500355487974 0.0346851196261893 0.999330006385259 55.613993498457575
0.9995645969593968 -0.0276144972291014 -0.010395001115157666 -0.7600268580274098 0.02719392468136576 0.9988834094885581 -0.0386319130892666 -2.0880999867139214 0.011450195012504489 0.038332411759454864 0.999199439172621 56.707701153582335
0.9994986926683999 -0.02994512859095616 -0.010278746413451985 -0.7684333875466688 0.029504288822804554 0.9987377373078072 -0.04065008017631729 -2.1440347535877695 0.011483043813444267 0.04032643489017588 0.9991205724805331 57.77323610101276
0.9994150234752462 -0.03309455092925391 -0.008623314372411693 -0.7756804637400135 0.03273034050998748 0.9986867017308401 -0.039415689719648254 -2.1971669199931143 0.009916433939410545 0.03911038845072154 0.9991856893756837 58.831345985774824
0.9993449974417875 -0.03501681976962435 -0.00913227361047375 -0.7848307059914768 0.03468413263672417 0.9988079471955301 -0.03434669652657603 -2.2519375603679515 0.010324099540058288 0.034007454363304414 0.9993682534563603 59.925282570276416
0.9991633849020686 -0.039218280317365614 -0.011595549145722367 -0.7927513732515176 0.0388526866758499 0.9987875359188302 -0.030231222788028214 -2.3005627258081005 0.012767106528519355 0.02975541265282161 0.9994756707437911 61.04914950918868
0.9990931239934921 -0.04085165906302971 -0.012002980493365945 -0.8061062718879651 0.04047672647056871 0.9987307612250703 -0.029975009541586776 -2.351266492866306 0.013212274715313 0.02946198456637708 0.9994785776905171 62.16620192473682
0.9989777798439159 -0.04348177098161007 -0.012358437216126701 -0.817954957226324 0.04305590065811044 0.9985322254417759 -0.032857026232044236 -2.4044853459955444 0.013768979506159957 0.03229133547249377 0.9993836524862526 63.26761335692844
0.998866154303295 -0.04580410109378391 -0.012976521503775176 -0.8288967316405256 0.045305512287998784 0.9983093122429647 -0.036413289405110794 -2.461366983411568 0.014622460246808739 0.03578409439917112 0.9992525617902427 64.3889473507056
0.9989203082298976 -0.04478676602505487 -0.012343556817419978 -0.8459826839469382 0.04425343048663906 0.9981975117266072 -0.040538395046838815 -2.5202157740766955 0.014136891314998632 0.03994838134175596 0.9991017341252704 65.48438126287648
0.998939528355543 -0.044518660364724634 -0.01174340530413744 -0.8599881865789831 0.04394640822759761 0.9980125027537788 -0.04516367512759878 -2.5811497176919023 0.01373069163226254 0.04459969984728869 0.9989105740159288 66.55159804651964
0.9990687600719395 -0.0417572155662532 -0.010860368155485908 -0.8770482431889808 0.04122132493107869 0.9981086500565671 -0.04560619533772885 -2.645574253238316 0.012744215128663564 0.04511604626305495 0.9989004591801652 67.63034316101827
0.9989947806071955 -0.04330874996299935 -0.01156635189787183 -0.8879357248388431 0.042753936535773536 0.9980923046065004 -0.04454045796777641 -2.708825416709197 0.013473278379000576 0.04400117796067073 0.9989406224134626 68.6043317125843
0.9990429978598914 -0.04227451593186306 -0.01122291093476232 -0.9027330949499202 0.04176479579592872 0.9982309795345587 -0.04231563930273779 -2.7729850112117496 0.012991930543507462 0.041806420561938715 0.999041256876087 69.66311062136752
0.9990175544401997 -0.04274894400189683 -0.011681340122060017 -0.9162986773369314 0.04223223078879241 0.9982504058033472 -0.04138316077892882 -2.8388675666372736 0.013429988939933253 0.04084917502441379 0.9990750623936617 70.8052553383937
0.99894049062972 -0.04437792196030612 -0.012185902631359527 -0.927963995449057 0.043850369738272665 0.9982129349335561 -0.040596571347258165 -2.904738713757035 0.013965717105568558 0.04001920256353477 0.9991013072616345 71.92001624946067
0.9987737038933191 -0.04789417111803619 -0.012539409242008456 -0.9395282888650365 0.047352883613788144 0.9980611938854851 -0.04039254477424711 -2.961864850548315 0.014449665210008372 0.03974923436742901 0.9991052024399246 72.99724164842247
0.9987108392385053 -0.04895739371131919 -0.013410189727102792 -0.9552419956164492 0.04841281286168595 0.9980928042381719 -0.03830083130693017 -3.0256406848390203 0.015259722747854148 0.03760223037237869 0.9991762672985594 74.08267594954535
0.9986377103546624 -0.05008567699971273 -0.01463381075043679 -0.9702976768438282 0.04951886101097714 0.9980942505502766 -0.03682050274856887 -3.087823613985927 0.01645010218128364 0.036045692918326516 0.99921474276567 75.207309707124
0.99859378056127 -0.05095965378484224 -0.014614209197925795 -0.9867753454057038 0.05036769466158582 0.9979939055890789 -0.03835700381330532 -3.147836405751555 0.016539551349083716 0.03756698142232991 0.9991572274412002 76.28895006112481
0.9985903804098949 -0.050900027927473904 -0.015047900511547935 -1.0044722879308865 0.05021900571244926 0.9978285901801052 -0.04261638281737091 -3.2109969634915068 0.017184400428180455 0.04180061932754229 0.9989781802450737 77.37118908275791
0.9986001839024381 -0.0507099711011815 -0.015039000662802091 -1.0214400382711466 0.04999060862019051 0.9977412613008623 -0.044869973785897556 -3.273126463337441 0.017280386564002298 0.04405535527812191 0.9988796293405517 78.38428126737989
0.9986777082326083 -0.049000837111044124 -0.015548409619120596 -1.0425007571738694 0.04829095864920722 0.9979009296995665 -0.04314762817909076 -3.339278313779632 0.01763004231440165 0.04233972681958914 0.9989477109142578 79.46099674559173
0.9986919669170332 -0.04834684654011884 -0.016641443597698462 -1.0656665952042153 0.047667388237573126 0.9980994743808387 -0.03905456873788181 -3.39995716785369 0.018497981349262095 0.038210229917126456 0.9990984951523466 80.50319273129129
0.998620468244495 -0.04951445437915986 -0.01747796357362731 -1.0882086777238156 0.04886657934195387 0.9981660446725572 -0.035729605177761845 -3.461678976760025 0.01921504167477828 0.034826226759101006 0.9992086449301572 81.6158989107766
0.9986148664277178 -0.04953585017654198 -0.017735503850746872 -1.109688752637207 0.04888857653428097 0.9981824562232327 -0.03523763857873785 -3.5193600784055032 0.0194487951813066 0.034321766205153204 0.999221577394401 82.65624978165614
0.9986005705690272 -0.04976711793848775 -0.017892300894828735 -1.1311464933420325 0.04906957255270886 0.9980906565306736 -0.03751290972002926 -3.5776600933775806 0.019725047749216504 0.03658244549323192 0.9991359502955673 83.68399460821854
0.9985726859230504 -0.0503813416328578 -0.017728828040772304 -1.1502907215817657 0.049673769911938816 0.9980303855862299 -0.03831273977852012 -3.639199068356917 0.01962415631719635 0.03737739774080207 0.9991085139397845 84.70971783700683
0.998499729410947 -0.051511408102125504 -0.018570546615620867 -1.1702846917116565 0.05076545817826693 0.9979635709523097 -0.03862096979704864 -3.701772112603382 0.020522149551576965 0.03762028558437856 0.9990813557915755 85.75452533304828
0.9984326090979442 -0.05283154588020176 -0.0184703234887975 -1.1909274375175194 0.052090402642230624 0.997898584068587 -0.038535773853381916 -3.7620921161548164 0.020467414161123812 0.03751324664457673 0.9990865034038545 86.7818969880004
0.9983435468528647 -0.05381374950753913 -0.020352956079710306 -1.2136408946130621 0.05302627484703772 0.9978913372601849 -0.03743117947548494 -3.81994387257007 0.02232435067564541 0.03628993503740938 0.9990919196860174 87.77467632130593
0.9983190304860522 -0.05362241990637388 -0.021994305007766342 -1.2425412613830666 0.05284561198390122 0.9980066411934968 -0.03449761481206869 -3.881735467671772 0.02380030805340728 0.03327732286496969 0.9991627320509424 88.8158794467927
0.9982438858721925 -0.05489890220531753 -0.0222543221742972 -1.2664084546289824 0.05412130074496503 0.9979500468226223 -0.03415536344996188 -3.937300802996872 0.024083793813672146 0.03289094987039651 0.9991687326433727 89.8079211774715
0.9981489937825598 -0.05589417886102206 -0.023967206351945484 -1.2929078019283804 0.05505158028654178 0.9978879143497779 -0.03448237089593584 -3.991328103689017 0.025843949365743166 0.033099111228287126 0.9991178804911253 90.7634155425389
0.9980462356520814 -0.05677256514625743 -0.026088069062799833 -1.3214640559175481 0.055823624199589104 0.9977997964322257 -0.03576715282255545 -4.045404209228066 0.028061263013886187 0.03424094167108951 0.9990195811051668 91.67993980638784
0.9979751578202944 -0.05729534593251476 -0.02761933576379682 -1.353355720539285 0.05625917895893422 0.9977327080880835 -0.03693708155885993 -4.102414781048091 0.029673037532859443 0.035308448644661976 0.9989358459370057 92.6395673511189
0.9978294347799711 -0.0584393625089425 -0.03035226509229868 -1.385356074398437 0.057304573953275165 0.9976708510753837 -0.037000793485453605 -4.157629912128495 0.03244387293031422 0.035181157230369554 0.9988541841956783 93.55164231596815
0.9977493903549771 -0.05899020750049459 -0.03187960892673229 -1.420060367846782 0.05781774134955521 0.9976586906147459 -0.03652732985186123 -4.213028663165522 0.0339597236665542 0.034601914107738906 0.9988240309026272 94.46642329854046
0.9976888107259614 -0.057996055583186254 -0.03540472410583243 -1.4589716737819782 0.05672951746616554 0.9977479768425855 -0.03578737982282716 -4.26800882112147 0.0374005187166455 0.03369617549988808 0.998732080668488 95.33983381359697
0.9976037229041544 -0.05748014273313037 -0.03850772960265849 -1.4943187142138825 0.056138963187006626 0.9978075658703778 -0.035049654835957476 -4.313375978386182 0.040437963104741126 0.0328038821362779 0.9986434180710998 96.1034159921046
0.997594645839422 -0.055870797107025263 -0.04102897297209852 -1.5319557700263495 0.054451556398733766 0.9979052353605458 -0.03493092105526965 -4.359803746288977 0.0428946453333639 0.032612808383204156 0.9985471717105237 96.82472601642986
0.99757918885714 -0.05369449088741554 -0.04418895345528272 -1.5761754380329427 0.05217460395976418 0.9980293902009523 -0.03485895862984378 -4.413581138510092 0.04597360830708899 0.032469030528438296 0.9984148383291237 97.63993580269965
0.9975615006190077 -0.051806493033785685 -0.04676686607305644 -1.6153545149527953 0.050119974782910456 0.9980744613648718 -0.036542546421689456 -4.461911624943936 0.04856995584222092 0.034109483296602905 0.9982371975330934 98.27525936622591
0.9975808481564857 -0.05020661704558713 -0.04808063015628574 -1.6572058863649994 0.04829905673393917 0.9980297786366349 -0.040046998303506415 -4.508172393872353 0.049996524979237164 0.03762786945001124 0.9980403253028677 98.93864240388264
0.9976732649957077 -0.046931177262888646 -0.04945220837864354 -1.6983813647407335 0.044777649167690295 0.998036716512723 -0.04379126199959942 -4.552356515175431 0.05141029515399313 0.04147501770007636 0.997816017339348 99.54803526576826
0.9976491690439785 -0.04473961920868787 -0.051908592534588835 -1.7383110991859212 0.04232314486379446 0.9980094461565381 -0.04675357516980047 -4.60010502205779 0.05389700283595201 0.044446730536469505 0.9975568160410314 100.18240415483588
0.9976960483158277 -0.04256499406275409 -0.052828178611610974 -1.7791648623185503 0.04005184811805879 0.9980558890230418 -0.0477524014972382 -4.6465404599206535 0.05475805545589158 0.04552651608527941 0.9974612231539762 100.77331565339021
0.9978222239948648 -0.03982879190478619 -0.05257829055178802 -1.8162189592046936 0.037362417276385916 0.9981918240638823 -0.04708643273050436 -4.692304319191136 0.05435861548281201 0.04501943699586146 0.9975060858036744 101.38371250185106
0.9980752117687921 -0.03642809378033413 -0.050188301786500425 -1.8554865432207612 0.03416305770916669 0.9983903421477158 -0.045272620800290465 -4.7428315296035795 0.05175671106863143 0.043470894742320805 0.9977131472370504 102.0497638985819
0.9984176894568783 -0.033478357795137796 -0.045180935569446266 -1.889252726189088 0.03152401282361713 0.9985647939554102 -0.04329652281979842 -4.79013121919701 0.0465655880998633 0.04180372988298586 0.9980401265343914 102.65384425099869
0.9986871677947811 -0.035413812648566606 -0.037010846460629444 -1.9082987916199972 0.03383411328975372 0.9985246647096342 -0.04247053972353416 -4.830057516055288 0.03846028678957249 0.04116255385911342 0.9984119643212712 103.265950181385
0.9990135051249625 -0.03558980531096806 -0.02655903491969722 -1.9234721623130173 0.03451550339770577 0.9986086753760799 -0.03986719815630206 -4.871987283582187 0.02794094850110245 0.038911170909628125 0.998851953081787 103.84343374742483
0.9992565288191 -0.03615127559874965 -0.013396823690265201 -1.9258734205366594 0.03561701890548997 0.9986361001587297 -0.03817548197534122 -4.9151668494438585 0.014758644134566175 0.03766994468202586 0.9991812436645128 104.43482135645333
0.9993030539771727 -0.03732810078966474 0.0001385760953627052 -1.919775198440988 0.03730743536927924 0.9986117823639348 -0.03718418198767366 -4.9519296650611535 0.0012496311714339358 0.037163436538646705 0.9993084195615353 104.95516343901589
0.999195821307924 -0.037172567427192896 0.015030333052055193 -1.9065063781456868 0.03770508396291443 0.9986091662117464 -0.03685186292753728 -4.9901734268227 -0.013639549997506127 0.03738894741432592 0.9992077007745259 105.44181956622771
0.9987474347273549 -0.03764243460505614 0.03296374891503855 -1.8829529868760533 0.03891270038709514 0.9984897696298105 -0.038781202833230596 -5.016980965141794 -0.03145414716875643 0.04001533533049656 0.9987038647989075 105.94284859472175
0.9978223145954975 -0.039005630927049305 0.05319012362523885 -1.846667945794281 0.04127348189999139 0.998255193105892 -0.042226403220848654 -5.046095643404606 -0.05145024963142984 0.044329789003574524 0.9976912055439612 106.33954710861632
0.9961862236895013 -0.041414390436770025 0.07679749993328454 -1.7931438511090219 0.04501007838338842 0.9979408832228727 -0.04569558442862967 -5.0744075649076406 -0.07474691013796678 0.04897797318288672 0.995999024882918 106.75594449681864
0.9937981526685051 -0.04239033727274156 0.10280219384123519 -1.713671399436089 0.04739004287886646 0.9977847183090474 -0.0466887539443313 -5.119833873944608 -0.10059530599688464 0.05127099779444845 0.9936054897174005 107.41588872861178
0.9902021028674284 -0.0442589631661196 0.13244221251694627 -1.625410347790714 0.050737160684388126 0.9976547100691228 -0.04594366117955194 -5.1608688962043265 -0.1300981783216446 0.052213251731289094 0.9901253659719234 107.95427557043706
0.9855351901682227 -0.045664656936684624 0.16320272070937078 -1.5237218644623918 0.05379565489094226 0.9975032698335915 -0.04575209488262004 -5.19903684805203 -0.16070599383638612 0.0538698967712816 0.9855311348541513 108.45567943303443
0.97954943736787 -0.04650640060811897 0.1957550879409451 -1.3910221010019437 0.05652604059334867 0.997345012854911 -0.045910043217979285 -5.238867977624484 -0.1931002498370446 0.056036417051010555 0.979577568892304 109.0384699984088
0.9711553755451255 -0.049062094902843835 0.2333455536185579 -1.234400104086854 0.060807100427013455 0.9972053847351925 -0.043404114929302566 -5.279275140529805 -0.230563945766605 0.05634120604745127 0.9714246936400438 109.62975399224875
0.9616164585952484 -0.05050595318142649 0.269708982519992 -1.0772671249495738 0.06408633557284196 0.997069377690224 -0.041780350229200465 -5.313215573177851 -0.2668084109460922 0.057461332787058825 0.9620350654122523 110.12582036241241
0.9495189200502406 -0.05105941838613091 0.309526664862166 -0.8841153086781061 0.06664322272852195 0.9969756798030432 -0.03997717780955402 -5.347658142090558 -0.30654934567045183 0.05858694116720999 0.9500500349948356 110.65805072685865
0.9343956075419291 -0.05095951598222939 0.3525733630568352 -0.6593911189042659 0.06840049937242317 0.9969649463208259 -0.03717885814702095 -5.379381279889084 -0.3496086673581665 0.05885595584450295 0.935045323056416 111.19922100210376
0.9185642379056085 -0.05213362373975989 0.3918186137955299 -0.47323387840130543 0.07087682708364389 0.9969218754020936 -0.033514917981817216 -5.400612383391502 -0.38886529315875523 0.05855646523257564 0.9194318485652005 111.55425796565369
0.8989603955454174 -0.053631047606965916 0.4347343073342692 -0.21215191268473377 0.07324802180949698 0.9969069810540715 -0.028481545369817767 -5.4244712324720386 -0.4318621707695905 0.05744720931635317 0.9001082621551368 112.02999510285522
0.8756676655791843 -0.05384094231578243 0.4799034198561741 0.03616209311306362 0.0750136815034615 0.9968681756925057 -0.025035732040288403 -5.4438845039700245 -0.47705249925600424 0.05792230332129826 0.8769640355975586 112.42181117240281
0.8507465023845573 -0.051442036334753555 0.523052679544018 0.28724873654689664 0.07480193609610736 0.9969186602491144 -0.02361895855843361 -5.458314029654412 -0.5202259692063798 0.059219099493702465 0.8519730272833984 112.76637931628159
0.8244975022392022 -0.05015808938740275 0.5636382127484996 0.5875013403204823 0.07649414804682833 0.9968002798587402 -0.023191536993634784 -5.473149777691685 -0.5606714850212265 0.0622363892151733 0.8256961412902148 113.15840823362336
0.7938129094072144 -0.04582570902105062 0.6064330707103399 0.87143782882164 0.07590274302444802 0.9968256380114402 -0.02402958602327008 -5.483545818541221 -0.6034068598050727 0.06510492912063673 0.794771356897302 113.4633279539324
0.7630535306550333 -0.04208559632499884 0.6449636516400421 1.1394865812881383 0.07541157062184471 0.9968594891358874 -0.024171345351138084 -5.497273931375936 -0.6419208708020286 0.06708175237504387 0.7638308936715369 113.71528433666393
0.7287545794440083 -0.039586089328452236 0.6836298007482313 1.4497934933717191 0.07566604297506037 0.996869391836755 -0.022936119103162744 -5.509882187011619 -0.6805816724537055 0.06844236371355063 0.72946845714494 113.99218550086027
0.6920217395896496 -0.037856903012462376 0.7208833240057785 1.8013981990003756 0.0740114295651278 0.9970822976460976 -0.018686894190990105 -5.517344506098572 -0.7180725730934452 0.06628534238490552 0.6928044696419579 114.28450877680456
0.6529730348243658 -0.0395069513418006 0.7563500621986715 2.1405869833774105 0.0755551020514764 0.9970549354887445 -0.01314846650855319 -5.523171847370298 -0.7536031066458315 0.0657317002154376 0.6540349388530702 114.52933401082431
0.6143767737587614 -0.04141936901341729 0.7879248795007721 2.4704145314300643 0.07490320155895834 0.9971728426981411 -0.005985998791040715 -5.522623211010298 -0.7854493556315353 0.06269575468752767 0.6157422773223937 114.74208373818306
0.5711522620600592 -0.042895774094202414 0.8197225421498037 2.826624253342824 0.07340435748635733 0.9973017158659242 0.0010429922811498885 -5.520105924227802 -0.817555437781251 0.05957549912289982 0.5727598677094659 114.95342957868762
0.5236804844762337 -0.04566948495135163 0.850689748570544 3.1881119415769965 0.07377055822215377 0.9972421466524997 0.008124387946549988 -5.5160055929078045 -0.8487147076128286 0.058501274209990455 0.5256053138976797 115.12879327781361
0.474041478167664 -0.049629412772505994 0.8791027234427569 3.592983890447843 0.07477765102647912 0.9970723975462695 0.01596674538833006 -5.510521148333559 -0.8773214803500359 0.0581683370846191 0.47636484408196184 115.30015492449292
0.4253459432943991 -0.050742117165278405 0.9036072521115481 3.9504317430087914 0.07347311168074153 0.9970674614033272 0.021405122533486295 -5.501324074329951 -0.902043530204029 0.05728625451458176 0.4278267811401519 115.42146408403481
0.37871625346896054 -0.04651687308962603 0.9243431072260979 4.372177753696164 0.07066412191208586 0.9972741131877861 0.021234995641835067 -5.4917090896419465 -0.9228112381374796 0.057275856025715714 0.38097098981903277 115.56031772236017
0.3304055460237948 -0.04200236198897881 0.942904012476384 4.788692238197614 0.06720452664761414 0.9975205900207126 0.020885978138445192 -5.481647041876346 -0.9414434272726048 0.056466574821537364 0.3324090840713225 115.67808765303975
0.2866845890199202 -0.04066121331468152 0.9571617481649888 5.214298730446998 0.06653597284673615 0.997531487574758 0.022447619344351407 -5.480093540118595 -0.9557117299352446 0.05725030155962915 0.2886823379348202 115.77259358419023
0.24394703987766972 -0.04029533844898377 0.9689510449110441 5.6810831345859025 0.06934324061431078 0.9973037313709722 0.02401629394060657 -5.469260895583716 -0.9673062372982137 0.061331501635111356 0.24608350247660637 115.86160920273312
0.20667360650990776 -0.04002030898647663 0.9775911186384697 6.121039914909326 0.07234376020587371 0.9970531424120601 0.02552276563210006 -5.462347042445256 -0.9757317257993934 0.06544773544488 0.20895978846101984 115.93595563502483
0.1757228194842596 -0.0373180761943674 0.9837321037262399 6.608448537163175 0.07318613109574905 0.9970111801343979 0.024748674757469415 -5.450381609683857 -0.9817154786025011 0.0676466397995241 0.17792878124714762 116.00755976297118
0.14395421298482092 -0.03853871315171032 0.9888336321912452 7.059553759836834 0.07037110898270349 0.9971103213343568 0.028616675366647977 -5.4409050443177085 -0.9870790705837423 0.0654658283160447 0.14625024354998145 116.05761038427624
0.11788617935858657 -0.04220880368602918 0.9921296616912678 7.534318946816111 0.06474972260538436 0.9972968235554005 0.034734984508906906 -5.432918424825447 -0.990913882301969 0.06014534576924865 0.12030052054557619 116.10904339965921
0.09059391202947813 -0.045978312720688856 0.994825983708987 8.066251608556549 0.06093369375256075 0.9973180154476511 0.04054455609854392 -5.418193057133771 -0.9940220460678243 0.05694533187994764 0.09315256898346021 116.14948330755912
0.06726271323673323 -0.04853477943908181 0.9965541142320534 8.685594951975652 0.06163882275723954 0.9971104044289685 0.044401541736749095 -5.399842515952371 -0.9958294949122234 0.05843985424603954 0.07005997786587616 116.17888292462867
0.04398141625884261 -0.04785197206351839 0.9978856767152732 9.286406388942392 0.06559167181516205 0.9968353742971862 0.04491067955710022 -5.375898967376997 -0.9968768066377901 0.06347775452409073 0.0469809223858024 116.1932121292335
0.026424093598389486 -0.045526188689131726 0.9986136056658478 9.953733110714808 0.06774263578114112 0.9967475786142155 0.04364859475540599 -5.347287571788277 -0.9973528475794947 0.06649534322145853 0.02942221533014155 116.20054033817004
0.011823209445526681 -0.039641696722617636 0.9991440074380465 10.493088137298923 0.06724199518464138 0.996983527799241 0.038760280966065944 -5.313864672874394 -0.9976666406179948 0.0667261656168831 0.014453131843043853 116.20917623472474
0.0009046082486144514 -0.03490310976291925 0.9993902914341295 11.226909953949438 0.06398631154894396 0.9973447438474284 0.03477375237544249 -5.289571855991068 -0.9979503663100072 0.06391584192345993 0.003135527537313873 116.20941151535355
-0.00558668110970586 -0.034827737042300716 0.9993777152441868 11.90713989888261 0.06627558492930179 0.9971830372996204 0.03512174489091627 -5.2624129620879065 -0.9977857163922809 0.06643055663183961 -0.0032627149931584274 116.20467471391828
-0.008958779669275366 -0.038947439930554766 0.9992010994738213 12.630807240486437 0.07155861244848294 0.9966543651946538 0.03948976225415243 -5.246952837802635 -0.9973961626411468 0.07185522431457217 -0.006141782104349187 116.19351031249548
-0.009796290748056304 -0.04032397696682321 0.9991386338087217 13.330350950966396 0.07416854988973752 0.9964049742773677 0.04094085297806756 -5.221774306448431 -0.997197602732193 0.07450573210765285 -0.006770301933414118 116.18963042026779
-0.008113415036377183 -0.04062468955523386 0.9991415350664733 14.024413422891579 0.07328116155943548 0.9964636305656708 0.04111087837035848 -5.1995753001343346 -0.997278318152434 0.07355180187067725 -0.005107698564835424 116.19066747192944
-0.005520850322755994 -0.04011319212885828 0.9991798897240413 14.720305550391386 0.06988351389399165 0.9967366925445325 0.04040124034252485 -5.178294570415665 -0.9975398812566553 0.07004925090691178 -0.002699583271267717 116.19971977088863
-0.004493179227994011 -0.03855143802760323 0.9992465151134775 15.409640694916495 0.06959585494045552 0.996821568846788 0.03877082481628513 -5.156451721043325 -0.9975651499102863 0.06971761978030991 -0.0017958776784436727 116.19847154631249
-0.0033355053073275036 -0.037293749321742245 0.9992987794778256 16.13443239511062 0.06941819230565525 0.9968850020477604 0.037435374570738485 -5.133760445500366 -0.9975820713010833 0.06949438073516069 -0.0007362505529098094 116.20817812176078
-0.004182716957639694 -0.03745411165893478 0.9992895948616158 16.823699722815963 0.0695810627775312 0.9968653944547914 0.037654495631227594 -5.1171020156580465 -0.9975675318401263 0.06968913013040783 -0.001563508895253153 116.20724306463413
-0.0038014685214944927 -0.03841407554940689 0.9992546760644978 17.564090997782575 0.07021289721690537 0.9967854580353922 0.03858626327569557 -5.099255920643944 -0.9975247856075997 0.07030725032923321 -0.0010920850031719892 116.20598317361001
-0.0033545220697804123 -0.03888309314683806 0.9992381359060598 18.32171804838105 0.0724227750464366 0.9966102908204988 0.03902396552445498 -5.08000270403887 -0.9973683817107178 0.07249850548814726 -0.0005271297074444635 116.20161217571058
