0.9999984276259984 -0.0017519479517114057 0.00027463412987777574 0.00032914121402427554 0.00175214369508248 0.9999982100041844 -0.0007141294691625435 -0.015183492563664913 -0.0002733825206230764 0.0007146095447430523 0.9999997072975552 0.6079689264297485
0.9999955323709794 -0.0028893749439252293 -0.000765996419584 -0.0008387082019097446 0.002887406230344445 0.999992557427589 -0.002558901070941791 -0.02899019355950091 0.0007733843432385436 0.0025566778958867778 0.999996432631034 1.1857029675573179
0.9999914838447237 -0.0032461681230335176 -0.0025484565023906175 -0.005051134552088215 0.0032360759549898348 0.9999869455944009 -0.003954295537015183 -0.04548570980170713 0.002561259541927096 0.003946014862810658 0.999988934396907 1.7092876927474636
0.9999813878667672 -0.004958804236314304 -0.003554459255633184 -0.007704383793700278 0.004937484400036575 0.9999699183642378 -0.005981940690040363 -0.05938176215457072 0.003584015604519676 0.0059642792662379955 0.9999757908094482 2.303297625189809
0.999958628593212 -0.00725189573699079 -0.005491002659127154 -0.010103651591104296 0.007206521495546723 0.9999400942933281 -0.00823856010383742 -0.07688664133432029 0.005550418895628481 0.008198648234320914 0.9999509863074356 2.837693986245391
0.9999367331789706 -0.007973504088104075 -0.00793428458811377 -0.016005639007814466 0.00790149546651675 0.9999276847415911 -0.009065961433507741 -0.09641296277173637 0.008005998298826159 0.009002695145245232 0.9999274251021227 3.3384690940312183
0.9999324424925778 -0.007321180879199448 -0.009028331039644795 -0.027426636074996003 0.007240663157139773 0.9999340098685738 -0.008919008083847142 -0.11447323396221186 0.009093032930337818 0.008853034433963103 0.9999194670239394 3.9261248307163754
0.9999155881499503 -0.007688939239175483 -0.010473623447273562 -0.040745685728327326 0.007586984718244929 0.9999237859817263 -0.009739604245347635 -0.13321057000755687 0.010547712435600855 0.009659318886295419 0.9998977164295502 4.55438524247892
0.9998887044741195 -0.007595361853668307 -0.012840916765509212 -0.051765686022256265 0.007439494923468232 0.9998985979793452 -0.012142803392286801 -0.15253974215092406 0.012931843656284497 0.012045922017507912 0.9998438193950082 5.104598061773291
0.999889699327844 -0.005625391272604064 -0.013745695730063234 -0.06925548808146656 0.005403888184360685 0.9998558043512485 -0.016098711054279284 -0.17666365752497507 0.01383427520921481 0.016022655152887654 0.9997759185694001 5.702154370692786
0.9998771295922123 -0.004498482279585084 -0.015016303660301673 -0.0875348478329615 0.004205010136383621 0.9998006578934707 -0.019518257236147276 -0.1979093730814603 0.015101112813002934 0.019452715310818786 0.999696728142513 6.35279141749434
0.9998776915063579 -0.0028339510674886847 -0.015380856584199304 -0.10330403463879956 0.0025327921529370396 0.9998053907318719 -0.019564396934209 -0.2212581341791442 0.015433307870532738 0.019523047529429047 0.9996902838496219 6.934532949747458
0.9998495975878801 -0.0003099639938868695 -0.01734030350590717 -0.12477951779605267 9.00727827825422e-05 0.999919598009904 -0.012680276124996628 -0.23726742593060413 0.017342839740027715 0.012676807091490005 0.999769235609757 7.536337358101041
0.9998067196346035 0.0023274730491114927 -0.01952194259542101 -0.14155026917431662 -0.0023871057508122917 0.9999925546153314 -0.003031903698716679 -0.2612854778071452 0.019514740572902638 0.0030779186326984932 0.9998048316132823 8.180374656648173
0.9997951302929337 0.0038977688893661933 -0.01986214591178314 -0.15911601965961872 -0.0038288041580958054 0.9999865134449549 0.003509015092908572 -0.2803007548685145 0.019875555369720434 -0.0034322479351586643 0.9997965702946064 8.826479954763801
0.9997971466408078 0.00507655262489399 -0.01949087433508144 -0.17929350086617787 -0.005017614235305354 0.9999826942281692 0.0030716105804568746 -0.2943615761863955 0.019506130223212275 -0.0029731898054102543 0.9998053165622282 9.474694137249722
0.9997654188685461 0.006214142243110367 -0.020748293201684358 -0.2037565983479223 -0.006301842748253999 0.9999714728134224 -0.004164173067000566 -0.3042297540981207 0.02072182454748974 0.0042939487116226156 0.9997760589211397 10.195062638295877
0.9997671779855695 0.006330340046226746 -0.020628054141623713 -0.22529054380968813 -0.006543583241698253 0.9999256821141584 -0.010286484671392659 -0.31846866876587165 0.020561404162400654 0.010419071140700027 0.9997343005096087 10.93830744948116
0.9997624552733285 0.0036636455461430137 -0.021485128046117855 -0.238538363844859 -0.0038590299345458035 0.9999515151569458 -0.009059537697577185 -0.3265470044927763 0.02145089540812068 0.00914029740444856 0.9997281200654252 11.63952610519276
0.9997835874708914 0.0036981009477015576 -0.02047198752478909 -0.251671101180136 -0.0036983326619945884 0.9999931607921457 2.6541592511995782e-05 -0.33184826029697434 0.02047194566609963 4.917637154003632e-05 0.9997904265506496 12.354128574783429
0.9997856794161636 0.004020098510232364 -0.020308472181039525 -0.2675574099111046 -0.003865618568158307 0.9999633413975217 0.007640212967577619 -0.33681791000328487 0.020338442109599706 -0.007560070705519825 0.9997645688378257 13.075733163930899
0.9997869106964711 0.0031559145804334558 -0.02040032850636083 -0.2828692743846491 -0.0029583045336102733 0.9999484852838206 0.009709542362037055 -0.3406968671218284 0.020429920075537535 -0.009647122978110042 0.999744743113938 13.856210744371344
0.9998168288296884 0.001386552181772802 -0.019088904159042977 -0.2977526123433229 -0.001218058906986823 0.9999602237787125 0.008835564097857119 -0.3436749089290619 0.01910039584524408 -0.008810694267505413 0.9997787487964931 14.672165814979266
0.9998197521983984 0.0019499460893529486 -0.018885465950886967 -0.3073910830735975 -0.0018213771097238074 0.9999750668006762 0.006822636030777537 -0.3480778614099246 0.018898298848247373 -0.0067870087102424505 0.9997983750804014 15.50679785463338
0.999827462850946 0.004489080658882625 -0.01802477971789113 -0.3226990791980561 -0.004427241928607713 0.9999841819612314 0.0034692010943959918 -0.34885512639114513 0.018040068124761374 -0.003388802467808707 0.9998315217874908 16.433403683228427
0.9998671181966521 0.0016482300104168554 -0.01621817767060641 -0.3246342395847062 -0.0016875891466646032 0.9999956636009809 -0.0024134668232525295 -0.35496243158661944 0.016214129393669424 0.002440515738044326 0.9998655639089384 17.29810259497342
0.9998973219703411 -0.0012247361012997667 -0.01427744858237942 -0.3260082838003452 0.0011016601281621488 0.999962197268069 -0.008624985784251344 -0.3681566605016593 0.014287472187281158 0.008608371291870087 0.9998608723628507 18.130635395682223
0.9999065598840196 0.0010419853249375862 -0.013630325289165227 -0.3385116103833756 -0.0012246143215393192 0.9999095029214181 -0.013397249240300913 -0.38789205282239486 0.0136151320474435 0.013412689291334429 0.9998173472916474 19.0614592543618
0.9999176517865233 0.002479670613642443 -0.012591301734657577 -0.3437575893574932 -0.002656554455083968 0.9998977527981319 -0.014050860033237873 -0.4090404967962482 0.012555172804566498 0.014083152448734834 0.9998220003845459 19.959595816678995
0.9999231563186379 0.003291577670714581 -0.011951860700779849 -0.35176696577922795 -0.003450212919800769 0.999905909809058 -0.013276579368526765 -0.43457981065229806 0.011907035255731478 0.013316795611497678 0.999840430001739 20.897384428596865
0.9999258603910121 0.004563207354949426 -0.01128941362207576 -0.3592095407579495 -0.004724561053121978 0.9998864829003491 -0.014307335042771612 -0.46147989209728063 0.01122284474408771 0.014359611826457324 0.9998339108592214 21.820999612268228
0.9999243940582505 0.006804638509924689 -0.010242219583158104 -0.3657784937172523 -0.006968745829768558 0.9998465334488004 -0.016073149410658075 -0.4859087938433232 0.0101312757735865 0.01614330961006771 0.9998183589062739 22.765320846809065
0.999893136831688 0.01077864952718167 -0.009876012923087853 -0.372013555205091 -0.01094270429735947 0.9998004835618007 -0.016710783711422997 -0.5121917738335803 0.009693922815215856 0.016817068233184868 0.9998115892889494 23.7188174083887
0.999857130575404 0.013493481577545824 -0.01018058900238079 -0.3800175951464945 -0.013661381757025939 0.9997687610780176 -0.016606957006470083 -0.5411215704612266 0.009954149185528826 0.016743665292951185 0.9998102642934567 24.680736516878536
0.9998384313043375 0.014835777030168584 -0.010149433816336388 -0.3897591041945535 -0.01500169040596975 0.9997517960323543 -0.016471053853511792 -0.5690538793966247 0.009902553804171208 0.016620651310733054 0.9998128291726228 25.634778094073518
0.9998274339385654 0.01554667367911365 -0.010168740400756819 -0.3990099785495224 -0.015709284986162215 0.9997467814193216 -0.016111840581715085 -0.5994582014100233 0.00991567995885142 0.01626880386574923 0.9998184861822336 26.623892373078853
0.9998042694981114 0.0165578259104147 -0.010828716196639956 -0.4094314091856273 -0.0167235263491527 0.9997416295639582 -0.015394732321494572 -0.625827543307057 0.01057101507879771 0.015572813423452852 0.9998228548709436 27.65518068126498
0.9998158538653149 0.016238985889027956 -0.010225150212427559 -0.4189895901759979 -0.016378699056760735 0.9997715659982925 -0.013731498043906283 -0.6512651900701777 0.009999828837476257 0.013896444099757583 0.9998534353917105 28.62753481288739
0.999800156879027 0.016979561078480768 -0.010551815495667307 -0.4318871838278499 -0.01711323447430789 0.9997727730586892 -0.012709817322294545 -0.6805312216944532 0.010333610719386712 0.012887853045440848 0.9998635505574653 29.66481810511693
0.999810953975181 0.016985663527803056 -0.009462745149169706 -0.44259051506017366 -0.01711424187070234 0.9997599958250596 -0.013676749360409721 -0.7115277157689986 0.009228165388037488 0.013836111534554395 0.9998616919260264 30.707475750788774
0.9997745170366354 0.01901892463232183 -0.00944434169182355 -0.4523128896974224 -0.01915669520690866 0.9997081585472845 -0.014717974138675547 -0.7410492291119826 0.00916166540054033 0.014895577861472198 0.9998470811315414 31.73147595823898
0.9997809702693675 0.01884336550244231 -0.009107088655704974 -0.4630805739259053 -0.01896905653474657 0.9997231941741495 -0.01391797127519929 -0.7717480316074307 0.008842306340717457 0.014087675705276949 0.9998616659377445 32.794371758502784
0.9997864411264809 0.01815323226384 -0.009875844167478238 -0.4745730262159687 -0.018268664928343902 0.9997643447166787 -0.011726504806018416 -0.8010208390483415 0.009660642907236222 0.01190441899484192 0.9998824714870322 33.845626181367464
0.9997924032082379 0.01762734790500888 -0.010218957526626351 -0.4872038233853707 -0.01771320549622968 0.999808048657157 -0.008373063442737484 -0.8267118991937707 0.010069401081670813 0.008552335716255922 0.9999127285496743 34.93368967463004
0.9997849639632889 0.017874936367917073 -0.01051249174873666 -0.500934321830031 -0.017936565049657033 0.9998223176662872 -0.005797648715929 -0.8508604349178828 0.01040699126278884 0.005984960004612073 0.9999279347966038 36.01768196574271
0.9997833812994306 0.0177464772068866 -0.010874420638459633 -0.5107248866548675 -0.01780461937911109 0.9998275784953583 -0.005273405813430356 -0.8753313350210122 0.01077896127842034 0.005465878415551591 0.9999269664165009 37.11678862730248
0.9997856945362718 0.017127921938448934 -0.011627522981888783 -0.5203554499680826 -0.01720375488189384 0.9998311776373598 -0.006453451964163578 -0.9009304413502912 0.011515025774511606 0.006652106009411745 0.9999115729238528 38.20451980640082
0.9997701007508161 0.017627475822011046 -0.01220728228750178 -0.5299015900627986 -0.017713019455788293 0.9998190590263613 -0.00693528293584824 -0.9249237096742725 0.012082821957688727 0.007149916348169223 0.9999014371975643 39.29203118955375
0.9997656723896219 0.01737364176025288 -0.012913438090337593 -0.5437606943088193 -0.017448595847921106 0.9998314311948224 -0.0057145164142643435 -0.9519765174274196 0.01281197932649346 0.005938498707533966 0.9999002887382519 40.39536325340587
0.9997545092849182 0.017102414527729825 -0.014086468038278505 -0.5585155950680768 -0.017158556308627924 0.9998452747686848 -0.0038743345411821747 -0.979614610707014 0.01401802803091047 0.004115086883049675 0.9998932747798992 41.486472699378695
0.9997467678297781 0.01708875772116185 -0.014641535898204465 -0.5754854699791906 -0.017117469305193422 0.9998517962232806 -0.0018378883712409709 -1.0039259067561601 0.014607958738192702 0.0020880490000984874 0.9998911178687797 42.56940757272435
0.9997402290687417 0.017512864265839614 -0.014586773693497042 -0.5904383823824021 -0.017539683865748286 0.9998447009845073 -0.0017127180417528963 -1.025172006082775 0.014554513783312358 0.0019681205265973476 0.9998921404982268 43.63921260129431
0.9996879701773529 0.018868010574133294 -0.016369497843781368 -0.6104707609965889 -0.018962404067342384 0.9998043432604956 -0.005630491047461388 -1.0525282735817085 0.01626005887658487 0.005939139198831699 0.9998501573290413 44.732072412729835
0.9996630030135665 0.020304525385687448 -0.01617425901732195 -0.6331138924836127 -0.02046868167669584 0.9997399898792936 -0.010049164471114723 -1.0862638218110048 0.015966010031173827 0.010376843692153774 0.9998186873822047 45.82419187670472
0.9996391070718282 0.021097198392450264 -0.016630208436068623 -0.6517197114308435 -0.0212698956036287 0.9997209487156136 -0.010276976216955143 -1.1173799585178135 0.01640875234892133 0.010626990126217218 0.9998088917024148 46.9132490767436
0.9996244827435269 0.021379035758255914 -0.01714147980143253 -0.6725889532336093 -0.021510770896168235 0.9997401992106639 -0.007537958455325208 -1.146125846800033 0.01697587214808909 0.007903854266676563 0.9998246590540487 47.990010164216514
0.9996219761394551 0.02176395181757611 -0.016799857747392 -0.6918586098869338 -0.021856418359404987 0.9997468578763912 -0.005340144453192971 -1.171419256808568 0.016679382349147318 0.0057053104704763895 0.9998446117456894 49.06266542600462
0.9996724879398731 0.02040012547280785 -0.015451593341718002 -0.708493677568536 -0.020469681668200672 0.9997809810479691 -0.004356841420366175 -1.1985329813633943 0.015359329038296501 0.004671703699228391 0.9998711247936115 50.145245897068634
0.9996821327915467 0.020541290469477395 -0.014618097112571733 -0.7276435391760953 -0.020615210442012442 0.9997753577539061 -0.004924137130472498 -1.2272865435135654 0.014513665139294177 0.0052239270569862245 0.9998810249776366 51.23601377850001
0.9996831347191937 0.021037080325968 -0.013822858219804588 -0.74198023998136 -0.021132134361210107 0.9997537908585205 -0.0067668723467016415 -1.2506555594263953 0.013677099668636367 0.007056834656952183 0.9998815620008602 52.31136405070327
0.9997115763629825 0.02032431826111239 -0.012793989724138376 -0.7564203703900817 -0.02043790334780013 0.9997523007276623 -0.008810748917711456 -1.2823748523357024 0.012611748197071093 0.009069690014878442 0.9998793349852018 53.35739318072981
0.9997469689585201 0.018625857266462844 -0.012612513601213243 -0.7701044340110431 -0.01876726500199515 0.9997612837984763 -0.011187724610762038 -1.3135133173478464 0.01240112182813815 0.011421596154247222 0.9998578695588162 54.429395117887125
0.9997841820748369 0.017080445024256784 -0.011825720727393131 -0.783093387739167 -0.01724972113914545 0.9997480389590329 -0.014363346343684927 -1.3436469181267965 0.0115774087589008 0.014564236860895583 0.9998269083251815 55.48834521902733
0.999818263702594 0.01569235581027457 -0.01082541157894693 -0.7963151830002834 -0.01586368075253853 0.9997473188095429 -0.015926147246285032 -1.3772192893799067 0.010572757431786444 0.016094983760555806 0.9998145669563122 56.54419052514892
0.9998426919322692 0.014486910589113304 -0.010233318680466317 -0.8074152171410612 -0.014629469892736974 0.999795021629 -0.013996190071717915 -1.4085514854514791 0.010028459517316058 0.014143696385640817 0.9998496816283248 57.592075119353524
0.9998736468389348 0.012566614547697945 -0.009735016991154748 -0.819769500694284 -0.012644132696843079 0.9998885141480083 -0.007942618159751294 -1.4375815113572294 0.009634119853578194 0.008064705431481859 0.9999210690154259 58.7120137664087
0.9998952412744411 0.010757270268854 -0.009684400502328291 -0.8313634540160056 -0.010776038214466621 0.9999401546937119 -0.0018878642733060856 -1.4605164385693092 0.009663512670195145 0.001992025972948063 0.9999513229929734 59.82403180249837
0.9999079805387328 0.009486737014664024 -0.00969702406758199 -0.8403117565876893 -0.009496682170023142 0.9999544252199513 -0.0009800565275042698 -1.4778295596527582 0.009687284589307047 0.0010720558987954748 0.9999525024787114 60.89212534185931
0.9999277516866172 0.006424410639071143 -0.010159643442914559 -0.8483120589909644 -0.006462189309866567 0.9999723114080956 -0.0036900577871706577 -1.4959763855956552 0.010135655690186691 0.0037554447259680987 0.9999415808529224 61.97673248731729
0.9999413706535124 0.00443546449133008 -0.009878355648643183 -0.8554335545347087 -0.004502342392969898 0.9999670270881919 -0.0067582282721610435 -1.5168444088848725 0.009848054048968099 0.006802307781063747 0.9999283696546978 63.07292488365041
0.999931834691598 0.006978561154329761 -0.00936085757344487 -0.8697181403319242 -0.007075128674419533 0.9999216864598113 -0.010322959924655562 -1.5459080168686996 0.009288085084421185 0.010388485528743711 0.9999029007078065 64.14908629962846
0.9999385719351107 0.007264410795397108 -0.00837142115575231 -0.8799854984307295 -0.007388131297470406 0.9998625262223249 -0.014843994483989324 -1.5721727120015803 0.008262437431085208 0.01490493180477807 0.9998547770229405 65.17167768680193
0.9999166969192361 0.010138529967223982 -0.00798808063479871 -0.8872947085429841 -0.0102606883754424 0.9998287186567034 -0.015402974497000529 -1.6013037522683797 0.007830548907094989 0.015483654587883583 0.9998494581407836 66.24000878111815
0.9998659911241563 0.014556089950987847 -0.0074913308995993265 -0.9025237808673023 -0.014638671708558771 0.9998313522394957 -0.01108947111223654 -1.6335179659429662 0.0073286481644013095 0.0111976481583785 0.9999104477861033 67.2756508066767
0.9998284663770162 0.01705294300931811 -0.007227375519851234 -0.9126999815842646 -0.01711914137214893 0.9998111416424428 -0.009198698077122234 -1.6625693926627392 0.007069145695512011 0.009320846654388266 0.9999315721572066 68.31486728596153
0.9998476647966765 0.015616675059799067 -0.007795297345812116 -0.9198817657264665 -0.01568144270443455 0.9998424412632708 -0.008317752305088714 -1.6881372067227103 0.007664173493633412 0.008438726727292503 0.9999350220568751 69.39158105216752
0.9998659053672736 0.014409487795469312 -0.0077806134433442975 -0.9270301258838086 -0.014466574652355978 0.9998684763441014 -0.007331318513848408 -1.7147930441381727 0.007673949563969092 0.007442894248604151 0.9999428552788883 70.4442506304658
0.9998659245347092 0.013912174497584268 -0.008636223428096817 -0.9353375709617048 -0.01396344929637587 0.9998850667001029 -0.0059055460269711165 -1.7395412616694739 0.008553071851608834 0.0060253457060901496 0.9999452685877489 71.45766293618072
0.9998812678748921 0.012738194432481257 -0.008671133460998418 -0.9441267233225275 -0.012769579818700378 0.9999120789094496 -0.0035738329891933903 -1.765558480263298 0.008624846906002653 0.0036841353912566138 0.9999560186139532 72.50604756944384
0.9998974286590686 0.011535286615390663 -0.00848936532864837 -0.9536077060442228 -0.011552699899132633 0.9999312551583285 -0.002005014346180384 -1.7912813140361659 0.008465653313421796 0.0021028837791462716 0.9999619545731679 73.57808749897565
0.9999071929033321 0.010780620154578084 -0.008329694427819468 -0.9614798481808557 -0.010808805150392835 0.9999359846252638 -0.0033460996283666065 -1.813374619136622 0.008293088170216434 0.003435823130607539 0.9999597090923303 74.65952066852527
0.9998967835037931 0.011265541548143299 -0.008916833092279449 -0.9719436758660255 -0.011330345417667422 0.9999095208881771 -0.007250745471361846 -1.8424730888478145 0.008834342730778344 0.007351027873786614 0.9999339562079667 75.74831908103734
0.999892675136329 0.011063184853473408 -0.009604381792351683 -0.9819172942737808 -0.011154329481612007 0.999892766272151 -0.009488777078176379 -1.8715345074769163 0.009498375783839136 0.009594889135449145 0.9999088553262989 76.80027897180132
0.9998746151341653 0.012507591056492363 -0.00971154860298363 -0.9956932706979925 -0.012578913848575504 0.9998941025434853 -0.007318102564612707 -1.904613486609608 0.009618988340500113 0.00743934571851766 0.9999260628659439 77.86685409080022
0.9998499782727839 0.014223600642743197 -0.009884843583445917 -1.0102314046511005 -0.0142533848771432 0.9998940659188245 -0.002949230384983921 -1.9348645314064647 0.009841847766423887 0.003089680416392809 0.9999467945383239 78.94883642163738
0.9998275975165869 0.015608090845060787 -0.010057969197711021 -1.024095089045776 -0.015597328556086077 0.9998776957165538 0.001147584622578956 -1.961372185855127 0.010074650670036982 -0.0009905093259564243 0.9999487588397487 80.00926705752364
0.9998195594366075 0.01574739778902187 -0.010623936693256592 -1.0377666456560288 -0.01572777333407059 0.9998744516689725 0.0019282234367218106 -1.9817763595974165 0.010652967377219987 -0.0017607846387715084 0.9999417052626206 81.0525325625294
0.9998150066386912 0.015627968338403086 -0.011212453152079456 -1.0511056118365394 -0.01563228002654885 0.9998777643348652 -0.00029700148380315387 -2.000504998604527 0.011206441060625289 0.0004722227479582008 0.9999370943636569 82.09832044189046
0.999813065731514 0.015216632602092103 -0.011928440166438483 -1.0659651314941254 -0.015232379058172789 0.9998832236369455 -0.001230332319443061 -2.020919659346491 0.011908325691695493 0.0014118008503588406 0.9999280967137493 83.13187772540425
0.999822596893408 0.014116781679997208 -0.012469611714919417 -1.0804106757428376 -0.014134346951647328 0.9998992316768253 -0.001321638506996204 -2.042352923154071 0.012449697890793128 0.0014976538625502537 0.9999213779369542 84.11728754496215
0.9998310789865493 0.01328969133280255 -0.012696361560358123 -1.0958224009087767 -0.01330538274894997 0.9999108156045019 -0.0011522269925451035 -2.06414397445756 0.012679916501951091 0.0013209623072734033 0.9999187340859694 85.15423398447926
0.999847123467721 0.011949756762041268 -0.012764521403159253 -1.1104185624533447 -0.011948400712571344 0.9999285986590664 0.00018249418109464303 -2.0808557175649334 0.012765790760289263 -2.9950665387952794e-05 0.9999185135245888 86.16158855768133
0.9998217523660464 0.013349947010375169 -0.013350745691084022 -1.127967130231254 -0.013312465968588531 0.9999072019577803 0.00289235592489402 -2.1044947730792902 0.013388119566354202 -0.0027141090216260414 0.9999066915801178 87.20809454480496
0.9998106829820846 0.012592015235354295 -0.014833723309063875 -1.1467341483332834 -0.012541177826678547 0.9999151774982459 0.003515205167459785 -2.1209045098973935 0.01487672859256653 -0.0033285073174494266 0.999883795240938 88.18446381626153
0.9997781779313436 0.01182772955938142 -0.017426983265967567 -1.1679271992748228 -0.01176099446578902 0.9999231261252698 0.0039269388895004234 -2.1422388897675866 0.017472090357420294 -0.0037211091540460483 0.9998404269708275 89.1532780528416
0.9997063349259817 0.011445514386729002 -0.0213598714716138 -1.192777921622652 -0.011381712355901057 0.9999304016767913 0.003106191612998601 -2.1659688361755625 0.021393936821169957 -0.0028621675199597507 0.9997670265938863 90.14726327241677
0.9996348738354596 0.011156765298018179 -0.024609867940506906 -1.2203651500415984 -0.011094567544249968 0.9999349088556035 0.00266244679574472 -2.1890526613884704 0.02463797035005782 -0.002388438824636892 0.9996935859437188 91.03403822514076
0.9995614413395715 0.01156648746186987 -0.027260619122686878 -1.2510808973695247 -0.011482326215240583 0.999928820907287 0.003241805615336337 -2.2135533598897 0.02729617504055457 -0.002927368571812211 0.9996231036452694 91.8843779203259
0.999473797702088 0.01222393468853948 -0.030045018350726874 -1.2823361156516437 -0.012087327892036929 0.9999157858193151 0.00472416910895377 -2.2368200802653404 0.03010023606876831 -0.004358519251985436 0.9995373825418113 92.71839992892002
0.9993405726589765 0.012926276335950337 -0.03393127197314212 -1.3180947222138146 -0.01273569790995146 0.9999019207068214 0.005826745708731085 -2.2597609584717273 0.03400326214314075 -0.005390764963751241 0.999407183192482 93.50089969962994
0.9992484333602116 0.014126177153878268 -0.03609736203906847 -1.3568269915492386 -0.013872693788272617 0.9998773905841758 0.007263068610069907 -2.2811844602909805 0.03619553555646272 -0.0067568422798677 0.9993218842235901 94.34310948843675
0.9991319712787546 0.016019807617549453 -0.038453474908336865 -1.3940393127976711 -0.015722078777990214 0.9998441351116792 0.008032541420698874 -2.295712670920512 0.03857616113000435 -0.007421000382244803 0.9992281063630063 95.0944144465825
0.9989859372465252 0.017173394321928326 -0.041619367019989605 -1.4361110999362432 -0.016825746978347045 0.9998206817805975 0.008688988571759239 -2.3159452934502553 0.04176112333620451 -0.007979900453205976 0.9990957560546716 95.90149150666588
0.9988680487493476 0.019706419784862497 -0.04329293483852595 -1.4784754757795928 -0.019392780166866276 0.9997826544478227 0.007652708191438302 -2.3316029877918476 0.04343433279180968 -0.006804475330728157 0.9990331114885054 96.60426149039986
0.9987473428785096 0.021210087243849624 -0.045319722993680894 -1.5184026176609104 -0.021027370522982716 0.9997687519198992 0.00450470569675216 -2.3505062369257868 0.04540478809558394 -0.003546108237693863 0.9989623768362661 97.3052760794024
0.9986042875318762 0.023260286380579 -0.04741767603379679 -1.5603268122546665 -0.02322565658314211 0.9997294270693957 0.0012812212056615576 -2.370241176717654 0.047434647666390495 -0.0001781263297187586 0.9988743276667873 97.9926010296168
0.9985138165404291 0.02510664649063343 -0.048371628873334065 -1.6030571482877012 -0.02518841508399188 0.9996821365206059 -0.001081511512341364 -2.3937267435689824 0.04832910017186058 0.002298308854170716 0.9988288220976552 98.6746845691919
0.9984556779344055 0.026852152351714346 -0.04863353898932644 -1.643230059207256 -0.026974605703112737 0.9996343827486668 -0.001863189161607683 -2.416266307334674 0.04856572708925105 0.003172182335657061 0.9988149515358298 99.33547047679794
0.998433430904971 0.029894433397111612 -0.04729700733865925 -1.6818708008963041 -0.029985321590310667 0.9995496029463888 -0.0012131524390479559 -2.440163409148402 0.04723943840111967 0.0026294679272383494 0.9988801336286386 99.91831596645044
0.9983799774951233 0.034394133847791324 -0.045326196550079634 -1.7184600058239883 -0.034411969171503826 0.9994076578825096 0.00038696709728290785 -2.4615298124489087 0.04531265733297605 0.0011734234764661817 0.998972164858846 100.44741465473962
0.9985699372909982 0.036535435723343654 -0.03902873653036514 -1.7490688938209116 -0.03650603488247224 0.9993323573317173 0.001465949177542017 -2.4859179122733104 0.039056238372518114 -3.9068361093613736e-05 0.9992370132845622 101.05283404402232
0.9987152408426071 0.03746605228949576 -0.0341198275865116 -1.7702818955053197 -0.03737115784828491 0.9992956193117963 0.0034149356261389706 -2.501284232511302 0.03422373839560903 -0.002135450793829613 0.9994119148680067 101.55193408346844
0.998959821839346 0.037466728248838545 -0.02599074114043604 -1.7810736185621057 -0.037328984699056954 0.9992864013343367 0.005764981318932674 -2.5177593040639574 0.02618818917067471 -0.00478877673291968 0.9996455603689556 102.05464629244682
0.9991586386750183 0.03744383980521709 -0.016732412310385643 -1.7849938969324821 -0.037332783818243793 0.9992790593595686 0.006901070774525858 -2.533871848378294 0.016978751822904443 -0.006270596948933888 0.9998361873829335 102.53631981569058
0.9993048852290725 0.03697252701904041 -0.004772693488583347 -1.7785929811994408 -0.03693871753711422 0.9992931015158315 0.006987732792716886 -2.5497086902396906 0.0050276738182714106 -0.006806578339771395 0.9999641958526724 102.99725310043074
0.999292198627239 0.036783065674352064 0.007880852893854755 -1.7689330552373044 -0.036831120167239675 0.999303240031384 0.006041775401601332 -2.5680266559068277 -0.007653126809653007 -0.006327759664632093 0.9999506933382575 103.4774311249483
0.9990195018062512 0.03636066346931635 0.025257417976908152 -1.7483314935049095 -0.03644560752034789 0.9993313988750165 0.002910827197604031 -2.5845919952336818 -0.02513469123068524 -0.003828495079358261 0.9996767427134461 103.9360067053965
0.9983042925844828 0.03556871008659169 0.04608043261700766 -1.7170177675400315 -0.0355312423082927 0.9993672332034284 -0.0016321823896310508 -2.602580307923558 -0.04610932907150124 -7.880331136396555e-06 0.9989363992319412 104.36423456139597
0.9970519572965592 0.032948596427452195 0.06929490922542866 -1.673693009333892 -0.03264407652203619 0.9994517819122098 -0.005522671503091286 -2.6210984285037617 -0.06943888477735632 0.003244322112320635 0.9975809318821749 104.73810752493166
0.9950192662767406 0.02993566702427932 0.09508162586907765 -1.613555073320611 -0.029276074638066422 0.9995366969119457 -0.008324841148194118 -2.6382095217738373 -0.09528678393083773 0.00549976055549469 0.995434669600145 105.12047394965712
0.9918943123803197 0.026827863724824035 0.12420120287474752 -1.5367304713678858 -0.025759963849443526 0.9996161552407573 -0.010196393684069728 -2.6553626979544163 -0.12442707635417341 0.006914326405908467 0.9922046637464998 105.48430429677639
0.9876722340298896 0.024429992133581217 0.15461802485725684 -1.4525592708747443 -0.022805696579947035 0.9996646108914558 -0.012270531151366466 -2.672303475035765 -0.154865936635238 0.008593091154318151 0.987898122507834 105.82874839331592
0.9825382080091234 0.021425381914923682 0.18482322043514796 -1.3516682362649814 -0.019236548305313458 0.9997220768513624 -0.01362806902296856 -2.690146832209893 -0.18506384036736354 0.009834737708607844 0.9826772882908638 106.19258531952042
0.9754613097697878 0.018253688906837602 0.21941293485914076 -1.2339911121368856 -0.015409254448425214 0.9997736715586008 -0.014668351494896793 -2.710099617201042 -0.21963102699653547 0.010927419618855396 0.9755218108688909 106.55243907437871
0.9666795306558319 0.015484620878933647 0.2555208631937034 -1.101965809778905 -0.011853980962800695 0.9998058048825413 -0.015742797035678883 -2.7290916963137155 -0.25571501353333403 0.012189300201763516 0.966675360611947 106.89804759830082
0.9556434782559993 0.015038594062602675 0.2941417739040054 -0.9521251810095444 -0.01049857866173267 0.9998002380784238 -0.01700775659544769 -2.7484945914340217 -0.2943387883253893 0.013165281119172246 0.9556104609411697 107.25285932965866
0.9417332679261126 0.016492844876722725 0.33595600627028005 -0.7877673774135456 -0.01137272952684071 0.9997873460922708 -0.017202430551603774 -2.768706419441509 -0.3361682809313121 0.012379364347404316 0.9417205733305611 107.62940400503723
0.9246003529966564 0.015072988171896696 0.38064023994584134 -0.6095719770332741 -0.009297365236173603 0.9998121311802449 -0.017007684865412157 -2.78296287339807 -0.3808250861460195 0.012186360095854719 0.9245667884958291 107.96325489398212
0.9049405182105602 0.013663061024435121 0.42531867965590814 -0.4055740636977244 -0.007281423475861678 0.9998352568506114 -0.016626485817401525 -2.797812569345177 -0.4254757800074733 0.011949055272850836 0.9048909219928769 108.31093481296764
0.8824971252422091 0.013047086119488021 0.4701367859283369 -0.19381111656435573 -0.005839411359748805 0.999842051640121 -0.016786096837681216 -2.813792436967561 -0.47028153824513264 0.01206836011490528 0.8824339235715777 108.62593230874337
0.8582725941080863 0.013873460810910631 0.5130065119353786 0.025905150985658182 -0.004883986493229391 0.9998100683008461 -0.018867273257950554 -2.827729953755087 -0.5131708301130433 0.01368774668761623 0.8581773387311655 108.91876813513913
0.8319687720664194 0.014234831507132067 0.554639821756658 0.2954275912536706 -0.0019446715283017305 0.999739492378208 -0.02274127595383831 -2.841546361368502 -0.554819052087202 0.017841439160705925 0.8317797199317458 109.26043631041067
0.8040322586411438 0.017386715682188306 0.5943314135919513 0.5932300125138312 -0.0021739474051251746 0.9996516508041502 -0.02630306060548411 -2.858651847619807 -0.5945817025582778 0.01985646399343968 0.8037899724558504 109.60740504671458
0.7712464059174325 0.021789475143191454 0.6361636582927591 0.8550456239310877 -0.0033176937971550265 0.9995379658406233 -0.030213370402125097 -2.868049528249243 -0.6365280624350436 0.02119135711019778 0.7709623545391288 109.88378488907253
0.7355846236027965 0.02565463487985973 0.6769468969042642 1.1150805474325538 -0.004933370612028019 0.9994590279661701 -0.032516353905708055 -2.878591858688417 -0.677414882751727 0.02057890002157452 0.7353132567146915 110.10624805997661
0.699127498680193 0.025952070520303776 0.7145258782051812 1.4070166122359506 -0.0036240989491651008 0.9994568417110609 -0.032754960902991355 -2.8972302147908104 -0.7149878366070174 0.020310381401121184 0.6988418146557615 110.35298120579262
0.6604407687204283 0.02200664509880452 0.7505555932663911 1.72241457102031 0.000886728604892237 0.9995468768234379 -0.030087451618415043 -2.911118504015118 -0.7508776230014783 0.020536518789815893 0.6601219937796685 110.583270878048
0.6186385772055526 0.01974161969547503 0.7854276409987669 2.038110112247447 0.0025123797967623444 0.9996294505683146 -0.02710441853728804 -2.9207172269900674 -0.7856716863555957 0.018741131456955686 0.6183597425858728 110.78090812216178
0.575610655191877 0.01903697674304529 0.8175022734806686 2.3756683485949264 0.002533354101407141 0.9996826606040998 -0.0250631243962827 -2.931901251973821 -0.817719973919296 0.016497624192331715 0.575379763851175 110.96462684225038
0.5300047307731675 0.01668188576668529 0.8478305845187049 2.6960765863737115 0.0027101516721013607 0.9997680561937626 -0.02136560068096043 -2.942665120870598 -0.8479903539757842 0.01362161891301147 0.5298365890179841 111.12298755878668
0.48281973052884064 0.012890986413428278 0.8756248798894111 3.0395873911417426 0.00469521757028518 0.9998391703987146 -0.017308618326602118 -2.9529295905613355 -0.8757071786527872 0.012468191757312192 0.4826815528381807 111.25890872425393
0.43517272100348936 0.011972143171701524 0.9002673884365104 3.4211277356984864 0.0009579521477839298 0.9999048647880544 -0.013760221686558832 -2.9686285358425852 -0.9003464806518107 0.006850486191283599 0.43511985201417913 111.41690146401471
0.38760008091528925 0.016137132888671323 0.9216863730231634 3.8203779026461016 -0.0013683412796562744 0.9998557357227282 -0.01693030963988363 -2.9801393783858705 -0.9218266132611941 0.0053010078752355125 0.38756624517481264 111.55761316028634
0.3374290054178971 0.019539989979783186 0.9411481578870979 4.232342630339686 -0.0004009468819904399 0.999787434724448 -0.020613699539473337 -2.990121231034678 -0.94135089395203 0.006578309714191956 0.3373651142264379 111.66254986731482
0.29265813028250504 0.0204362946189191 0.9559987325524005 4.633416080244624 6.397088772697819e-05 0.9997711715571749 -0.021391597203522593 -3.004328044551686 -0.956217137833909 0.00632158092892661 0.29258985445036395 111.75845749657506
0.2524562556243122 0.019687596624217492 0.9674079995200129 5.062254989196271 0.007077350102540219 0.9997286704025186 -0.022192266462373433 -3.0171708858572575 -0.9675824254871918 0.012449261599508977 0.252248420756105 111.8361351134779
0.21936416502445288 0.019920516859537624 0.975439662978276 5.495792185164712 0.015141384023042222 0.9996016160303478 -0.023819062101230495 -3.0265482840215037 -0.975525551481349 0.019994555197962966 0.21897514966188347 111.89510978036834
0.1911144729348494 0.021016347644878502 0.9813427389890361 5.935712137149332 0.020582222909900274 0.9994651377906703 -0.025412800734318133 -3.0393675369304844 -0.9813519400984138 0.025054969023021983 0.19057968987364193 111.94831907515015
0.16285587495249357 0.019241023943483787 0.9864622379954862 6.431960179714414 0.01981715844265878 0.9995443494292974 -0.02276782280367153 -3.05618697535075 -0.986450832137474 0.023256752171511574 0.16240036716004239 112.016242570289
0.13489701889596262 0.015662327486201826 0.9907358304768715 6.908387592219269 0.014815816708990287 0.9997314008205823 -0.017821834601403658 -3.0718137645493258 -0.9907488510557185 0.01708267283036086 0.1346287354941097 112.0724520428928
0.10958745772199158 0.011890691037950481 0.993906032065743 7.430724494586653 0.009871251547104937 0.9998661138539549 -0.013050393077679988 -3.088503907849299 -0.99392814000959 0.011241255856361506 0.10945540947731794 112.12541529041607
0.09066262368839795 0.00934919433397776 0.9958377785720125 7.890924944647253 0.013434863204856656 0.9998534551672921 -0.010610025480310852 -3.1068971258199083 -0.9957910388814518 0.014340877076789046 0.09052373240242419 112.15318400460755
0.07005398064765932 0.009425871878982769 0.997498668036573 8.398530290142986 0.019620666623237047 0.9997488919289242 -0.010825087904778635 -3.121922523387012 -0.9973502239618115 0.02032992932125916 0.06985144763793696 112.16403525278156
0.051625686162499136 0.011452004973024411 0.9986008412325458 8.896994244315565 0.024078239523749365 0.9996292962656382 -0.012708596653443309 -3.1338119066977654 -0.9983761950836401 0.02470064026621129 0.05133080420908219 112.16677181876365
0.03683048498430607 0.01709122912860403 0.9991753626179408 9.407046555670275 0.02504562957165991 0.9995238775628768 -0.018020394585814378 -3.1379703150514198 -0.9990076235020324 0.02568867588146201 0.03638488857035566 112.17730787939747
0.026088498554995482 0.022466251411695892 0.9994071531616391 10.02116373814407 0.022931521480429682 0.9994709058609251 -0.023066288390898346 -3.1526833861042998 -0.999396585728477 0.02351969143177625 0.02555950995648086 112.19271410457262
0.01951385205448137 0.02254043384895637 0.9995554704066683 10.63159696280324 0.02472197002438926 0.9994292838910989 -0.023020223696486666 -3.166483140231875 -0.9995038938273865 0.025160193616582255 0.01894547125481666 112.20120760168278
0.017985421652818197 0.01863737776074187 0.9996645301090626 11.263474481629117 0.030162119314129137 0.9993610907327963 -0.019174381028693923 -3.1758547495763145 -0.9993831953592421 0.030496860158985235 0.017411787788527776 112.20457849312727
0.017642181505665506 0.01709983928369709 0.999698128901016 11.926154267782342 0.032052123441336525 0.9993301829442671 -0.017659185696882167 -3.1909087231541178 -0.999330483280992 0.03235399439091516 0.01708227831204472 112.21573845564514
0.019264046192424448 0.016816976874272437 0.9996729894385993 12.602639996932307 0.03149251992333494 0.9993521995331041 -0.01741845220515487 -3.2030638967445513 -0.9993183265172181 0.03181777140459552 0.018721957955043524 112.23316617679451
0.020440309809169954 0.017134894624233742 0.9996442312748677 13.287359164180671 0.02832103244220199 0.99944197252593 -0.01771052441019318 -3.217059060339058 -0.9993898702990298 0.028672965310422804 0.019943625648171426 112.2509959531271
0.02193862719455423 0.018778395558345734 0.9995829472820513 14.038310462027193 0.027600658688464286 0.9994311222936506 -0.019381316539782326 -3.2300340558357448 -0.9993782568561215 0.028014347236847013 0.021407850712112587 112.26710138047447
0.022879518838545894 0.019583336328737398 0.9995464074048547 14.752604936700015 0.027358952412452914 0.9994214124054828 -0.020207131125449623 -3.2458865317050343 -0.9993638052984551 0.02780887203148537 0.02233050146608253 112.28138608779648
0.0242640931375768 0.019169286481943337 0.9995217817736558 15.528643687867039 0.02739314926141377 0.9994279805423364 -0.019832475453331992 -3.26759395280465 -0.9993302102697345 0.02786126638970833 0.023725106478345 112.30242656604635
0.02466305849893315 0.017616491263596153 0.9995405908621406 16.253488801816985 0.0267692354693503 0.9994745627697629 -0.01827584221248697 -3.2895828898019497 -0.9993373512372403 0.027207675603565996 0.02417851960700746 112.32501229566121
