0.9999976350384236 -0.0017705734549599871 -0.0012629280266088325 -0.004695381037890911 0.0017697033377434398 0.9999981961936406 -0.0006897532614140246 -0.013982211239635944 0.001264147007346358 0.0006875166222300448 0.9999989646260831 0.7222126126289368
0.9999930826682266 -0.00294010136759618 -0.002278249250165746 -0.0065511092739041895 0.0029352778306550756 0.9999934497848165 -0.0021176712489803587 -0.02724919799742686 0.0022844604952781617 0.002110969305829024 0.999995162512717 1.3149866133648884
0.9999845179742491 -0.0035649227050905553 -0.0042726031778901885 -0.01187526386038006 0.003551623868979962 0.9999888377572217 -0.003116140056948791 -0.042018285735411845 0.004283664284497479 0.0031009171333589098 0.9999860171688549 1.9534347079291372
0.9999679475704405 -0.005281689455365914 -0.006017274155154743 -0.02033464481592616 0.005250003769476324 0.9999723346939288 -0.005269469346527951 -0.05988449107717533 0.006044939386106454 0.005237709735236367 0.9999680120406589 2.637554591295087
0.9999428552194567 -0.007590781798167013 -0.007527703982880605 -0.02609906705975794 0.007535782932868991 0.9999449022029737 -0.007307840575328595 -0.07566971319628743 0.007582761446197589 0.007250695827184787 0.9999449630549031 3.2099228382893057
0.9999267755367096 -0.008648796552772384 -0.008464152819266324 -0.034271295981145984 0.008581488599138152 0.9999315246132433 -0.007956389762825766 -0.09369465869866891 0.008532386429481693 0.007883172129535754 0.9999325247130398 3.862120089730664
0.9999228635261768 -0.00873594242111684 -0.008828947141432755 -0.045981057998618256 0.008670628214744512 0.9999349603606094 -0.007409133214407169 -0.10631176361212331 0.008893098671045915 0.0073320091818059275 0.999933575012553 4.563889464618391
0.9999138783964239 -0.008671999371172877 -0.009850493242898398 -0.05737331313837208 0.008594666128598851 0.9999321259008461 -0.007866085783460616 -0.12502296883037348 0.009918039340511069 0.007780746642914346 0.9999205430819585 5.149436445717267
0.9999181621064965 -0.007342131111661228 -0.010476745692503725 -0.07102385675854836 0.007230568355031856 0.9999171762218094 -0.010647045499400995 -0.14959604711350216 0.010554049972850747 0.010570421341757355 0.9998884328873039 5.846491329223283
0.9999174500128291 -0.005063711548496759 -0.011808979007312932 -0.08848993824309637 0.0048939859938947495 0.9998849494710038 -0.014357462256955932 -0.1740368337779479 0.011880322425468883 0.014298484070766827 0.9998271907146481 6.511482403612566
0.9998998509154825 -0.0037820459091081715 -0.013637604919384337 -0.10334525887155176 0.0035323514962239794 0.9998265373414766 -0.01828709164027755 -0.1965808069673033 0.013704401924306723 0.018237087390649394 0.9997397651446116 7.158983559818682
0.999893742745602 -0.0022822662193868293 -0.014397724788856134 -0.12007245466143318 0.002017975166469153 0.9998296919420253 -0.018344342107103576 -0.21387274364100675 0.014437139412616004 0.018313338636599976 0.999728058340648 7.780682229513898
0.9999030135268846 0.0006335655171113672 -0.013912660945715983 -0.14325775853488726 -0.0007860908091888843 0.9999396248318478 -0.010960326289987651 -0.23727142106922497 0.013904876881678312 0.010970199901497384 0.9998431422543373 8.525552926688054
0.9998874913616188 -0.0008972896118364514 -0.014973292554452454 -0.1518002885125349 0.0008973144803968912 0.9999995974004918 -5.057392775632483e-06 -0.25215512992268374 0.014973291064158236 -8.378928453072962e-06 0.9998878939583686 9.36450057878607
0.9998799847000319 -0.0006022220608531554 -0.015480746908777175 -0.1692702814029318 0.000716275327648009 0.9999726366715453 0.00736293812361048 -0.268290902840344 0.015475889180244057 -0.00737314293544725 0.9998530560123995 10.085014587399122
0.9998613218480505 0.0012352204646333626 -0.01660756763265728 -0.19271695948281592 -0.0011202004781419139 0.9999753371050758 0.00693327718170009 -0.2813762631084264 0.016615722167823626 -0.006913711882430701 0.9998380460678863 10.822324726759069
0.9998704336627852 0.0026567859526463898 -0.01587631491865463 -0.21597730024673037 -0.0026607843962190526 0.9999964334882533 -0.00023073181411448554 -0.2906206399603286 0.01587564529054841 0.0002729453700434708 0.9998739367477454 11.55680749231215
0.9998574129949995 0.0015794500853502358 -0.016812466100338225 -0.22973948409501596 -0.0017043150251986464 0.9999710547087718 -0.007415190821623858 -0.29459733100257796 0.016800267534834584 0.007442787250358549 0.999831163711506 12.244966323616582
0.9998427418352661 -0.0008453369804602038 -0.017713751853482954 -0.24881208390766643 0.0007354938941958213 0.999980468368851 -0.006206603704490724 -0.30325223882200075 0.017718652546649956 0.006192599309051394 0.9998238350158136 13.03652594293996
0.999832965402853 -0.0005319834708468673 -0.018269052721036676 -0.2568361290855312 0.0005953037370700941 0.9999938344898766 0.003460721845747323 -0.31551873010934295 0.018267099036188044 -0.003471019420825546 0.9998271176143317 13.859730047723072
0.9998197751872667 -0.002248667464312671 -0.01885101162055091 -0.2735873125667689 0.002468905267061094 0.9999288791270495 0.011667955883718321 -0.32414016715043253 0.018823433567377704 -0.011712394390433612 0.9997542188790092 14.664406236004021
0.9998255332443705 -0.0036288089937032645 -0.018323067917162116 -0.290266882474078 0.003885074531128283 0.9998948702033402 0.013969779416037142 -0.321910897649102 0.01827044795557283 -0.014038528638442675 0.9997345199827656 15.604679678324931
0.9998168881048292 -0.005271297810259156 -0.0183957516772448 -0.30763301788349967 0.005516202134715015 0.9998964970313559 0.01328784175224353 -0.3217415444429913 0.01832380349120409 -0.013386883275029257 0.9997424816330439 16.43676695149521
0.9998184000633787 -0.006682030239322855 -0.017847054843480675 -0.3208440186571258 0.006882409863455389 0.9999137057883021 0.011189879855304235 -0.3226897095548624 0.017770743630384295 -0.011310678520120116 0.9997781099935316 17.293413737520655
0.9998435362974736 -0.0056910705528677346 -0.0167485712860764 -0.33611045301678316 0.005812276240487783 0.9999572092585005 0.007197019998263866 -0.326487908992183 0.01670689585371149 -0.00729324124881596 0.9998338303253298 18.18082243948849
0.9998423727022246 -0.007684152795729206 -0.01600573475342632 -0.3472880558410218 0.00770994897223654 0.9999690756838318 0.0015506008088810282 -0.3322405229790924 0.015993324733483673 -0.0016737597900776642 0.9998706976865234 19.0843952849353
0.9998330303200831 -0.010409427219389379 -0.015018498790621953 -0.34963802645178166 0.010347579300256076 0.9999376839583951 -0.00418996450408143 -0.34356047573666354 0.015061178027783536 0.0040338597998425645 0.9998784370569911 19.962751437185187
0.999846404889316 -0.010859765697755 -0.013756166577200234 -0.35820588498261097 0.010725889590225622 0.9998947578033404 -0.009768756824568908 -0.3587152221006024 0.013860805258285196 0.009619709267391398 0.9998576595051933 20.842040477201753
0.9998588888111962 -0.009646897830902623 -0.013752811620898897 -0.3638133880253591 0.00950593172882585 0.9999019872794537 -0.010278769214555368 -0.3761390553240345 0.013850621906857015 0.010146585476864402 0.9998525926735171 21.74589590134295
0.9998685427807289 -0.008492841674792419 -0.013811907827244839 -0.3736928408393576 0.008366412735706751 0.9999228092799433 -0.00918578356168179 -0.39670003815507965 0.013888855081582569 0.009069019902567685 0.9998624168267002 22.6771926628211
0.9998749039577385 -0.006942861274817736 -0.014211724484445793 -0.38056081068456266 0.006793430199966128 0.999921417480507 -0.010536041471632465 -0.41744783193073964 0.014283757965652732 0.010438177096237036 0.9998434971120663 23.603937970705182
0.9998959978825476 -0.00450193390851297 -0.013701314154040328 -0.39079004470270384 0.004328356140292682 0.9999103377267008 -0.012672089030546414 -0.4416709188293679 0.013757134570364402 0.012611466939205979 0.9998258309075909 24.537548503684484
0.9999123885348847 -0.0018978771615332619 -0.013100126592569756 -0.39829672255313037 0.0017237046864942336 0.9999101452927758 -0.013293990474421516 -0.46410974954928813 0.013124179845437225 0.013270245018837551 0.9998258130797208 25.46330448238994
0.9999120933882857 8.866942156692923e-05 -0.013258869996712979 -0.41352773673877335 -0.0002555059283906409 0.9999208127918233 -0.012581846544130288 -0.49219634852473887 0.013256704438759051 0.012584128236519412 0.9998329357967511 26.433596675057466
0.9999075778084722 -0.00026707041311105085 -0.013592811136348318 -0.4270076571084775 9.552626756467948e-05 0.9999203689510513 -0.012619295999599106 -0.5198900752996178 0.013595098967135157 0.012616831226093722 0.9998279796314394 27.42593366372394
0.9999057168283862 -0.0004784714149806469 -0.013723283827712622 -0.4381438422517194 0.0003091322304027862 0.9999238236021073 -0.01233902063397932 -0.5471485964784976 0.013728142306045587 0.012333614962641234 0.9998296955235818 28.415741145629806
0.9998970231773282 0.0009199757591878738 -0.014321197077057977 -0.45348862516747945 -0.001068456494891884 0.9999457245514068 -0.010363703588982073 -0.5734779915889757 0.014310885431584961 0.010377937943746982 0.9998437362719235 29.395617974675382
0.9998871335103914 0.0005484797283355237 -0.015013973836404943 -0.4713220275788185 -0.000678212389928142 0.999962469846132 -0.00863706704717452 -0.5973788122474316 0.01500867310346905 0.008646274874814303 0.9998499795781677 30.38078447786169
0.9998775370934413 0.0013326112914768477 -0.01559278561065116 -0.49176290890855556 -0.0014505797849596077 0.9999703954683017 -0.007556719212430432 -0.6191311861433922 0.015582253824186282 0.007578412374229654 0.9998498692462008 31.394137562016788
0.9998611177243397 0.001568165895791565 -0.01659174851415869 -0.5044281274834664 -0.0017092246315863569 0.9999624902159646 -0.008490978285513538 -0.6430256063956613 0.016577810898685912 0.008518158064368156 0.9998262934975243 32.39206892012455
0.999864178898485 0.0017060289794740976 -0.01639247451666178 -0.5200661056049021 -0.0018625003892059984 0.9999528082344415 -0.009534799229868135 -0.6615481134859869 0.01637543428304785 0.009564035193101348 0.9998201710222026 33.46941966010382
0.9998450308773225 0.001877702009585846 -0.01750395569833204 -0.5398700988622805 -0.0020346625887392358 0.9999578451946455 -0.008953657455538933 -0.6863093487505373 0.017486405521889237 0.008987884558912647 0.9998067030946929 34.52267713875733
0.9998223407263087 0.001030268463867399 -0.018820880198802785 -0.5620432762907958 -0.0011589288891011432 0.9999760281513222 -0.006826419745072844 -0.7049688783268631 0.01881339598252621 0.006847019030079737 0.9997995671443382 35.536309356481915
0.9998094751414255 0.0002544426058527334 -0.019517906557517666 -0.5817901118664732 -0.0003204950891327364 0.9999942325512352 -0.0033811458359372377 -0.7219515427709866 0.01951693368143434 0.0033867570368068737 0.9998037903391083 36.503754785934085
0.9997827381002037 -0.0007999375055538925 -0.020828746886146596 -0.6046821381758429 0.0007617690639054938 0.9999980163925485 -0.001840358351367031 -0.7342455339286174 0.020830177741757987 0.001824091816597535 0.9997813642913588 37.50212352339178
0.9997567927129197 -0.0010151654468387016 -0.022030089956516063 -0.625280412332946 0.0009854992352447656 0.9999985930767442 -0.001357437213761207 -0.7568770900552738 0.02203143698522584 0.001335396438334559 0.9997563865766089 38.59599962522509
0.9997401019032893 -0.001439504391264952 -0.022752065258102572 -0.644091830556913 0.0013721634005225455 0.9999946329308703 -0.002975109587244608 -0.7775368972866203 0.02275622582951082 0.00294311681069192 0.9997367114642908 39.68322222360021
0.9997314099055175 -0.0010594429592039117 -0.023151363435942166 -0.6628138044390383 0.0009761496471400341 0.999993011908165 -0.003608776344266173 -0.7952523110501277 0.023155024944777638 0.0035852078674381057 0.999725457865485 40.7620303305371
0.9997116071753074 -0.0012211757624889063 -0.023983561218508004 -0.6892707326922511 0.001157500235405956 0.9999957691917665 -0.0026686685393308898 -0.8176730954708084 0.023986718661998068 0.0026401379367163797 0.9997087910984402 41.868355363309625
0.9996994347271347 -0.00144971634962339 -0.024473220645304126 -0.7149258835188251 0.0014342585956916723 0.9999987607457606 -0.0006491603994836161 -0.8443378609812099 0.024474131415206338 0.00061386435733624 0.999700275113507 42.980787132094015
0.9996684159700948 -0.0008134510268137236 -0.02573706294955085 -0.7456830574318187 0.0008568245961326242 0.9999982313273095 0.0016742741306371093 -0.8630017831675638 0.02573565548909973 -0.0016957711166410798 0.9996673448687149 44.063010313612544
0.9996614564675634 0.0007870472574816872 -0.026006787763293696 -0.7776107210950269 -0.0007416903322362799 0.9999981873161033 0.0017536419129370242 -0.8852719626724023 0.026008120820266486 -0.0017337592457526184 0.9996602281426804 45.14041912586757
0.9996489551977933 0.0012100189629202284 -0.026467002589460244 -0.8113729392313778 -0.0012771247366680694 0.999996012559472 -0.002518693622392293 -0.9042691058288986 0.026463849386816576 0.002551611111800271 0.9996465145021843 46.20758682807339
0.9996488373559334 0.0024152777581122166 -0.02638879319488927 -0.8419983218608851 -0.0025917956601919975 0.9999744833509652 -0.006656969447612418 -0.9257389767723769 0.0263720414110716 0.006723026128299953 0.9996295895738034 47.25333110225918
0.9996585004020054 0.0032481522451105467 -0.025929367154001026 -0.8708595418746666 -0.0034289648629365183 0.9999700953060422 -0.006931860759849776 -0.9528899229128959 0.02590607600512185 0.007018404421076195 0.999639743720406 48.29027417614394
0.9996686804471391 0.0036707608075783695 -0.025476554872480177 -0.9026970096457466 -0.0037776796695605467 0.9999842536272681 -0.0041498956409249475 -0.9754464387875629 0.025460920434876962 0.004244762962749002 0.999666806249962 49.32424155901165
0.9996626778091817 0.004893136352182403 -0.02550662290496772 -0.9359271663804714 -0.004943095085885948 0.9999859854486306 -0.0018959739723558812 -0.9979710219790281 0.02549698818192381 0.0020214160806008986 0.9996728552234877 50.40908630825495
0.9996708133420595 0.003468139653253662 -0.025421191147778993 -0.9611007310294284 -0.003488472234100496 0.9999936298523422 -0.0007555237982677806 -1.0197503039008948 0.025418408948993974 0.0008439562093904389 0.9996765438002526 51.51845949475675
0.999687998090899 0.0033034943593861646 -0.024758703480383445 -0.9882660095928909 -0.0033409211626839433 0.9999933379889877 -0.001470450076738146 -1.043613585452705 0.02475368091409392 0.0015527081699252111 0.9996923748726616 52.605328121719275
0.9997033472794656 0.0024003611945624718 -0.024237485520763647 -1.013555208414439 -0.002487249400955849 0.9999905864634575 -0.003555358616137592 -1.061213115057582 0.02422872321545304 0.003614588580673847 0.999699906832416 53.63072192308868
0.999709035726315 0.00199775798197563 -0.02403857005332111 -1.0394407162812798 -0.002140809525020922 0.9999801456512512 -0.005926654864429181 -1.076413083252604 0.024026252761105985 0.0059763924193392114 0.9996934639737871 54.67403412165903
0.9997100902498378 0.0009384681527799912 -0.02405940003800947 -1.0683844028293732 -0.0011460956287139541 0.999962212297154 -0.008617449889221 -1.095052381533612 0.024050403686270937 0.008642525979689626 0.999673389076261 55.75185315173458
0.9997204757148791 0.0024741614883293577 -0.023512740404872487 -1.0964630208412416 -0.0027406709204292655 0.9999322927866777 -0.011309224787116021 -1.1210402912711122 0.02348316757431093 0.011370504268029364 0.9996595682898091 56.775121609856235
0.9997221090890044 0.0004266564355864572 -0.02356952614967958 -1.1248604153667243 -0.0007508576827287717 0.9999052103356229 -0.013747965537337377 -1.1474749144162453 0.023561426344233576 0.013761842462457624 0.9996276661240743 57.840557224489004
0.9997250075464623 -0.0003822005965295348 -0.02344702985308387 -1.154305939540335 0.00011215520785347609 0.9999336652492927 -0.01151748767424521 -1.1701409721902858 0.02344987649086333 0.011511690745544355 0.9996587339030967 58.8450034235
0.9997441420480203 -0.0010409098643228232 -0.022595728519426792 -1.1808414588678926 0.0009181434503349003 0.9999847660075064 -0.005442863724086286 -1.195762205470627 0.02260104982680868 0.005420725003975282 0.9997298676578376 59.89483013598952
0.9997426742397022 -0.0037326073315246283 -0.02237527534040341 -1.204875549824806 0.003765823322525593 0.9999918687890472 0.001442543064964272 -1.213191490886534 0.02236970895549914 -0.0015264331951981248 0.9997486014608606 60.98983266123286
0.9997337854280768 -0.004991344801024334 -0.02252653437009784 -1.2321104279418638 0.005051760390840988 0.9999837921438164 0.0026258649294923133 -1.2264987903251945 0.022513062666004408 -0.00273896454005794 0.9997427969646218 62.07770878070486
0.9997495217899384 -0.005740227798053641 -0.021632000961950486 -1.2583059019900498 0.005742178123451737 0.9999835131660266 2.8045167140083004e-05 -1.2374751720183097 0.02163148333309407 -0.00015225294512700212 0.9997660004960415 63.08582440670689
0.9997496004737256 -0.007245434499322362 -0.021171679941471414 -1.2835235942888639 0.007189888536648758 0.9999705112545755 -0.0026985411049879585 -1.2490499862215567 0.021190607718011303 0.0025456433726608646 0.9997722129787169 64.11737714187399
0.9997906846274771 -0.002982318342356565 -0.020240867309169467 -1.3134601501997352 0.002875991980402222 0.999981924276677 -0.005280131631388346 -1.2723752236812664 0.020256248474266488 0.005220813846611399 0.9997811898113147 65.1885782392148
0.9998026734377188 -0.002619551365489784 -0.019691422940863783 -1.3359234152551882 0.002431290987704466 0.999951170395788 -0.00957839486703788 -1.2941961682337002 0.01971555251382833 0.009528629216175394 0.9997602223605095 66.28515638075677
0.9998368527474782 0.0010469103851737179 -0.01803252247094671 -1.3558184221472545 -0.001221370820039542 0.9999525326638773 -0.009666471559939285 -1.3136538755451375 0.018021546585677332 0.009686918898420419 0.999790671821315 67.37276696836483
0.9998467365044377 0.000566384993391921 -0.017498077307722196 -1.3824504917531268 -0.0006751456571893576 0.999980488010467 -0.0062102960228728995 -1.3361887722397707 0.01749421846694902 0.006221157962099431 0.9998276098977472 68.41960076035551
0.9998439227489835 0.0014537167618985797 -0.017607295348897184 -1.4054205115415321 -0.0015252012459698594 0.9999906469721634 -0.004047187832932564 -1.3593040429762813 0.01760124720258235 0.004073410827785554 0.9998367883915567 69.50794712504185
0.9998411336539086 0.0008702425844658087 -0.017803093313053662 -1.4215690757817003 -0.0009346639797623445 0.9999930451412804 -0.003610550140314566 -1.3750854635901333 0.017799827440569422 0.0036266164554544598 0.9998349932844778 70.61681670576169
0.9998463918105412 -0.0004953798938309652 -0.017519913875495494 -1.4405265851641214 0.00045290286770914773 0.9999969489096232 -0.0024283843268208876 -1.395538263912015 0.01752106339342484 0.0024200764878649136 0.9998435655478097 71.71389323015839
0.9998343704472609 -0.002227571679885367 -0.01806293433368296 -1.4604959456633682 0.0022118820682369734 0.9999971590333271 -0.0008885398093509045 -1.4119317056004477 0.018064862303604236 0.0008484395603472862 0.9998364570769888 72.7612113982823
0.9998140288358548 -0.0034130905085370863 -0.01898047829217148 -1.481988319800906 0.003436859833350141 0.999993349988415 0.0012198251658289137 -1.4322607380640846 0.018976188698075356 -0.001284831556982895 0.9998191103746549 73.87503194354291
0.999797492231571 -0.00477032244498754 -0.019550410513215807 -1.5017522363640539 0.004827799364523202 0.9999841590354622 0.0028937918787109353 -1.4523788153242216 0.019536296495506002 -0.0029875913228271335 0.9998046846346184 74.97015938470517
0.9997795604147762 -0.005711865740786413 -0.020204087868518683 -1.5220515747641499 0.005743987130695866 0.9999823293756214 0.0015321711232045665 -1.471881827005145 0.020194979293923356 -0.0016478853927418802 0.9997947025690083 76.0600666800959
0.9997659532815958 -0.005638132775784204 -0.020886601392930703 -1.5442369455358655 0.005597076186863852 0.999982288677477 -0.0020236278105464924 -1.4946764302524997 0.02089764094588161 0.0019062502878172821 0.9997798031630458 77.15315487509493
0.999755367100448 -0.005111553587689293 -0.021519246589303653 -1.5688289479327293 0.005014243255275317 0.9999769697562676 -0.004573545851020841 -1.5194542861278306 0.021542128920512972 0.004464524274169054 0.9997579730637705 78.24160365651599
0.9997359818989421 -0.004143019960229313 -0.02260092657768175 -1.59645003923128 0.004083946116313405 0.9999881246555612 -0.002659310432195865 -1.5424536018336545 0.02261167576009499 0.0025663073597834334 0.999741029560084 79.30217256048809
0.9997182033909294 -0.00397131191354421 -0.023403899044816198 -1.624676184377395 0.004006063636819939 0.9999909415185416 0.0014381707132656543 -1.5635775434820693 0.023397975616543294 -0.00153152295055862 0.9997250567903662 80.39842689372284
0.9996996466408498 -0.004173238514357211 -0.024149546299353026 -1.6547291640651731 0.0043034462321313175 0.9999764699822622 0.005342268464152543 -1.5798976355472218 0.02412668349959155 -0.005444590169903464 0.9996940829979908 81.48989392303925
0.9996704423027123 -0.004419433281773445 -0.025287850754258937 -1.686914869964094 0.0045646892364828145 0.999973397604479 0.0056892614222529 -1.5958048475520412 0.02526203472557303 -0.005802817662511044 0.9996640220137468 82.64666286193777
0.9996438218458393 -0.005576088892463968 -0.026098595328280245 -1.71438447443861 0.0056759157601245416 0.9999768511902287 0.003752474378453344 -1.6122596551731103 0.026077067046160692 -0.003899271257596571 0.9996523306919917 83.71075540352872
0.9996126243478919 -0.006391472923998058 -0.027087826014359086 -1.7442003021229018 0.006485017644761787 0.9999733037585607 0.003366944659222101 -1.6268124182738977 0.02706558313558967 -0.0035413054165004607 0.9996273872626134 84.80347524002917
0.9995927851494388 -0.007016638722419638 -0.027659187591630274 -1.7743603022173071 0.007098380142491584 0.9999707213345501 0.0028582289996344655 -1.641016286969899 0.027638322607253726 -0.0030534005142973703 0.9996133251756691 85.8470885507086
0.9995285671530434 -0.008751354796298865 -0.02942885037196467 -1.8031735180718502 0.008849700457122568 0.9999556780133116 0.0032132243556260774 -1.6567155392128956 0.029399425960473975 -0.003472146046709543 0.9995617129297353 86.87677667936944
0.9994945259271417 -0.009203937517741663 -0.030429922376666228 -1.839343004735802 0.00935552940026038 0.9999445079261003 0.004843050492397178 -1.6713670622113939 0.030383658623037588 -0.0051252904893822485 0.9995251696110907 87.95031091103272
0.9994827179074159 -0.009019090640497052 -0.03086993048947965 -1.8742718937656229 0.009252481776207758 0.9999296206609272 0.007425988545466682 -1.6862040846428088 0.03080078222038766 -0.007707770683859064 0.9994958239461028 88.9703550791222
0.9994237464129219 -0.0099561919525766 -0.03245072183735054 -1.9116055427700076 0.010221036378063774 0.9999157153173085 0.008005790206835277 -1.6996869702605797 0.032368279554525994 -0.008332856849905155 0.9994412728997142 90.06881800694227
0.9993160078599016 -0.011014053973041523 -0.035301657893505936 -1.9469896092840175 0.01129732784134063 0.9999054873209612 0.00783497345744966 -1.7148535927001627 0.03521202661870615 -0.008228428799752644 0.9993459892053866 91.0182364681052
0.9991776823534301 -0.012382958037751858 -0.03860856688696822 -1.9901063609753051 0.012665800805593987 0.9998946496476757 0.0070899291891675514 -1.7276466886371606 0.038516705165203786 -0.007573107432862131 0.9992292587124483 92.07862457110593
0.9990422870545266 -0.012624808259343626 -0.0418941868673671 -2.031571140358383 0.012894299674612569 0.9998978369436706 0.006168687970082053 -1.7461140114054559 0.04181202832636024 -0.006702976337848541 0.999103009902108 92.97154180593266
0.9988765733465301 -0.013973525262112567 -0.04528058978464355 -2.0754326490814994 0.014260316111117121 0.9998802135745902 0.006016800349458754 -1.7656153079882477 0.0451910898729725 -0.006655756439604376 0.9989561883798065 93.87578135977573
0.9987418295699471 -0.013250731857434483 -0.048365028403992295 -2.1263747543861413 0.013617098088820142 0.9998809743483051 0.007253397543605772 -1.7853935655890616 0.04826315889906153 -0.007902862869144697 0.9988033901882578 94.75738833385982
0.9986011466987557 -0.011976744776717233 -0.05150055724441339 -2.179702807692658 0.012433290959816441 0.9998861176840621 0.008553650601034957 -1.805987394731079 0.05139224735152442 -0.009182006711466456 0.9986363340400308 95.6022553520522
0.9984480917217019 -0.01026231056707884 -0.05473657935163794 -2.2347087428847954 0.010827596339109267 0.9998909663938653 0.010040840675033039 -1.8201389830471284 0.05462756899964195 -0.010617923797471514 0.9984503434820492 96.44747640319179
0.9983282531619557 -0.00887190033425359 -0.05711381902008024 -2.292042759003852 0.009508792475477501 0.9998954987917994 0.01088918553239669 -1.83719278066982 0.057011242788223004 -0.011414065023457926 0.99830828771246 97.25393442806214
0.9982617847822036 -0.007351878674215179 -0.05847528472278303 -2.3482765461931603 0.00803883732567508 0.9999013135688745 0.011521294097999688 -1.848913405148346 0.058384810849246176 -0.011971340910728795 0.9982223704460336 98.07378269924375
0.9981746852368211 -0.0056424189173198535 -0.06012870247341289 -2.4004244826490284 0.00627048279339571 0.9999276860518763 0.010261759716543448 -1.8670937463295343 0.060066453182391795 -0.010620064769285367 0.9981378839751476 98.7734070994793
0.9980760339579261 -0.0031640181683473202 -0.06192107418196884 -2.462001682714069 0.0036256056013111984 0.9999664633631872 0.007343509579580236 -1.8807114239644724 0.06189576255966365 -0.007553882309912807 0.9980540333264564 99.60965783867583
0.9979252855239308 -0.0005144880130461496 -0.06438058569217542 -2.5196959000254924 0.0007787788697997894 0.9999913730860045 0.004080105028224024 -1.8954412579811946 0.0643779311212706 -0.004121778215020465 0.9979170771807109 100.35841172085823
0.997837433584861 0.0006117474597360653 -0.06572732994596281 -2.5806436797018084 -0.0005210137950101496 0.9999988876459354 0.001397587750127386 -1.9154998054472543 0.06572811180465601 -0.0013603205281857026 0.9978366423652004 101.15051813423507
0.9978478672175021 0.002072313037037346 -0.06553883892899572 -2.6306675803738773 -0.0020585995065450636 0.9999978427798164 0.0002767738922030106 -1.9335509870356233 0.06553927110943461 -0.00014126001655747765 0.9978499807025369 101.81765645356803
0.9979117680694123 0.0035069038364062164 -0.06449654854380826 -2.677238233045516 -0.0034608596871041077 0.999993670388708 0.0008256105306738066 -1.9471004129285527 0.06449903564246363 -0.000600672959588788 0.9979175885779293 102.45856792892837
0.9981102626834115 0.007100839580460796 -0.06103672339916226 -2.721555892033261 -0.006953373913185971 0.9999723715056792 0.002628082292027899 -1.9619260486435897 0.06105369863715633 -0.002198704746619487 0.9981320611923865 103.04055843773696
0.9983859632550951 0.008818609144365216 -0.05610437155834428 -2.756759636122638 -0.008597949001315532 0.9999543287922984 0.004173200512463989 -1.975852167179556 0.05613861102813828 -0.0036840822880834937 0.9984161877140852 103.57802675719016
0.9987815963547473 0.009580039520744684 -0.048410181014386384 -2.787675692485878 -0.009294321398727653 0.9999380560879284 0.006123689805571578 -1.986492366047648 0.048465847488740346 -0.005666288898271758 0.9988087678816807 104.170406455014
0.9992236878183574 0.009665610056034049 -0.038191591809304606 -2.8080126530604144 -0.009333091414180312 0.9999170576687261 0.008875313390240287 -1.9986523344687601 0.03827420942799999 -0.008511977758730221 0.9992310198984508 104.77826745540285
0.9996161400065255 0.009412888238391329 -0.026057056116682187 -2.8178805670142446 -0.009144485977072524 0.9999040980573487 0.01040062807420374 -2.012352963236709 0.02615245714405235 -0.010158357304916226 0.9996063509012914 105.34716427044854
0.9999254324077977 0.0076820531319401015 -0.009492928091940502 -2.815598177637871 -0.007578640651667343 0.9999120691963224 0.010882007232334956 -2.021277412370529 0.009575689528885076 -0.010809252296516348 0.9998957276810608 105.86160937313014
0.9999563600288052 0.006743652430640007 0.006465383966888449 -2.804902550612064 -0.00680959122091294 0.9999244694591597 0.010231561182184039 -2.0348831893705333 -0.00639589754050519 -0.010275141299049495 0.9999267543005025 106.38525772526637
0.9996665433951397 0.0075411093999162935 0.024696835534817888 -2.7845857730453316 -0.007722059113696455 0.9999439768394 0.007239681322593803 -2.0432167861511084 -0.024640856711160144 -0.0074279776269607755 0.9996687718084 106.92013127169943
0.998865995503046 0.007692704174038816 0.04698452224085832 -2.753031788111019 -0.007821033990797484 0.9999661687496688 0.0025480940772192855 -2.0517703873865516 -0.04696333096178093 -0.0029126720725641715 0.9988923675183294 107.41917550873124
0.9973368267306729 0.006311472788192205 0.0726596129774828 -2.7043775053554078 -0.006188387858143016 0.9999790104427447 -0.001918991836592658 -2.0605598031826484 -0.07267019954913335 0.0014642353621021733 0.9973549509138132 107.9296806349766
0.9951822528412387 0.004687643722252416 0.09793012624403193 -2.6426326021706616 -0.004295720094632381 0.9999819004881935 -0.004212539007760447 -2.077076458067457 -0.09794810063859008 0.003771563648748271 0.9951843773336362 108.37030753057144
0.9921750655744715 0.005337846708150664 0.12474031683788356 -2.5695147852389804 -0.004624324385652707 0.9999712538712872 -0.006008914632818254 -2.087414638655698 -0.12476880570187221 0.005385055580820386 0.9921712283170285 108.82247192750177
0.9881360616368463 0.006234769749879495 0.15345439498102031 -2.4753560376079977 -0.00505991922730808 0.9999548334891802 -0.008045383710020624 -2.0964421810930873 -0.15349762509641024 0.007173466929897624 0.9881229784100605 109.32291338386098
0.9827659164743763 0.005268997167840778 0.18477930372508375 -2.355469049059889 -0.0035470164431116655 0.9999471617506749 -0.009648439310297042 -2.1111020301687264 -0.18482037790956313 0.008826742072671872 0.9827326780634447 109.84753073932187
0.9757926068096143 0.004658764728093823 0.2186483121519757 -2.1891808670464665 -0.0024060924858326986 0.999941263846526 -0.010567855788394958 -2.1232281574712175 -0.2186847027449545 0.009785947487237113 0.9757465019241058 110.5145154712913
0.9664039989941201 0.0038322012999966776 0.25699927035182646 -2.028272727284457 -0.0009692745154025458 0.9999360715765773 -0.011265578854125526 -2.136606526567968 -0.25702601275958165 0.010637997612381425 0.9663459327651311 111.05150763506053
0.9552325517053244 0.004401973161103227 0.2958232492466169 -1.8205698722444832 -0.0007262077668369336 0.9999211792248713 -0.012534271411817068 -2.15176417699622 -0.2958551077551585 0.011758314923263277 0.9551604562822678 111.62121034712551
0.9406197039287771 0.002297386895894777 0.3394544072396063 -1.6015343868634642 0.0018697369136184037 0.9999268674749529 -0.011948380041033352 -2.1648925413400675 -0.33945703213339934 0.011873572132331641 0.9405466185256335 112.17487320024385
0.9230783802070986 -0.0024855300475570114 0.3846038561099247 -1.3637867064235163 0.0069578593304823605 0.9999233898779116 -0.010237312567580079 -2.1770305930798375 -0.3845489464135588 0.012125861431329526 0.9230249570281244 112.66293366773849
0.9034638697163084 -0.006098052460236127 0.42862086961955936 -1.0999414172144364 0.01024233081645494 0.9999204360243215 -0.007363170538596812 -2.188682636185798 -0.42854186583889475 0.01104243528966192 0.9034544448095837 113.13734064353169
0.8813053606977564 -0.008280606445284486 0.47247464774556674 -0.8440028094552904 0.012906361716496343 0.9998952562095735 -0.00654999517845175 -2.2025732381421994 -0.4723709210277892 0.011870474568992463 0.8813199219357665 113.53958381477504
0.8569030465653265 -0.007928485952724357 0.515416635254976 -0.5320366464472315 0.01357969064053751 0.9998818979503622 -0.007195981746250057 -2.215831401459938 -0.5152987102537427 0.013165457139139483 0.8569095109456699 114.01348168561402
0.8306345685669194 -0.005966811917440922 0.5567859648529145 -0.2182509956248026 0.013216515638228102 0.999872137968219 -0.009001745900142558 -2.2280213538521325 -0.5566610613434655 0.01483593173373841 0.83060722240633 114.43211841765765
0.803109462308037 0.00030342447900637195 0.5958314354621469 0.06143860211109997 0.009113684154997614 0.9998766280199015 -0.012793338136616775 -2.240171058879708 -0.5957618083701066 0.015704670424444046 0.8030076157885677 114.74621035021396
0.7737004390083305 0.0020904791933835476 0.6335481517414914 0.3679743081215033 0.00872878827949892 0.9998644688839899 -0.013958944032833463 -2.2559123887963084 -0.6334914671355008 0.016330148807715293 0.7735773311740906 115.06653373631822
0.7382549544517669 0.00202079449006232 0.6745187459344992 0.7428852322099773 0.009856393719768654 0.99985642695823 -0.013783213455716021 -2.270776375462156 -0.6744497562682198 0.016823847953243633 0.7381290431962321 115.43419856817377
0.7000281970431512 0.001025703673267069 0.7141144665083397 1.133175927234816 0.010827451236804078 0.9998687731053486 -0.012050015291394895 -2.284518662777773 -0.7140331152294199 0.01616739004239297 0.6999252287601777 115.77158079657217
0.6603726145192287 -0.0019516461417194314 0.7509355505437044 1.4873957620506788 0.01239758479681956 0.9998886674441739 -0.008303770705113617 -2.296454572892205 -0.7508357409475418 0.014793369935716009 0.6603232892467908 116.03538871961251
0.6179515503336322 -0.005295689153951015 0.7861983446412526 1.8702680767882804 0.012913430989692226 0.9999107874674548 -0.003414733707333994 -2.302498870803055 -0.7861101225275852 0.01226265805615863 0.6179648068272681 116.28815673537936
0.5716080408321074 -0.008052726922683674 0.8204872949931579 2.2923332218840105 0.013529891306874438 0.9999083916256137 0.00038781168801607646 -2.3075617416632634 -0.8204152544274783 0.010879427640730186 0.5716646292686876 116.52843833939535
0.5251571655677498 -0.011658180343803271 0.8509254011274542 2.7412971181256305 0.014568087938940946 0.999882795234781 0.004708142657921622 -2.3102807806534478 -0.8508805569917849 0.009923841219780623 0.5252654520419121 116.76903751732863
0.47559306651163175 -0.015029862576192713 0.8795370022443648 3.1959438590110545 0.014138016156693528 0.9998554811456549 0.009441044547449635 -2.310218254627118 -0.8795517901665686 0.007944813020746134 0.47573682678645945 116.94919646593445
0.4246092188552848 -0.016686274350429693 0.9052229446448027 3.658601563877543 0.013073568773606888 0.9998389075669365 0.012297996376629585 -2.3070429908552206 -0.9052823278196843 0.006612651787294963 0.4247589666784133 117.11561162123442
0.376897752590185 -0.014030135186154223 0.9261486054619563 4.100035169959215 0.011218514336283953 0.99988107912758 0.010581707742898586 -2.302451991136537 -0.9261869298519356 0.006401789541039718 0.3770103288533591 117.25433325515762
0.3278382513675914 -0.009832929964349129 0.9446826951037881 4.5204015188391695 0.00917248424263849 0.9999318313846978 0.0072248263969478576 -2.300906937546145 -0.9446893386045268 0.006296512682722964 0.3279060954831091 117.35288206360394
0.2808076097913238 -0.00885076121478839 0.9597232675668561 4.9899309127363045 0.007778115357576921 0.9999456263338757 0.006945883474421863 -2.298058997008611 -0.9597325602503894 0.005514381350144217 0.28086118349383454 117.45782137993753
0.23614642595098595 -0.008444247326313475 0.9716807913083743 5.481174290993293 0.006412264455345925 0.9999540106115171 0.0071315865345341015 -2.296218297448141 -0.9716963251835059 0.004546575528558695 0.23618971246824655 117.54971229918539
0.2006166193215324 -0.0063001353910861185 0.9796495701760166 5.95095561328737 0.006291913302161838 0.9999669836754557 0.005142313293846842 -2.2920723366402336 -0.9796496230178404 0.00513223665354389 0.20064963560379237 117.62363513131177
0.16819241180805855 -0.0036350291355357963 0.9857474824585519 6.404457492415009 0.0059446829894088385 0.9999787571441363 0.002673201194631087 -2.287456352126867 -0.9857362595310895 0.005410344134650766 0.1682104480167651 117.6783806054366
0.13544241436655372 -0.005779458526846481 0.9907683635692535 6.933322060980325 0.005006565505993577 0.9999742120594095 0.005148739457445031 -2.290612878060811 -0.9907725706197122 0.004262989010414847 0.1354678568233224 117.73197973772602
0.1097392732790063 -0.010668075565382948 0.9939031562802927 7.363535168750569 0.0045037616254243835 0.9999374726264562 0.010235573683973856 -2.2871919939765135 -0.9939502039998868 0.003353058476970359 0.1097804580398221 117.75845847324362
0.08646928423949472 -0.016597679256934426 0.996116248199172 7.952777284211828 0.0025288818577215784 0.9998616467453811 0.01644056337745047 -2.2851634932456437 -0.9962513074719945 0.0010974565605103978 0.08649929450254887 117.80092692834144
0.060644600622789036 -0.018167353347249362 0.9979940779822591 8.521373047229861 0.001951324831965684 0.9998345980117982 0.018082282764894576 -2.28410174817902 -0.9981575149978593 0.0008508178098961253 0.060670020292990075 117.82372646334704
0.03594022578151198 -0.015925718038208823 0.9992270371020505 8.998660402836824 0.0010293140054212179 0.9998730732247851 0.015898992191499147 -2.283745305142383 -0.9993534113032544 0.0004571050148237328 0.03595205656917639 117.8282980836931
0.013898708809675146 -0.012393009236410756 0.9998266045747588 9.590637894618045 0.002284055208497899 0.9999209736098977 0.012362428031845741 -2.2831238350932015 -0.9999007995722515 0.0021118373763785755 0.013925916762186505 117.81910978468552
-0.0014080508159420475 -0.0065198586432360876 0.9999777541706479 10.168042744167838 0.0028986815744901705 0.9999745177375293 0.006523919123434494 -2.2765611317615884 -0.9999948075055334 0.002907803100559427 -0.0013891159415038313 117.80645214242965
-0.012595890171149413 -0.0020526741531391793 0.9999185617237129 10.816150461867021 -1.947890223430809e-05 0.9999978932418607 0.002052591634062584 -2.2741934695808506 -0.9999206684389357 6.376902882812289e-06 -0.01259590361849407 117.80072090034322
-0.02093810185237475 -0.002360667776758531 0.9997779869243313 11.31913331393414 0.0018026695701752957 0.9999954977383758 0.002398934222246089 -2.2814847374325256 -0.9997791487489822 0.0018524984830421635 -0.02093375207959547 117.78496613279673
-0.02382953863905782 -0.005833671463779837 0.9996990153868829 12.085343392042073 0.00440528596526442 0.9999726529156003 0.005940275793610855 -2.2821075237192656 -0.9997063301509164 0.004545514073523016 -0.023803187979627723 117.76036822428438
-0.02317825172204751 -0.007397851940370667 0.9997039764019039 12.647291133365817 0.007036770914895751 0.9999466425621919 0.007562796023612239 -2.2851322265314606 -0.9997065832043919 0.007209980254608335 -0.02312495800055567 117.74614148112144
-0.02079146654122429 -0.007974204236175376 0.9997520327490541 13.320708544426651 0.006997238969983606 0.999942540381071 0.008121242703591524 -2.2845161684360713 -0.9997593478261961 0.007164356429816897 -0.020734474458843515 117.73767189824741
-0.01830462385944315 -0.008003482543169939 0.999800422590702 13.993956811859908 0.0022755717758785226 0.9999650374992056 0.008046462098887477 -2.2806878434018802 -0.9998298667865729 0.0024224050852782383 -0.018285771385032585 117.73446772074746
-0.016930045747235462 -0.006700091593047512 0.9998342274215473 14.71639802606546 0.0017320029137823003 0.9999758508620274 0.006730368390697926 -2.276456934391419 -0.9998551763715096 0.0018456612399436766 -0.0169180323230627 117.72230761689222
-0.015091702549128857 -0.00606682988068585 0.9998677082941365 15.467903803427292 0.0011125632115742607 0.9999808715093326 0.006084309208087398 -2.276324690937126 -0.9998854948029141 0.0012042386134745215 -0.015084664135901003 117.71070095716776
-0.013679479856648009 -0.0064814415698259695 0.9998854248092776 16.211550970156008 0.000823592504474311 0.999978579061273 0.006493313020916056 -2.274393954654736 -0.9999060923537958 0.0009123232858785851 -0.013673848762652735 117.70314486550923
