0.9999634109287133 0.0007910375219252482 -0.008517691204327072 -0.013718675822019577 -0.0007831751970119793 0.9999992642520328 0.0009263541460771961 -0.00012457904813345522 0.00851841771834122 -0.0009196494071522724 0.9999632947286334 0.2546043395996094
0.999817504031596 0.0016293355913035924 -0.01903428216562352 -0.028886984417299266 -0.0016018075451299106 0.9999976492708732 0.0014613915683372902 -0.0005959312311891649 0.01903661851847715 -0.0014306356134787816 0.9998177636135114 0.5196740901342876
0.9995876688121476 0.0015076235261843394 -0.02867436886837392 -0.04524954589761078 -0.0014677982452181877 0.9999979289032518 0.0014098785473369642 -0.000505062587640275 0.028676435047048823 -0.0013672090221330752 0.9995878114565434 0.7551526237153627
0.9992875054810467 0.002933694725076832 -0.037628112160020044 -0.0722913317542781 -0.0029095972657891584 0.9999955254909952 0.000695155909953863 -6.633149047272839e-05 0.03762998316791948 -0.0005851779629206012 0.9992915700302559 0.9971277562441649
0.998675869876917 0.004717794692711482 -0.051227427602996714 -0.10525932136162511 -0.004715935606775042 0.9999888675635403 0.00015716342121719013 -0.006193719119262321 0.05122759878166843 8.462993347955279e-05 0.9986870009972288 1.2197446579898792
0.9976620339766414 0.004347665329293022 -0.06820237362273338 -0.14140653105020948 -0.004362297722566575 0.9999904829815626 -6.561159073832412e-05 -0.011264021433294483 0.06820143928224788 0.0003629772521965236 0.9976715050192345 1.4578327582512323
0.9963518835158622 0.00442287119269464 -0.08522536256775932 -0.17772526184614923 -0.004397530629100195 0.9999902131694615 0.0004850666566333378 -0.016367417808532278 0.08522667386892042 -0.00010851593469947754 0.9963615821003603 1.7450653212758707
0.994426544208846 0.003227984579365494 -0.10538229589645001 -0.22585085428999313 -0.0031352735381056625 0.9999945385738307 0.001045410136313907 -0.022446597180852023 0.10538509492662054 -0.0007091812654265771 0.9944312338363274 2.04902453029783
0.9922415664259207 0.0027525138252255266 -0.12429439860378598 -0.27829768063825894 -0.0026240810901223374 0.9999958406894347 0.0011969971860786098 -0.030265218338092113 0.12429717637608412 -0.0008615517819377362 0.9922446622045694 2.316931891495053
0.9893386933524189 0.0023344664173415184 -0.14561421669010904 -0.34413692988838906 -0.002170708106499742 0.9999968203429063 0.0012834836944705323 -0.03882808653600259 0.14561674993641394 -0.0009537141206357824 0.9893406150398013 2.633560733661536
0.985896275602103 0.004661266483608023 -0.16729257708777834 -0.43026301504686654 -0.004560992959527798 0.9999891148732177 0.0009836047489373888 -0.05170708166111449 0.1672953409307163 -0.00020671199236329537 0.9859068039997636 3.0166144559168426
0.981859519982699 0.005308540819379226 -0.18953549117173904 -0.5154922024768755 -0.0053619707131973395 0.9999855978755896 0.0002308927695922851 -0.05990350259861048 0.1895339871617072 0.0007895794888549805 0.9818738433601424 3.3488300792211785
0.9769255712047631 0.005542304319082524 -0.21350810567536174 -0.6157266710328434 -0.005633734231467294 0.9999841141545034 0.00018021443578777606 -0.06821459622284441 0.21350571272182844 0.0010267918330177043 0.9769412757856414 3.7098791153082926
0.9704594440037912 0.004000626447001644 -0.24123113922519035 -0.7132073782719056 -0.004016798523373224 0.999991842441414 0.00042471196014769934 -0.072529995111202 0.24123087048193947 0.0005568111511246884 0.970467597134427 3.993352214566384
0.9625249818263839 0.006652240775014609 -0.271111429218301 -0.8320135578134089 -0.006474694948227115 0.9999778387245519 0.0015493176245349092 -0.07567372357294642 0.2711157274771164 0.00026410688276760626 0.962546722274877 4.30688913834538
0.953206631836804 0.010068027542539208 -0.3021518688403855 -0.9622358454604717 -0.009656650800063737 0.999949296900329 0.0028552975088101794 -0.07981189411057983 0.3021652960180247 0.00019608656471329158 0.9532555247321671 4.617950719263214
0.9424324630340644 0.013398522584722376 -0.334128017699942 -1.0891391884783241 -0.012738158987357622 0.9999101817645152 0.004167458370226352 -0.0835988062333972 0.3341538446960606 0.0003286277551481522 0.9425184879240514 4.8845289054047765
0.9303776037442634 0.016340012001024303 -0.36623833559430646 -1.235849051864782 -0.015384338747806767 0.999866372456917 0.005528051296724076 -0.08371210266439941 0.3662797244898689 0.0004911594983942302 0.9305046599507031 5.176578655472785
0.9168923801807309 0.015051637282510664 -0.3988506128635492 -1.3972568237202283 -0.013923495425648814 0.9998866715366123 0.005725413397091959 -0.08562724102101016 0.3988915885822175 0.00030380676654455954 0.9169980415790452 5.493870403242868
0.9024067638518067 0.017024636666178948 -0.43054871304057246 -1.571074993249326 -0.015245123791923412 0.9998550313852054 0.007583034633961644 -0.08265031727248755 0.4306153953995115 -0.00027921331545266524 0.9025354858867587 5.7885593787299126
0.8832487331277552 0.015561594799075375 -0.4686464682418123 -1.7729186405110273 -0.013805089828521015 0.9998789032198604 0.007183201979361415 -0.08237357234532154 0.4687014987420471 0.00012515254382558288 0.8833566037641878 6.11332895818199
0.8607669795127175 0.015258563611272959 -0.5087704622097011 -1.9935307674969072 -0.013118808624614961 0.9998835807973712 0.007792413753011449 -0.08136493913578856 0.5088301325991054 -3.299012170705992e-05 0.8608669438832167 6.422773217174296
0.836758144233989 0.01921219642305946 -0.5472355064930383 -2.23141219766512 -0.015251379726950025 0.9998142859736964 0.011780873453720296 -0.08497094745645985 0.5473602136386193 -0.0015116452989953101 0.8368957590130182 6.690581758691342
0.8067202432005366 0.024269475007801068 -0.5904349598332675 -2.5068294441575 -0.0186874495450405 0.9997042999869564 0.015559300019338473 -0.0854695043968611 0.5906379842509016 -0.0015182787741186484 0.8069352306037928 6.903689312978551
0.7728437286012747 0.026850585261673793 -0.634028088678084 -2.8604598968136785 -0.02007423968310987 0.9996388758301319 0.01786456913044003 -0.08123900378644155 0.6342787999474869 -0.001078888398676613 0.7731036411355205 7.246876693513094
0.7307188186790915 0.027872547103035335 -0.6821093234564543 -3.3277633257154635 -0.01985347087443957 0.9996111932407638 0.0195781010829811 -0.07419046602478734 0.6823898062855794 -0.0007638493089093998 0.7309880770653947 7.631777263814349
0.6887824040388311 0.028026671724902672 -0.7244261905525728 -3.764900616038936 -0.01817946421260463 0.9996059554217755 0.02138786960552838 -0.061639990125820554 0.724740165140191 -0.0015619082383408803 0.6890205029425646 7.966244940486647
0.6425670730406975 0.028950422064939606 -0.7656823294984496 -4.26605659248323 -0.01682731805712282 0.9995781407438096 0.023672387166363763 -0.04935584373150918 0.7660446449202002 -0.002326716444187406 0.6427831581331869 8.317155779086411
0.5990931028690775 0.031113479233571266 -0.8000746249598735 -4.750629784222001 -0.016513998298457705 0.9995123037717984 0.026503631241609038 -0.03775704082759552 0.8005090517632512 -0.002665711682606841 0.5993147353655892 8.602582212822043
0.5601423768098295 0.03361200547949431 -0.8277141721569593 -5.23721941877924 -0.017780443846488147 0.9994341418407058 0.028552617038622278 -0.02355501247111249 0.8282055140594373 -0.0012764054131754834 0.5604230520515416 8.777532087742447
0.5198033855852158 0.036008005993848395 -0.8535267212211305 -5.7063447203142665 -0.018924657294492265 0.9993514753152861 0.030634721011414918 -0.00926251787175614 0.8540762832911551 0.0002286689926095073 0.5201477194317581 8.961343866779242
0.4743781411029101 0.039229872878944055 -0.8794466421094849 -6.168437598324368 -0.019273885321613036 0.9992299399469078 0.03417666540651005 0.001584814023878476 0.8801101616208945 0.0007376907218594956 0.4747689535174374 9.149546200613125
0.427399095332495 0.044461488834743684 -0.9029690965473635 -6.666979044431412 -0.019637765725590763 0.9990108669179218 0.03989543754878688 0.009775297233732477 0.9038497504930075 0.0006810216591998999 0.42784946504959953 9.337779005579145
0.377075234130095 0.04826807484561761 -0.9249240297215932 -7.173773914409181 -0.01986773187348073 0.9988328395488892 0.044025354841345 0.020273741611047495 0.9259695140964079 0.0017752716413872503 0.37759410399880733 9.510059375654716
0.3260606903686421 0.05197912168672805 -0.9439187449696077 -7.680610185110653 -0.018530363167854155 0.9986468131578444 0.04859185333519297 0.035775602476138396 0.9451672084013454 0.0016472639004671125 0.3265826613346926 9.641827318447408
0.2746253234656016 0.05413966939208478 -0.9600259516854365 -8.151497227389969 -0.016001476637947737 0.9985327052875912 0.05173383048305776 0.05256336597757515 0.9614181631614929 0.0011544129071937147 0.275088681835551 9.725174045815619
0.22929999836484988 0.053632352167729845 -0.9718770917923907 -8.642315502297395 -0.014618062006808765 0.9985579554605885 0.05165580170256373 0.07122790090339177 0.9732460238876114 0.0023622843448852676 0.22975333860388006 9.801898796737508
0.18585324952282456 0.053704111747131016 -0.9811087799134492 -9.159541301763145 -0.015060050604963668 0.9985436262946356 0.05180561033454994 0.09497044918915941 0.9824620931708168 0.0051473068502813826 0.18639136437776976 9.85822660820663
0.1455914434253575 0.052907996755295235 -0.9879290842366477 -9.7209903539929 -0.01461527009586992 0.9985750908743949 0.05132428046469598 0.12117182475194442 0.9892368399333629 0.006966474326061071 0.14615725351182107 9.910178677514097
0.10714654765274656 0.05128940505598718 -0.9929194399623261 -10.250521429287325 -0.015240083895263929 0.998635931563957 0.04994012447174222 0.1479112247334574 0.9941264291673183 0.009781263639768712 0.10778204726505423 9.953550987664673
0.07205795795946404 0.0490085614226518 -0.9961956693350926 -10.842867160585453 -0.016261509322573114 0.9987170526063116 0.04795635669975289 0.17498291625911822 0.9972678747504425 0.012744008029039725 0.07276246456856608 9.977034328009097
0.04206965510654284 0.046369150975277586 -0.9980380984496772 -11.473265626336614 -0.017242787070983957 0.9988073890208574 0.04567806838475891 0.19824041143544585 0.9989658805050559 0.015287297837417632 0.04281901577090333 9.991187294032562
0.020262793789228246 0.04502994506351063 -0.9987801175611334 -12.091536714007976 -0.01807151625110852 0.9988385120280401 0.04466595112608042 0.21560261976013043 0.9996313517933707 0.01714441416872259 0.02105301818196577 9.989048351254409
0.0015495382856357959 0.04312734028086879 -0.9990683817694355 -12.723395869421743 -0.018310211990735317 0.9989033144102203 0.04309181589503542 0.23547302799928024 0.9998311532793706 0.01822638144491233 0.0023375096724666637 9.977341326276315
-0.01619016492726253 0.04225828483904681 -0.9989755331949272 -13.219466550102153 -0.018101075726962488 0.9989303635347495 0.04254973402808086 0.2479913684921119 0.9997050713171136 0.0187714189872699 -0.015407926922514532 9.959997676763509
-0.024273723595117796 0.04332248762275972 -0.998766213089431 -13.850403934822074 -0.01582032242143665 0.9989188348163652 0.04371360025893046 0.26881862292831615 0.9995801637394122 0.016861895364744854 -0.023562103967998585 9.938482546800987
-0.03598289421932701 0.04411109730274877 -0.9983784064263146 -14.51210598729193 -0.01564898450772864 0.9988780061969704 0.0446971813411364 0.2927723773412539 0.9992298737565236 0.017231942163116392 -0.035252227756687994 9.90248733409584
-0.04229762860824058 0.04522867133012395 -0.9980807972823795 -15.216163081184126 -0.015804269422210557 0.998819545311015 0.04593191671079789 0.3182114266049483 0.9989800476897173 0.01771674897968341 -0.041532892066906926 9.864204266775781
-0.04476716028979354 0.045927898248032104 -0.9979411453197558 -15.942694718113085 -0.015125879174497708 0.998796963748667 0.04664582495404149 0.3472674034664144 0.9988829306474241 0.017182938309933705 -0.044018603933457086 9.827850572738917
-0.04516059780319301 0.04638080560553494 -0.9979024708243984 -16.676784158525855 -0.01379363846893351 0.9987974514881198 0.04704664109822999 0.37883423912540326 0.9988845058082775 0.01588936034643555 -0.0444665299290883 9.792361659279436
-0.04408542284799447 0.04796979659369262 -0.9978754301550232 -17.458796283847892 -0.013140831177979337 0.9987322868561301 0.04859153987142922 0.4105128435757672 0.9989413366400779 0.015255091146387803 -0.04339917217931707 9.755054683112098
-0.041991134451028686 0.050017013250399846 -0.9978652429126011 -18.164943696393344 -0.012254125412691661 0.9986452482803451 0.050571775700069085 0.43586088900995235 0.9990428324340682 0.0143515320644659 -0.04132133213628203 9.727695075547466
-0.041146364110518266 0.050481984755262416 -0.9978770194446076 -18.89266049090645 -0.012192992895195348 0.9986230701652518 0.0510224916873382 0.4676500951835399 0.9990787294526604 0.014266497429159907 -0.040474181972726606 9.697164018546786
-0.03891437255992845 0.04817529769391962 -0.9980805640329687 -19.657125739965423 -0.01214900476827511 0.9987404959959405 0.04868083134996053 0.5082093277216819 0.9991686911084671 0.014020069539238645 -0.038280077830477065 9.651326697225896
-0.03735425942073808 0.04822046836508115 -0.9981379893250131 -20.40894467436871 -0.011586797665009835 0.9987470457576086 0.04868351579661664 0.5362763724211294 0.999234910030168 0.013383759602649082 -0.03674873543266708 9.621825184655863
-0.03610614423421506 0.05107394861635585 -0.998041982143673 -21.216847613777958 -0.010158040603728768 0.998622818653155 0.051471159655879055 0.567388887415001 0.9992963327059848 0.011996576093278845 -0.035537608282031306 9.597320172142785
-0.03396557880383205 0.054549807271179404 -0.9979331931463136 -22.041384553068045 -0.011071636732453663 0.998427520601896 0.054953661978210264 0.6003679642194504 0.9993616754291634 0.012915286734253543 -0.033308212980986296 9.573649568264154
-0.031282607492320966 0.056945105976911436 -0.9978870945020581 -22.934376685910163 -0.008745379273069629 0.998321909028871 0.057244076499853705 0.6357293119023056 0.9994723191814022 0.010517645089527284 -0.030732105881621303 9.54920917647298
-0.029689221576556332 0.05691555611299547 -0.9979374577570111 -23.711692649029125 -0.009599510288170767 0.9983152871060303 0.057222695957386265 0.6634108430412803 0.9995130812172518 0.011278608192176156 -0.029092842295690542 9.523305786194873
-0.027803749533702994 0.05355187483703602 -0.9981779141081542 -24.61980773610837 -0.00843409461314046 0.9985158462987741 0.05380493228598644 0.7041162464750377 0.9995778196618424 0.009914705829292771 -0.02731082291683779 9.500262260463172
-0.0262094546726349 0.05336107091238952 -0.9982312660885984 -25.45662204942328 -0.0077987655168732075 0.9985330001585176 0.05358196385765131 0.7388269410276471 0.9996260519525164 0.00918932562883431 -0.025754854927009657 9.478341040093522
-0.024121434986795545 0.05554995263338278 -0.9981644950290542 -26.3463304861384 -0.004865454052277611 0.9984366614161501 0.05568267681278874 0.7737417242362681 0.9996971960203961 0.006199669555809171 -0.023813449274638757 9.460967278242785
-0.023067920299881497 0.057469237800077316 -0.9980807370948087 -27.23035482199007 -0.0025309028399252706 0.9983398408096582 0.05754265185895903 0.8049918248507909 0.9997306965297467 0.0038534346789142475 -0.02288417482283684 9.44595902840596
-0.021918667188447743 0.05901008209273444 -0.9980167244290503 -28.168144506151364 -0.0003985156991153017 0.9982559534173459 0.05903297935954095 0.842843822819122 0.9997596777295628 0.001691649560388884 -0.021856923567721172 9.429224059977882
-0.02172343391308603 0.053228654484398966 -0.9983460335779396 -29.088797773856687 0.001036424354653179 0.9985823429282111 0.053218701755702764 0.8799142682674594 0.9997634811512074 0.00012138280695866407 -0.021747805007248468 9.413756211821255
-0.021082402445503336 0.04630321233651203 -0.9987049338190165 -30.023805399190856 0.0024572423660827974 0.9989263365299135 0.04626160553722007 0.9114206182356778 0.9997747217583969 -0.001478754288885206 -0.02117354525517476 9.400102553079304
-0.021154785841924734 0.04117017204088627 -0.998928171576969 -30.855023556175453 0.006019025105141363 0.9991389066360019 0.04105138953798256 0.9377582301413308 0.9997580939271088 -0.005144140388765282 -0.02138437389531635 9.39176403525964
-0.021151412757700196 0.04219596759696635 -0.9988854379041218 -31.75969914735233 0.0068737212301862635 0.9990914784749296 0.04205912023841609 0.9628582123840284 0.9997526542574431 -0.005976450228656982 -0.021422239562223513 9.375014372862864
-0.022494319522457968 0.0514474722413491 -0.998422337084461 -32.65908664243698 0.005648140245118821 0.9986656330100157 0.05133275714859653 0.9859926082191134 0.9997310158742662 -0.004484533942443066 -0.022754886383500858 9.355245173229987
-0.022734014119255963 0.05930252488573013 -0.997981149693822 -33.632666152362866 0.004090500625843872 0.9982363075778562 0.059224505383819855 1.0217579565208688 0.999733180607033 -0.0027358317758012585 -0.022936495325987946 9.331825233284578
-0.023449817088765493 0.06518488193664128 -0.9975976329389566 -34.654024706894724 0.0027935591964908467 0.9978724092264402 0.06513717012302614 1.066155196134953 0.9997211121635464 -0.001259393316829365 -0.023582023300691868 9.311121679692562
-0.02448698307249488 0.06517473857080634 -0.9975733763048382 -35.62013085970446 0.0015307690046684234 0.9978738641573588 0.0651567953318441 1.110625544486417 0.9996989768956759 6.843894001899787e-05 -0.024534687889797676 9.286348618472733
-0.02471019437008084 0.06186402132744103 -0.9977786573982181 -36.53918224174585 0.002739190058954374 0.9980838588477627 0.06181510774382445 1.151200096120147 0.9996909037957749 -0.0012056420520246548 -0.024832303461995428 9.266012564676991
-0.026167278238156955 0.05883150147468741 -0.9979249109947306 -37.43590293265476 0.001777386691733666 0.9982678995353774 0.05880511588096754 1.193662264513618 0.999655998054408 -0.00023492862706720222 -0.026226520211138367 9.253587916838423
-0.026597713493313507 0.05957630666209941 -0.9978693428106864 -38.3836083433083 0.0009952187055747806 0.9982235791580004 0.05957092875488719 1.2282482978545861 0.9996457228321718 0.0005913522598682671 -0.026609756215513442 9.225504014417313
-0.027199572660917968 0.06137191295308959 -0.9977442916637217 -39.3330269557472 0.0011502698975195185 0.9981148313003373 0.06136334750861192 1.2708682555120305 0.9996293613766183 0.0005213816051549302 -0.02721889114191634 9.201134643804851
-0.027631730789830992 0.059133058803134325 -0.9978676108633567 -40.307823994205535 0.0011292701901806602 0.9982499809471638 0.05912444746317286 1.308565247084649 0.9996175329606796 0.0005068486687051098 -0.027650151935046337 9.175870709581206
-0.028583165214265627 0.05360249566860872 -0.9981531821942116 -41.284751159427074 -1.0501384008016093e-05 0.9985611602953912 0.053624705493303934 1.34438616059547 0.9995914178083236 0.0015432458065464836 -0.028541475720880952 9.14884351306294
-0.029080958946656226 0.04888916479803905 -0.9983807627313805 -42.27244242372627 -0.0006966917271775291 0.9988019631209362 0.048930083654150414 1.373821419614838 0.9995768166816295 0.002118497371970943 -0.02901205820869598 9.1191173200228
-0.028563140683892985 0.04987958607990591 -0.9983467202764627 -43.21377355564988 0.0009193949581564343 0.9987551102116022 0.049873685838546636 1.4042907125883544 0.9995915674450155 0.0005066741639164937 -0.028573441761687635 9.095761630582441
-0.0286213139066155 0.051598180647682415 -0.9982577062783479 -44.16905849171262 0.0027653499616575945 0.998667099454086 0.05154005537009968 1.4316968776695702 0.9995865011242642 -0.0012853878062692634 -0.028725851568560074 9.071089160834457
-0.027902226222915424 0.05666750697474787 -0.9980031359795781 -45.17947900023732 0.003553624797733351 0.9983911670550026 0.0565901872885037 1.4721526595419885 0.9996043404880764 -0.001967536484511699 -0.028058711260140222 9.045504521634149
-0.027448291489663858 0.06256605158541996 -0.9976633101820019 -46.096656879617896 0.0038814380172673157 0.9980384938212621 0.062482791950309334 1.511216814993726 0.9996156890191433 -0.002157322414033068 -0.027637297747524846 9.024354697245293
-0.027402235360573332 0.0654315653703423 -0.9974807405411047 -47.091171502710225 0.00467813860356162 0.9978529137741472 0.06532746353296658 1.556228779779875 0.9996135415831708 -0.002876234627394957 -0.027649498330323336 9.000480340454756
-0.027080493662008084 0.06543256684808324 -0.9974894616278878 -48.011971990329045 0.005228579219674741 0.9978510406860842 0.0653143365658997 1.5969174442406289 0.9996195820522754 -0.0034467081935010127 -0.027364418142239336 8.974653226034631
-0.026267146591674787 0.06098341518528153 -0.9977930948259118 -48.947178203646715 0.0031569262763861496 0.9981375763955266 0.06092136245809941 1.63256614503619 0.9996499741541622 -0.001549728881201132 -0.02641074618366226 8.94723536094578
-0.02502469733374007 0.05675111598092197 -0.9980746842587855 -49.85466348375819 0.0004514073390838708 0.9983878857016055 0.056757606676933255 1.6619537178757604 0.9996867313087481 0.0009698036910494819 -0.025009972531610133 8.919065639734674
-0.023978360873305463 0.05347870973369058 -0.9982810555224659 -50.69093601349564 -0.0036191146035833787 0.9985569790905418 0.05358042104219502 1.6859930031339254 0.999705926870155 0.004897664218015383 -0.023750214017812542 8.891625310797224
-0.024786592319192877 0.0514764980144882 -0.9983665634391838 -51.56630319470621 -0.006696678122591324 0.9986424338894466 0.05165698149801154 1.707446181600576 0.9996703353322656 0.007966140064541162 -0.024408221343382788 8.863166887784734
-0.024380952070757255 0.04927469130075454 -0.9984876433753891 -52.52559349563697 -0.005353448781635619 0.9987637854917908 0.04941903860104952 1.738376226881078 0.9996884063358271 0.006550235669421283 -0.02408702244797372 8.840504093919263
-0.024127289371957957 0.044764798536950055 -0.9987061563440508 -53.36170037221249 -0.0043626219255107615 0.9989827428928794 0.04488259052411897 1.7637855079831515 0.9996993755312128 0.005439872624147647 -0.023907453823780192 8.82156930816993
-0.02442257898689216 0.04365331275669032 -0.9987481794331318 -54.313934115755245 -0.00029907943436811293 0.9990458068403373 0.043673634909780434 1.7958365284045479 0.9997016795960287 0.0013653278388098466 -0.024386219320993767 8.803423098684663
-0.025850169910807883 0.046862702823589 -0.9985668008699516 -55.23730549798906 -0.00025170804185923234 0.9989002681709443 0.04688486846604625 1.817692104142217 0.9996657968334437 0.0014633291102057865 -0.0258099459370063 8.778124433067388
-0.02720952009595822 0.052873393132591484 -0.9982304575170974 -56.16333486908 0.0016819676232624398 0.9986011947699873 0.05284718335795682 1.8486128458368 0.9996283374339996 -0.000241044812505097 -0.027260390612322688 8.760625203456286
-0.028090911834053805 0.055832984233956 -0.9980448780209542 -57.10638639049485 0.0031300611011839223 0.9984389076875613 0.05576692866900392 1.8777411056076774 0.9996004718835594 -0.0015573975734322865 -0.02822181997965377 8.737760420039747
-0.02928012486863825 0.054354085686652835 -0.9980923342340849 -57.95823631492919 0.0027071325272111407 0.9985211047185738 0.05429801897933579 1.90542730523841 0.9995675793667766 -0.001112115447330545 -0.02938396634347939 8.713017880368383
-0.028731491281672294 0.04971786085527029 -0.998349956538641 -58.95797279376442 -0.0009998029601035305 0.9987603511132777 0.04976707182589975 1.9415896021756405 0.999586665478673 0.002428035432046761 -0.02864616625603776 8.679504864488383
-0.028716372387845066 0.04545166512813182 -0.9985537121727414 -59.86377604441359 -0.005785377095375765 0.998941396411393 0.04563568721430056 1.9645568260006745 0.9995708576027752 0.0070875011631276975 -0.02842301811060431 8.647702864367893
-0.030115000947015427 0.04376561096070736 -0.9985878318982244 -60.73090430068812 -0.0094878708414253 0.9989834315236563 0.044069080409260004 1.9863763773568028 0.9995014092160444 0.010801612771128238 -0.029669144522296142 8.615981502042851
-0.029421275707056792 0.04468311938988429 -0.9985678782022572 -61.723574104153826 -0.0078064482305357655 0.9989596066751965 0.04493065320426377 2.0152899846279557 0.9995366165888042 0.009117185581482664 -0.029041849549907753 8.589916207697206
-0.029073942662418816 0.0459411943390051 -0.9985209624843976 -62.63069849639889 -0.005822086726437128 0.998918524187168 0.046129007596968356 2.045387504986273 0.9995603079175428 0.007154627763698175 -0.028775026278887728 8.560822260161869
-0.029994032301880927 0.0455026315818067 -0.9985138299219515 -63.50794031794897 -0.006789302819018356 0.9989309668284242 0.04572558231955733 2.0685095287295807 0.999527019841638 0.008150707353433036 -0.029653036541529555 8.533185702208776
-0.02912823595772627 0.045589742072366615 -0.9985354882465449 -64.48878585799083 -0.003221033324056961 0.9989498962313541 0.04570262315987703 2.0940009015135925 0.9995704931690998 0.004547552874183551 -0.02895080220892256 8.50850997617575
-0.02981781050547735 0.04714504990535268 -0.9984429089567821 -65.44458813555757 -0.00030573336039088465 0.9988865869615334 0.04717513026429141 2.119932200128468 0.9995553034743866 0.0017119164005056566 -0.029770197151948428 8.48266543003484
-0.028549847969468807 0.049542816878504155 -0.9983638692764593 -66.35534586435043 0.0022903761585204613 0.9987716187028961 0.0494975539865436 2.146566139937363 0.999589746024825 -0.0008734811625426477 -0.02862824955679218 8.459459845185323
-0.028235116446349556 0.05332953888819741 -0.998177708868132 -67.17636619657581 0.0031785691046562585 0.9985755729484695 0.0532608844189087 2.175199896681096 0.9995962559442234 -0.0016689495527613645 -0.02836440920735561 8.435204374017301
-0.02731476319067244 0.05542886812715902 -0.9980889460814499 -68.16301449104742 0.002972368405980626 0.9984615793992329 0.05536821732411058 2.213956020632408 0.9996224631018943 -0.0014543183051932372 -0.02743749661267503 8.405398419026197
-0.027370464754111822 0.055201011945434406 -0.9981000480609866 -68.88729653463771 0.004276099475471763 0.9984714478078623 0.05510429099215704 2.239488494520046 0.9996162126698532 -0.0027597450375807736 -0.02756467258843725 8.38911205343311
-0.027002081436061573 0.05262559778957167 -0.9982491843499851 -69.61571943326585 0.0070405805775676416 0.9985985444891227 0.05245357155940902 2.2694518358070015 0.999610583088861 -0.005611898208047803 -0.02733475398190776 8.37475871712833
-0.025902290118924667 0.048616785805544765 -0.9984815869631913 -70.38835073055306 0.008772787288805197 0.9987893035053745 0.04840418790183008 2.29188266538011 0.9996259848412216 -0.007505687256212581 -0.026297435027612132 8.355756853054334
-0.024396004475819636 0.045063876667586815 -0.9986861779284344 -71.13462279717376 0.00982155507255034 0.9989460939347046 0.044835682983028514 2.3149568102354703 0.9996541261964431 -0.008714839773988533 -0.02481289072520669 8.339552762989722
-0.02216810847981947 0.04146116306500652 -0.9988941620230465 -71.84020451483119 0.010814894666197688 0.9990911772452071 0.041229329416648065 2.3381544741322524 0.9996957602289746 -0.00988895889790059 -0.022596359709688166 8.32795019864487
-0.01998687755228713 0.04094687410591979 -0.9989613997681113 -72.56765715920987 0.009617411454932123 0.999122635759157 0.040761061205305156 2.354857651473492 0.9997539847995695 -0.008792736469953148 -0.020363144716706364 8.312399352783423
-0.013532826697782805 0.04171887796218726 -0.9990377359355073 -73.3741479637949 0.00940853308545455 0.9990903110918501 0.04159362676626791 2.3722133073366467 0.9998641618273699 -0.008836600249406665 -0.013913029479034979 8.302047022085517
-0.005948495457153345 0.042989556460519565 -0.9990578128602591 -74.15358290602383 0.009233259014444653 0.999035260658857 0.04293361024027272 2.386536003964969 0.9999396793455941 -0.008969169171069897 -0.006339690419281074 8.294921890224476
0.0034294172959550232 0.04421821135646846 -0.9990160103228803 -74.85556695687644 0.009392891243575594 0.9989763891141773 0.0442487015231869 2.398612130057055 0.9999500050958036 -0.009535395997880784 0.003010570056822319 8.300413539999258
0.011776557277750661 0.045937516056284496 -0.998874895728821 -75.69084081248658 0.007528406405849126 0.9989117823816857 0.046027971018005195 2.4150298580120317 0.9999023131264739 -0.008061987200718929 0.0114179055304912 8.30616072170495
0.020993325976960832 0.04778434507649327 -0.9986370394843346 -76.53185575967869 0.006265913651404384 0.9988312660976184 0.04792536063447052 2.436020117372128 0.9997599804905871 -0.007263486176865809 0.02066937778502979 8.322294227160292
0.03621150948196796 0.04947447266249757 -0.9981187319832274 -77.21985478544362 0.0027911650215008 0.9987648768398856 0.04960776339277394 2.454071639620276 0.9993402503546331 -0.004582286086492988 0.036028692390391505 8.34439674345017
0.05286691976624974 0.05055649125714707 -0.9973209764093983 -77.77652009754978 0.0006709696505145782 0.9987155926795238 0.05066275494401807 2.464078865029241 0.9986013411738228 -0.0033475559077548642 0.052765095236221075 8.374871355776575
0.07444349966450244 0.051549548117426736 -0.9958919667547235 -78.30193457191466 -0.0015092540206673557 0.9986677042863841 0.051580408758233665 2.4780103330881293 0.9972240909193897 -0.0023367721871135967 0.07442212027175282 8.41711808583204
0.09725593149279815 0.051812675989318734 -0.9939098200522495 -78.81643182126896 -0.0024324024539853642 0.9986533781102437 0.05182194329917107 2.492990126602507 0.9952564328894192 -0.0026224026819926254 0.09725099380676543 8.473964510884315
0.12625066617968592 0.05066713649710381 -0.9907035936991299 -79.21622960268682 -0.0020556374896650454 0.9987059963436654 0.05081443910661236 2.5020364545704394 0.9919962417487769 -0.004378829340403092 0.1261914506213123 8.543716541774232
0.16056260851060025 0.05043775747356204 -0.9857361114260301 -79.67460047792049 -0.00185318417685377 0.9987071476132758 0.05079959659842777 2.5170177637836746 0.9870239178746782 -0.006329765176881707 0.16044849521303475 8.643177542432255
0.2021259022316522 0.05106463733821333 -0.9780273628383607 -80.11209357946589 -0.003234873011140133 0.998669104053959 0.05147384000311716 2.5286005357911363 0.9793542031582053 -0.007240402031755407 0.20202208130493132 8.763136783141917
0.2446843516013379 0.05087264704378473 -0.9682672884406415 -80.60684866919195 -0.003213917114651931 0.9986596991973558 0.05165729315236143 2.54504335969492 0.9695974622585467 -0.009527800470588802 0.24451990143949376 8.916027090389953
0.2919916350741573 0.05211526476178317 -0.9549999393850925 -81.19508999413625 -0.0021641878179524407 0.9985477686516073 0.05383001032868689 2.571236709179086 0.9564184237758123 -0.013651113496969533 0.291680382889361 9.132496985058033
0.3399607752951435 0.05161513839086994 -0.9390221236742068 -81.7162522726984 -0.003443753884985194 0.998554364346165 0.053640674906340204 2.599700862010862 0.9404333106711529 -0.015001964342024072 0.33964706571082903 9.339620049330884
0.3884799114757383 0.049306346468579905 -0.920137078145275 -82.29756379983725 -0.0022677192594208724 0.9986154954623196 0.0525542545557232 2.6319491716896315 0.9214544024688166 -0.01832965958406347 0.38805387222700083 9.624823451956491
0.4362008749994017 0.04812775249323658 -0.8985613591122796 -82.81879919099352 -0.004296064006549206 0.9986686952713708 0.051404094380028076 2.664305945455857 0.8998390636573902 -0.01856223383456187 0.43582691861708495 9.906691918420755
0.4879747953211972 0.047734651347749756 -0.8715514914174294 -83.21915766998289 -0.007786063549901062 0.9987018240722534 0.05033928693527633 2.6840761435052403 0.8728229925624286 -0.017778347939669325 0.4877129832174899 10.175252304157699
0.5381082006551052 0.04925805515206425 -0.8414352074820509 -83.63065700959709 -0.010678438414766622 0.9986091842444873 0.051630108421180154 2.705653090176988 0.8428081248663586 -0.01879737069903579 0.5378857903998359 10.493362678234664
0.5861702695025613 0.05064347646666566 -0.8086035205480284 -84.01654447970014 -0.01304493474615475 0.9985050188614776 0.05308066489702185 2.725509314583673 0.8100828629398129 -0.020566127487002414 0.5859545968515184 10.825123094174655
0.6301902403441321 0.051404794976749255 -0.7747372509621597 -84.3908387297678 -0.015088361626844002 0.9984283533573937 0.05397373949859633 2.746547197586078 0.776294146775836 -0.022324208058587935 0.6299754181046547 11.182253951305366
0.672979295537222 0.052833221089751775 -0.7377719963020465 -84.73766163135687 -0.018178176437008316 0.9983258086796991 0.054910232429403884 2.769520490517136 0.739437909279508 -0.0235421000190629 0.6728130110565961 11.56511319056348
0.7137529637358796 0.051031970172092406 -0.6985359294829466 -85.05216686312106 -0.020670459730528844 0.9984424411314264 0.05182107526912226 2.792794103434099 0.700092450218382 -0.02254838725661132 0.7136961057616535 11.940075816166429
0.7553400814705817 0.04488374420015659 -0.6537941654913961 -85.35674489596893 -0.021117615441997653 0.998800752332652 0.044171296763552886 2.8155317485858236 0.6549926775484285 -0.019557777130974206 0.7553820792894392 12.346202629466607
0.7912499952672434 0.03591347068757147 -0.6104372757399088 -85.68607670177072 -0.020603462856895433 0.9992728139928272 0.0320833373133586 2.8359707649294488 0.6111455982888959 -0.012808818760180729 0.7914145512018826 12.810761188617498
0.8264024211300612 0.0337433093681474 -0.5620679918152782 -85.95458202206179 -0.023995316617548237 0.9994064334459758 0.02471852680116011 2.8458958298312265 0.5625684519512246 -0.006940450971049928 0.8267215776847259 13.26092034636886
0.8586670164057556 0.03361424789391434 -0.5114303836059857 -86.14617310421316 -0.026500024692077073 0.9994240768944732 0.02119583013121136 2.8560640758647255 0.5118483209195455 -0.004647242425173424 0.8590632686302476 13.63328150579843
0.8860394957809382 0.03377561870725762 -0.4623777887152497 -86.35976769963776 -0.027659700628922958 0.999417266365305 0.020001716226895238 2.8595282285265933 0.46278391596659885 -0.004933079347104489 0.8864573942670773 14.093795104940757
0.9105167958406502 0.034003750690157805 -0.41207148582628067 -86.54445402379642 -0.028917070095415304 0.9994092136905166 0.018574892936486353 2.8631049996847757 0.4124596556624337 -0.00499685195965221 0.9109621638253267 14.53637032817965
0.9316991783767419 0.033828515669345534 -0.36165214300445403 -86.6934545169525 -0.029076244773338828 0.9994045743413569 0.01857602690173661 2.8653109012454916 0.3620652054561245 -0.006791782769052234 0.9321280269817197 15.014899478494115
0.9463509419206861 0.034941318944512544 -0.32124601002385855 -86.8587787248595 -0.03062961292146067 0.9993601850651282 0.018467466498578018 2.86652477374248 0.3216857496659002 -0.007637063376223583 0.9468156915286504 15.567992810187746
0.9590501085374699 0.03522037687996704 -0.2810381012722322 -86.96989416138442 -0.03214873588385475 0.9993623721525248 0.015534088539431286 2.8696916674220185 0.2814060200055039 -0.005862949608671245 0.9595708820751854 16.045104850392672
0.9689415900997638 0.03578922846270571 -0.2446861788107097 -87.08900823767985 -0.032692410948673985 0.9993258077273661 0.01670737191818314 2.874009992840481 0.24511915723032532 -0.008189086401652085 0.969458373331523 16.580843088273706
0.9765008271565934 0.03591198963243991 -0.21250050250088748 -87.20214683899975 -0.03286094366239387 0.9993001042228696 0.017873446276006705 2.8795068782887308 0.21299364531390783 -0.010470468031747442 0.9769974802194172 17.167308928695086
0.981978762602237 0.03672291016862875 -0.185389151966687 -87.2984250200779 -0.03386410021052631 0.9992540096632996 0.018564667752270392 2.8832990530571974 0.18593260207696674 -0.011952072647351764 0.9824898042444623 17.739134675161033
0.9866395689164599 0.035964315638299875 -0.1588991159478619 -87.36509351974209 -0.033179898971939015 0.9992464047649858 0.0201424146632065 2.8837303151140565 0.1595037784898996 -0.01460104670636217 0.9870893343981206 18.26600751176208
0.9900988686135854 0.036201592415750335 -0.13562328368190685 -87.42859365826314 -0.03351710010576693 0.9991954086441651 0.02202587898183753 2.8928337340321275 0.13631153425370446 -0.017262098684297796 0.9905156160194628 18.771106967808834
0.9925656633207052 0.03832648805565963 -0.11551832889221014 -87.4857591402029 -0.03590375688855988 0.9990909668555977 0.02298173598396647 2.8988457278509845 0.11629412813214787 -0.01866334002446839 0.9930394531442926 19.32996262628975
0.9938189846767649 0.03942605351206428 -0.10377577752302751 -87.55216050538941 -0.0370912762736987 0.9990155746661591 0.024333491299746976 2.905554582703737 0.10463299154871288 -0.020333909582530927 0.9943030067341936 19.991439700072384
0.9951223794659017 0.04024521985505582 -0.09006537717092519 -87.60071201569413 -0.038287573302863684 0.9989936869156893 0.023359692488947897 2.907576090480997 0.09091485916339782 -0.019797368042711726 0.9956618666002441 20.59558590143266
0.9961914603092712 0.03983308693321598 -0.07756223044919033 -87.63729389268791 -0.038227804777034816 0.9990252294389653 0.022073193841271363 2.912005000548726 0.07836586851947228 -0.019024093402742706 0.9967431336715563 21.18148029553338
0.9971857248393261 0.04004540159557239 -0.06337977585726944 -87.68285305833338 -0.03870157093409064 0.999002155580162 0.02229084012382616 2.9128142390852925 0.06420917834625992 -0.01977521067502826 0.9977405085786873 21.91657732898488
0.9979809931256415 0.041751787457810295 -0.047861525299936133 -87.71308462766687 -0.04072500762071495 0.9989230347462857 0.02223160829913567 2.920933582705975 0.04873818948474806 -0.02023756154657275 0.998606544134575 22.632093478337378
0.9985002887690331 0.040702851469274735 -0.03661217298150875 -87.73321579307648 -0.04002098127357423 0.9990149618751505 0.019168385625674987 2.92224266802666 0.03735631654831493 -0.01767438349319486 0.9991456959733545 23.329351978812166
0.9988070144310366 0.04123118499640595 -0.02616366387094122 -87.75165856287427 -0.04091153263669882 0.9990828491206888 0.012637527060558465 2.928372237394187 0.02666072805974588 -0.011552055084796235 0.9995777886701182 24.12714232167937
0.9990619368703796 0.04005598850269019 -0.01645491057035705 -87.76139133952552 -0.039964073887096704 0.9991838318026782 0.005877334639693102 2.9313309270473957 0.016676903044412696 -0.00521421606692788 0.9998473347744924 24.855211970366035
0.999168740934587 0.039622411938134164 -0.009586011234990513 -87.76607914303962 -0.03956949345008736 0.9992008552880411 0.005648537842093203 2.929110606631831 0.009802159318029795 -0.0052645288350302456 0.9999380992885759 25.588424128999396
0.9991463321458387 0.041281024713357 -0.0015760577821912515 -87.77226545698164 -0.04126031937559034 0.999082709258913 0.011459760246077163 2.929138327797865 0.002047682724906641 -0.011384948769691122 0.9999330927301938 26.278071008578213
0.9990848372810045 0.04265547046766204 0.003162080702828764 -87.77497031981383 -0.042709119576622434 0.9988977197656187 0.019475023800754037 2.9325846752596645 -0.0023278789011814795 -0.0195922506678681 0.999805343401199 27.08912001042696
0.9990838657868839 0.04232233603160443 0.006344209735145774 -87.76896196214445 -0.042457190227587024 0.9988360389610357 0.02289004741388001 2.9370202313598153 -0.005368065043762496 -0.023138434377873118 0.9997178585642188 27.886679489823024
0.9990780300259509 0.042151215173156606 0.008146470333307287 -87.76670746263066 -0.04232225399272275 0.9988593955530208 0.022107345666813622 2.9490546723635944 -0.007205326948909757 -0.02243174034449332 0.9997224116166833 28.7711094766069
0.9991130635999773 0.04092504558133346 0.009910942842810312 -87.75560642218467 -0.04112707354514886 0.9989306979505247 0.021119292452446915 2.95678824926989 -0.009036037045055397 -0.021508169058426153 0.9997278373128734 29.559320715520183
0.9990984753874111 0.04063120707904588 0.012302092905282037 -87.75153645156334 -0.040907197080564804 0.9988963045707857 0.02308189640914351 2.967159525514214 -0.011350669828796747 -0.023564331650405237 0.999657883762394 30.430309175151976
