0.9999991603391555 -0.001122549865550624 0.0006474587118153907 0.0008775117457844317 0.0011204152770899754 0.9999939672865968 0.003287865571996454 -0.026756510138511658 -0.0006511455989383351 -0.003287137388672468 0.9999943853528364 1.4313706159591675
0.9999992223640856 -0.0012432673105776816 -9.776307315264177e-05 -0.0013552314245238247 0.0012437027430981826 0.9999887028997543 0.004587731068160125 -0.05287917693692396 9.205819264663877e-05 -0.004587849088777935 0.9999894715275895 2.9653754062747852
0.9999994131961858 -0.00023270152548161114 -0.001058044084031131 -0.004654162421512867 0.00023742445771377234 0.9999899996294488 0.00446590088577819 -0.07498222518120493 0.0010569942812494611 -0.004466149470713405 0.9999894680805367 4.4751161478114625
0.9999974879119768 -5.719278180948696e-05 -0.0022407362006228605 -0.009429150780264272 6.69951358065817e-05 0.9999904283498157 0.0043747823264481895 -0.09464775907392664 0.0022404645471087326 -0.004374921455035972 0.9999879201174758 5.96941596036217
0.9999944770705489 0.000346225165799289 -0.003305443470020198 -0.01567500714743457 -0.0003306492176467314 0.9999888457075039 0.0047115954483397254 -0.11303234061733969 0.0033070378730521853 -0.004710476484233126 0.9999834373187376 7.454393653935176
0.999990491786932 0.0006642203353149984 -0.004309889450455716 -0.025839904866243307 -0.0006421839737449 0.9999867256657169 0.005112347024829512 -0.13141685236863598 0.004313227964397507 -0.00510953067361103 0.9999776441305187 8.93629633240051
0.9999857327932161 -0.00011124689354230227 -0.005340583689303582 -0.03465415007324043 0.0001322322826557228 0.9999922718175152 0.003929226370223094 -0.14904746351257475 0.005340105302070545 -0.003929876508709921 0.9999780194314217 10.406732092990538
0.9999828641154445 -0.00017441815260749562 -0.0058515855782697804 -0.04885628547377182 0.00019588857678776793 0.9999932507772695 0.003668791023567862 -0.16741489104981344 0.005850906180862754 -0.003669874414359303 0.9999761491748917 11.88054299201984
0.9999728993506615 0.0012555575173894074 -0.007254249758005073 -0.06568068775777255 -0.0012281821697032744 0.9999921131862136 0.003776921223571889 -0.1874193219916668 0.007258934686922916 -0.0037679093263468743 0.9999665548039689 13.384960506863314
0.9999650135365514 0.002281894546161778 -0.008047649353917193 -0.0840100746060623 -0.002250438118396316 0.9999898014999132 0.003915663984461417 -0.20685993216548587 0.008056502412255306 -0.003897416252357006 0.9999599506557434 14.859173766447551
0.9999534132723604 0.0040277403666313565 -0.008772034683805765 -0.10505792353281007 -0.003988336013051634 0.9999818993039911 0.004504912899201456 -0.22659795967926638 0.008790020523404848 -0.004469717208214021 0.9999513774015596 16.328603627895667
0.9999437850024964 0.005672760497254715 -0.008958047958179872 -0.1287070374336173 -0.0056268617698537575 0.9999709555985197 0.00514066007492972 -0.247928325749642 0.008986949510441374 -0.005089965395148041 0.999946662072919 17.817434207144878
0.9999267544999417 0.007005551142169452 -0.00986954347508092 -0.15167812845336953 -0.006945677350016879 0.9999573472689238 0.006087791803756161 -0.2692904486590996 0.009911770848921331 -0.006018795235831369 0.9999327631908793 19.3301781417271
0.9999157341206611 0.007718411823160414 -0.01043794888213995 -0.1727962081193947 -0.007655947357558863 0.9999526252276731 0.006011137192127875 -0.28619123329155327 0.010483850819062461 -0.005930718271204001 0.9999274550950138 20.777926832864527
0.999921260512988 0.00804304181337404 -0.009632354463175567 -0.19529974071905867 -0.007984679057502962 0.9999496243593541 0.0060822400425469 -0.3002282245050706 0.009680788938129736 -0.006004849871129504 0.9999351099464207 22.15017446828535
0.9998996010027952 0.009343841389395422 -0.010652724653324784 -0.21375372999010261 -0.00927426918925604 0.9999354637279141 0.006561730735595793 -0.3169322508832957 0.01071334893742143 -0.006462275708376054 0.9999217285103937 23.61392172134218
0.999898483164708 0.009801181445959156 -0.01034215679528386 -0.24065999215250533 -0.009721547306624593 0.9999229255449343 0.007722336927704042 -0.3310405548268114 0.010417047704599919 -0.007621011213960205 0.9999166991830851 25.045033157410316
0.9998969134973013 0.010099905673694367 -0.010205600616887514 -0.26352962129900015 -0.010035730494406416 0.99992966839019 0.0063199989342085094 -0.34584376515214144 0.010268714233660409 -0.006216926770296696 0.9999279490690914 26.463799210713187
0.9998982102455714 0.010319272432918858 -0.00985300787357762 -0.2854345889551657 -0.010278162423644125 0.9999382993405342 0.004213892399379392 -0.3649641288582061 0.009895884240166304 -0.0041121926530207995 0.9999425790247602 27.832075613604466
0.9999140914684798 0.008586952244731596 -0.009903228458938202 -0.3039721594693461 -0.008544212951018332 0.9999540360903134 0.004349957671080502 -0.3871615901866742 0.009940126146627882 -0.004264968679749055 0.9999415002560645 29.21129822262259
0.9999292630227962 0.0071902414211196366 -0.009474670389633814 -0.32041172551010666 -0.007122684301386256 0.9999491079993998 0.007144842863745663 -0.40678726028979445 0.009525561349808953 -0.0070768523731138365 0.9999295884418359 30.600922981525216
0.9999388901005078 0.006275975787174891 -0.009100999532019533 -0.33782727887975234 -0.006198579496181927 0.9999445979045299 0.008507569204990245 -0.42172309613706566 0.00915388861591282 -0.008450636039197275 0.9999223935254873 32.0156114018695
0.9999398033042991 0.006261784440152226 -0.009009984649442769 -0.3566561901426925 -0.006188851238980485 0.999948043131866 0.008099947968566834 -0.4349371113895873 0.009060236647014065 -0.008043698923802883 0.9999266028161878 33.427036325339124
0.9999383827996646 0.005878336867940781 -0.00941678074805023 -0.3759083493801559 -0.0058204606094388114 0.9999640769692427 0.006161737526414309 -0.4515886402373555 0.009452663237617882 -0.0061065478559869865 0.9999366766105731 34.76620342550944
0.9999351700621064 0.006844052812655946 -0.00910025351085832 -0.3983214340281264 -0.006793616348256642 0.9999614562584969 0.005561724040148637 -0.46721968650920737 0.009137967486099583 -0.005499539842899892 0.9999431246884686 36.16216053511079
0.9999442315010566 0.007203050407351472 -0.007723338176486038 -0.41959391292992027 -0.007164517782483127 0.9999618079520181 0.005005229492817445 -0.48629356873168594 0.00775909612672095 -0.004949616364976205 0.99995764796572 37.49739601555812
0.9999517564335825 0.007656084943738171 -0.006153793035637274 -0.43841761682742864 -0.0076161922602745995 0.9999499995895504 0.006480118541551163 -0.5027504579790051 0.00620309768145928 -0.006432937446632567 0.9999600686502241 38.809135513988714
0.999956332020563 0.008455687193465646 -0.003979372571853483 -0.4550964503577301 -0.008421933937114738 0.9999290534617227 0.008423720787256781 -0.5177660876072719 0.004050318597127132 -0.008389838927479354 0.9999566018193148 40.095555043482854
0.9999584639439872 0.008878838720343903 -0.0020583026399076053 -0.4693722052592209 -0.008858978848428956 0.9999159632660992 0.00946492997287999 -0.5325578031837866 0.002142167253604918 -0.009446302377467885 0.9999530881450639 41.363837862926594
0.9999515152489835 0.0098317138668791 -0.0005518638415906599 -0.4817053821663097 -0.009825707017502733 0.9999017478932266 0.009997501771731874 -0.5440143235042173 0.0006501021966088549 -0.009991594592926674 0.9999498714458757 42.63930604556626
0.9999422241065222 0.009920292993535529 0.004139593678346917 -0.4878236810384079 -0.009958639332483456 0.9999067171095243 0.009347865098423539 -0.5550812964363683 -0.004046473964442805 -0.009388549737591066 0.999947739225545 43.84726185482807
0.999927663776286 0.009572872547865003 0.007281986410235387 -0.4880028792724116 -0.009627925821128359 0.9999250485402217 0.007563091049109886 -0.5699002722935125 -0.007209040108042835 -0.007632654388652009 0.9999448846450002 45.098275574817194
0.999893405412456 0.009452413933172258 0.011127878661973506 -0.48206447429039934 -0.009512888551297808 0.9999402020746763 0.0053941844856469166 -0.586085110304297 -0.011076225173326047 -0.0054994677643002594 0.9999235336215554 46.29466217610202
0.9998502772971584 0.010053387283405145 0.01408376345027122 -0.47503379418984165 -0.010140268955538968 0.9999299119067075 0.006111155353324698 -0.6002993686813622 -0.014021338534628596 -0.00625305352391966 0.9998821437486135 47.48871032009622
0.9997503343455063 0.01104914734260927 0.019421259460902864 -0.4641380230555497 -0.011165065449943444 0.9999204369606826 0.005870354491432724 -0.6159841613929871 -0.019354851834743617 -0.00608572849853783 0.9997941556235944 48.64588226609065
0.999572014369419 0.012411100901318601 0.026490614637591836 -0.448767376903261 -0.012552791060625347 0.9999077460305991 0.0051891101928916395 -0.6265474551301724 -0.026423768203047645 -0.005519420478906819 0.999635593839839 49.83797760338998
0.9992796115661837 0.013639047289913787 0.035415170438085564 -0.42366138557491395 -0.013829891047532607 0.9998911030784896 0.005149378418163 -0.6389333304865173 -0.03534108121929115 -0.005635456814097738 0.9993594196307686 51.009133911249805
0.998875593523361 0.015112390394789264 0.04493511232774563 -0.3880024534326616 -0.015393639942036304 0.9998639880519589 0.0059195646939569635 -0.6492631713780316 -0.044839541842960254 -0.006604623637004472 0.9989723692044368 52.16458168038154
0.9983029732205267 0.017442814044200713 0.05556007466944032 -0.34164362121854275 -0.017831057229888564 0.9998198872813607 0.006499722667206243 -0.6583408389821981 -0.0554366941395209 -0.007479387334908523 0.9984341899734676 53.31379461243116
0.9975356429316729 0.019884089400513692 0.06728494682768504 -0.2858183990790759 -0.020350314250814506 0.9997733707977584 0.0062507402425296755 -0.6657534082078395 -0.06714540781606085 -0.007604605998923463 0.9977142196926004 54.40946545609682
0.9964580409562778 0.022105232385020192 0.08113403302424355 -0.20921128612324397 -0.022738499342928445 0.9997177082710786 0.006889442419570705 -0.6737741191397117 -0.08095883683209905 -0.008709906453297408 0.9966793889051618 55.57163473042095
0.9951419439317 0.024298879164853644 0.09540480018933425 -0.11904093485412769 -0.025190180629804947 0.9996494637091132 0.008148895993843079 -0.6815831045052099 -0.09517334830546187 -0.010512572349930036 0.9954052037210339 56.691054064942634
0.9934744567264069 0.02518226814213189 0.1112400881129915 -0.008644639980243146 -0.026373143349759622 0.9996094009285188 0.009246777015741857 -0.6919345061894484 -0.11096378301960233 -0.012120187562228197 0.9937505420936551 57.763964511974436
0.9913098170987593 0.025032638653685404 0.12914415792305867 0.11818066087778634 -0.02625982819710725 0.9996246563210763 0.007808194287193707 -0.6999472867864792 -0.12890022477358343 -0.011131643050429194 0.9915950880154235 58.825197425608934
0.9887729568010571 0.024300155322877492 0.14743657059961873 0.26851903641320635 -0.02553078625145013 0.9996531642475186 0.0064598887996918574 -0.7097229457199347 -0.14722845802451073 -0.010151534918703065 0.9890504170599784 59.87694111161478
0.9858861514539071 0.02149288800266817 0.16603178050212614 0.439333389891079 -0.0227321999304192 0.9997260882282579 0.005567369409945066 -0.7184595857040065 -0.1658666435957661 -0.009263060030470768 0.9861046862585864 60.89551669886457
0.9821332453862666 0.016827412062517588 0.1874329920540015 0.6353659222578009 -0.01852494404237747 0.9998016851301244 0.0073086838205112655 -0.7315118254234906 -0.18727283507028972 -0.010650287049636597 0.9822502006263448 61.92992204562408
0.9773856013523683 0.011414513223167392 0.21115656550755255 0.8646506176013036 -0.013491202623861952 0.9998737327962421 0.008396780089350788 -0.7396956243171368 -0.2110340582011091 -0.011055647967674895 0.9774161851162401 62.952441048260106
0.9720936576949705 0.005845705493674652 0.23452025157007794 1.1250338004513647 -0.007784123887312358 0.9999427596392685 0.0073406307841622715 -0.74469938287611 -0.23446391638057745 -0.008961315321069759 0.9720835183991119 63.991016332593475
0.9663725033480973 -0.0006351272419199878 0.2571454479202695 1.4028193173982253 -0.0006277649733107901 0.9999881429051114 0.004829074478944832 -0.7522030581844361 -0.2571454659990485 -0.004828111698322989 0.9663606462669925 64.98485286630122
0.9594231335916962 -0.004206779084478371 0.28193891845366514 1.6955732423667214 0.0028357741584044836 0.9999820892489232 0.005270632436418247 -0.7559674500802208 -0.28195604110217365 -0.004257251588959023 0.9594178790781921 65.92836721981725
0.9513059087662641 -0.0070843358121567895 0.30816696794512355 2.0072021001114018 0.005111155960176271 0.9999609475121708 0.007209683440415826 -0.7655957399186246 -0.30820600907695006 -0.005283525022259701 0.9513049670490514 66.86502980592147
0.9424255806288295 -0.010823650828200698 0.33424074191989295 2.344847041908194 0.008120134998419945 0.999922048586294 0.009484732921657347 -0.7706961021029471 -0.33431734681888525 -0.006224574984440736 0.9424400067284088 67.78848016110321
0.9335949930960907 -0.013533574440391995 0.3580743375736024 2.7144453047521377 0.01105930379626813 0.999898726312971 0.0089570596313006 -0.7715562869231314 -0.3581592950984935 -0.004402213143771425 0.9336501164001352 68.71585307050695
0.921973909679277 -0.013744039688876716 0.38700802477950835 3.101180647116071 0.013084395021886209 0.9999049809352286 0.004339090668519175 -0.7776095936064406 -0.38703088827329696 0.001063237484747525 0.9220661370251229 69.62447587617145
0.9097131123684205 -0.015013514110723401 0.4149658390506457 3.516390991242153 0.016980040472474377 0.9998552776181571 -0.0010497831536002084 -0.7822817746390424 -0.41489002327184554 0.008001138241747847 0.9098363865972403 70.51767227141325
0.8964652033313513 -0.01728387985353221 0.44277692658186846 3.9497293478755613 0.021343046132871232 0.9997634475109594 -0.004186096364123726 -0.7913414725273472 -0.44259983461118346 0.013202898098836584 0.8966220329012352 71.37807834903501
0.8815305060332539 -0.018976733300727428 0.4717455357774848 4.397600722998144 0.02189657203374025 0.9997599961238683 -0.0007002025224749579 -0.8060451038828452 -0.47161902746382534 0.010946859989710211 0.8817344607025632 72.1983960068606
0.8649581850658896 -0.018274081010933096 0.5015111125894678 4.90239103135347 0.018184341446383985 0.9998218019105355 0.005068939783610475 -0.8182777250486472 -0.5015143744836048 0.004735228355042814 0.8651363532985671 73.06462866955661
0.8453280961573022 -0.01784477765612492 0.5339494112343153 5.388327812637839 0.015447097118198697 0.9998405420914775 0.008959775713693151 -0.8309222773954492 -0.5340241539834033 0.0006740182654888221 0.8454689519205818 73.83429875081364
0.828166732931565 -0.012958613085892069 0.5603319880324036 5.864272924328663 0.012957195012770895 0.9999081553779093 0.0039739031375056345 -0.8366830975276136 -0.5603320208259178 0.003969276462454935 0.8282585775478009 74.52692711166706
0.8075357437785456 -0.006698908859075527 0.5897805923732371 6.405837346112294 0.010994012247856568 0.9999327348149802 -0.0036956109274146167 -0.852551317643708 -0.5897161641117893 0.009468392975085373 0.8075550726233756 75.2722892234173
0.7869918186185955 -0.0040560263286273926 0.6169501001522041 6.923052652067587 0.010227738762880363 0.9999267451864189 -0.006472837143871305 -0.8607260238220347 -0.6168786515897529 0.011404074329566916 0.7869756516573387 75.91863678222971
0.765966462025318 -0.0072315047121668 0.6428398590566802 7.555572170002516 0.012490488269851467 0.9999153854718221 -0.003634501274777502 -0.8751224257925251 -0.642759182552218 0.010813289801608285 0.7659919751593157 76.65919201212134
0.7417370950965668 -0.007537113170864723 0.6706483979573452 8.170381087208602 0.012170632238333272 0.9999234639901389 -0.0022230323612105482 -0.8982504440489064 -0.6705803139584576 0.009811120578676221 0.7417720569314846 77.33500182392417
0.717556210606965 -0.005468080081230012 0.6964791344466794 8.807852287099564 0.013078700031220136 0.9998986525427228 -0.005624255394186266 -0.913127024213331 -0.6963777941784647 0.013144761065570063 0.7175550034886967 77.97726260158056
0.6904447847367249 -0.0033207793618623025 0.7233774752190485 9.480381424107826 0.01375248254083539 0.9998689916044765 -0.008536325427808718 -0.9296902983294858 -0.7232543594433563 0.015842097470829597 0.6903999996334761 78.61488796939739
0.664323123744463 -0.0012383800687830575 0.7474444820006377 10.184478225059479 0.011460840753028546 0.9998979418005721 -0.008529660732502792 -0.9508219594264784 -0.7473576362007888 0.014232793042235986 0.6642695169993766 79.24198526592802
0.6376112947206143 -0.0004323562528064798 0.770358130944803 10.895390067272048 0.013786320412131294 0.9998461006882354 -0.01084953031349829 -0.9702652783058155 -0.7702348824963682 0.01753818709559588 0.637519127383018 79.81953810342934
0.6076366423421016 0.0062316309819409115 0.7941907061018276 11.619522827796548 0.012772561802326148 0.999763224024888 -0.017616967740386992 -1.0014650272174024 -0.7941124432649452 0.020848565002536547 0.6074131746917523 80.38187188996262
0.5792295878753948 0.015460675822639774 0.8150178231381233 12.347046287331516 0.011707553363244775 0.9995592188340932 -0.027281884796006677 -1.0498241825489494 -0.8150803750084683 0.025344339543240165 0.5787932676950991 80.91561386157335
0.5483516074755075 0.02399144414295209 0.8359036578380074 13.099325533027065 0.011758148404753775 0.9992683605600584 -0.03639353692213863 -1.106381827463904 -0.8361652112621747 0.029785133733909817 0.5476683168518469 81.43031640145836
0.5163589998168956 0.028048862852345056 0.8559127552506642 13.856778192682892 0.011945615075536946 0.9991303192991098 -0.039948808965031266 -1.1627231065218462 -0.8562889031095525 0.030852331353526535 0.5155748714410843 81.8959932529867
0.4842391771961684 0.02790754536278914 0.8744904734645195 14.61429853545583 0.009402964918450638 0.999267455022238 -0.03709632844527853 -1.2250502594776402 -0.874885137328963 0.026186298806846704 0.48362203654887237 82.33075850617786
0.4507914110567023 0.02641991842957853 0.8922382482429675 15.4486580148147 0.0061382939460522005 0.9994465019528488 -0.03269573491518774 -1.2890120288446547 -0.8926082147644271 0.02021577711557944 0.45037972566565926 82.77527758271737
0.41561155992669185 0.027393113200595513 0.9091296104541304 16.269348617783272 0.0029218190628459806 0.999500998324995 -0.031451825395363085 -1.3402858223442142 -0.9095375166691391 0.015728054441531445 0.4153241313417976 83.1641329141907
0.3804290654594097 0.03070129473444973 0.9243003606270564 17.13058888193223 -0.0037382776371611658 0.9994916991350502 -0.03166020594430512 -1.3944536315680391 -0.9248025472683271 0.008589171191492337 0.3803504629999231 83.54422467678238
0.3441624784214361 0.03344021312260819 0.9383144145717506 17.997844800510894 -0.009130313373293258 0.9994374948525667 -0.03226966471052022 -1.4473904939660232 -0.9388657123489593 0.0025389031368831193 0.3442742048808505 83.8842490532685
0.30878762768732804 0.03261263116998399 0.9505717317885067 18.91602681718362 -0.010835537544782517 0.9994677477265507 -0.030770316549070226 -1.497893253176703 -0.9510692888077854 -0.0007984626384277689 0.30897665015995557 84.19434679288175
0.273526143234581 0.03208329547915069 0.9613293458115232 19.819401812911657 -0.011530690174812057 0.9994811115521262 -0.030075751605190472 -1.554281027909293 -0.9617954523448876 -0.002858286501058422 0.27375415621862265 84.45929934607192
0.23902149798867778 0.031790580890957536 0.9704937312862263 20.740672230631194 -0.010110109748358178 0.9994912185247943 -0.030250450785006894 -1.6200421756289913 -0.9709616414566148 -0.002581290071932255 0.23922129454009733 84.6897447652686
0.2040104104876438 0.03073906573687 0.9784860051376747 21.65647396169511 -0.007238161497906275 0.9995269585354792 -0.029890938073985938 -1.6856844471712453 -0.9789419601951858 -0.0009843771822930219 0.2041363994263878 84.87868812607078
0.1718260918896822 0.028742522867875233 0.9847079067038642 22.58585220004618 0.0012396675993274174 0.9995671765497377 -0.02939256349192412 -1.743800716390877 -0.9851265184584977 0.006271119802178995 0.17171609035342353 85.02837783815417
0.1409024129397001 0.03208022946650615 0.9895035972168794 23.544950903664926 0.005178124877526292 0.999437317477188 -0.03313963573658115 -1.8044857739247993 -0.9900099479553336 0.009793227832377502 0.14065701418023993 85.15288701058591
0.10960483102692221 0.0370613839484242 0.9932840655297884 24.510887675597324 0.006901120468420117 0.9992521747107842 -0.03804557624805525 -1.8643620342747917 -0.9939512842950803 0.011024751951573177 0.1092671006871059 85.2561406477141
0.07905722713124058 0.040436454579822964 0.9960496212435058 25.42194593745309 0.014112920081821231 0.9990314300115074 -0.041677659914215015 -1.9331689415846751 -0.9967701742754359 0.017352088928274636 0.0784099782217908 85.32098830721816
0.053789204312708255 0.03955277109403397 0.9977686604610243 26.351264540182168 0.017486743133973397 0.9990246721226902 -0.04054526242011441 -1.996526394666822 -0.9983991863548225 0.019628621676838588 0.05304509305388573 85.3598428277445
0.03353420909518411 0.03632433804311744 0.9987772520868143 27.322874877367088 0.01943140746427767 0.9991267187294971 -0.036989462347857494 -2.056992770147867 -0.999248656353521 0.020648060116041988 0.03279909128507434 85.3856172731561
0.014430773359264296 0.03412038746316461 0.9993135403563863 28.351168510028813 0.021366196518311162 0.9991788883779852 -0.03442433247097589 -2.114541051069662 -0.9996675639564354 0.021848299226596472 0.013689901179725579 85.3941711761604
-0.0025800608870029506 0.03766029572695974 0.9992872687128438 29.344661267910723 0.024002737206571582 0.9990050222447585 -0.03758768596680828 -2.1926289846442795 -0.9997085634785826 0.023888651186391198 -0.003481443965269105 85.38849842580737
-0.01745338353278501 0.042607692551813736 0.9989394195538915 30.340755209268863 0.026460797393936572 0.9987613498658339 -0.04213777658410585 -2.2694377343274486 -0.999497476537352 0.025697286813690958 -0.018559198416967092 85.36585040646766
-0.030100539021099767 0.047618141739156995 0.9984119741509248 31.353159447056743 0.030480882848057285 0.9984437689066932 -0.04670070783402206 -2.3487655596761927 -0.9990820153177826 0.029026761939721025 -0.03150513862614323 85.32788755449162
-0.03732885273440603 0.05056799289265461 0.9980227626904807 32.35486921415086 0.03554269685370963 0.9981541073046557 -0.04924525125541895 -2.4276012550451602 -0.9986707532785257 0.03363415177542724 -0.03905727051970215 85.27999842446162
-0.04308686590118974 0.05521052440593165 0.997544645608222 33.32499722430314 0.038749375719669896 0.9978129603689077 -0.05355167598843956 -2.5023893230674163 -0.998319592048633 0.03634685838772014 -0.04513200657176971 85.23050805677457
-0.04942646188729285 0.060056657618498405 0.9969705225035475 34.22685179882517 0.04064604309862131 0.9974845765995949 -0.058072529016308445 -2.5752400393283335 -0.9979503615139026 0.037652587183610996 -0.05174319890238295 85.17804373830396
-0.0518794988628272 0.06401020062644047 0.9965998253127997 35.21448435144732 0.04224106708166791 0.9971912358204837 -0.06184926397796916 -2.6545285502352476 -0.9977595952179783 0.03888873125440482 -0.05443764076334254 85.11827169868876
-0.054304860706565206 0.06735301305392793 0.9962502465426024 36.20024623564801 0.04323314067937335 0.9969454602270702 -0.06504340765697 -2.7385150101076237 -0.9975880300257407 0.039538853867944694 -0.05705086663821373 85.05831855534137
-0.05627595562616081 0.07109882629538852 0.9958805017258742 37.189283650542585 0.04409682706626566 0.9966648717602979 -0.06866296848895206 -2.82354150279106 -0.9974409690107231 0.04005109609542708 -0.059223500745098 84.99541389663763
-0.05793107535372146 0.07456682454295478 0.9955319076684283 38.174589142677455 0.04528891862162627 0.9963762758491616 -0.07199465796180246 -2.911510461299036 -0.9972927876799497 0.04091583559617729 -0.06109819996547712 84.92872429973082
-0.05942556410526721 0.07634216505001379 0.9953092364517901 39.10989514673829 0.04830430967927608 0.9961231957941867 -0.07352055812616279 -3.003439045893886 -0.9970633360008676 0.043708724944229865 -0.06288283841057339 84.86347244101803
-0.06277993061454461 0.07509013240300093 0.995198549198968 40.09405800918009 0.047706524137902745 0.9962514768738969 -0.07216011627801316 -3.100672092690849 -0.9968865371077654 0.04294725651629532 -0.06612688780678294 84.79072392710299
-0.06607852805051245 0.07500837582220869 0.9949911415119183 41.133117895587844 0.04746399822296454 0.9962780228682679 -0.07195324886607235 -3.1985652139167913 -0.9966849035695121 0.04247169299906498 -0.06939278269694273 84.7093201494156
-0.0691969433770424 0.0770369115823226 0.9946240984819993 42.14009276187187 0.04782857410928697 0.9961235928670137 -0.07382557302440584 -3.2936271788521685 -0.9964558246736012 0.04246294840878161 -0.07261327348692051 84.62761417066555
-0.07274640687563023 0.07947231140394849 0.9941791146502711 43.18087370918137 0.04773491529407116 0.9959552738758369 -0.07612141814740389 -3.3927831721874324 -0.9962074774606708 0.041919496168464424 -0.07624577163639294 84.5437259878241
-0.07635661805617674 0.08176649019622723 0.9937222489005725 44.21811656879303 0.046202744478929844 0.9958514331999899 -0.07839151354667445 -3.490683714030593 -0.9960095246942359 0.039926984290251745 -0.07981768377902308 84.45682697315237
-0.07922830904914858 0.08538540410068957 0.9931929358446789 45.25961074678438 0.04429362187554997 0.9956424059272426 -0.08206262596672785 -3.5940544806815007 -0.9958719546740725 0.03749042925829506 -0.08266509304216846 84.3585575836061
-0.08164772940644394 0.0894217316316204 0.992641628280203 46.27517431400892 0.042595893829112705 0.995369969723608 -0.08616387410811895 -3.699310446183336 -0.9957505903144976 0.03524737273079057 -0.08507869653388944 84.26575058409244
-0.08455123743948068 0.09207146829067421 0.992156203918642 47.295701285284096 0.04147284863712298 0.9951840729872075 -0.08881814960080898 -3.8063595982842897 -0.99555566949989 0.03363785961366714 -0.08796251091934777 84.17096562625976
-0.08738458808723794 0.09062463244945648 0.9920439051565322 48.3301500060745 0.038829869487151926 0.995406442389525 -0.08751146030684748 -3.911799352127588 -0.9954175882515006 0.030873782450926215 -0.09050212459792523 84.07350521827927
-0.08927356986041433 0.08649640156954583 0.9922442250977809 49.38345365267853 0.036449767649658016 0.9958383939997824 -0.0835302787869 -4.023013949894948 -0.9953399641141026 0.02871002527778696 -0.09205482217616398 83.97291586037088
-0.09145430098901025 0.08567529917162929 0.9921168549835554 50.47309383285341 0.036197787936156724 0.9959196235387333 -0.08266694381065345 -4.131623373622951 -0.995151159864239 0.028352187963480477 -0.09418238932275466 83.86174830059556
-0.09398461699285471 0.08589590478742098 0.9918612732179104 51.498655320281145 0.03518684984574019 0.9959352698658519 -0.08291455743814162 -4.235304132819478 -0.9949516457429675 0.027107780764567584 -0.09662500119213661 83.7546118391321
-0.09463782240974061 0.08858276228225243 0.9915627951854517 52.55732638966761 0.03606822661142882 0.9956843768434015 -0.0855085068228355 -4.33773144811133 -0.9948581635583279 0.02767157271298914 -0.09742442437572185 83.63897228965381
-0.09540097472665447 0.09181868921755557 0.9911952291711112 53.592513497855784 0.03792294658706755 0.9953492517577572 -0.08855347055550289 -4.444525827743421 -0.9947162932933986 0.029140956326789258 -0.09843932405802831 83.52728058451189
-0.095840066679003 0.09279178355389431 0.9910622414984082 54.67680693746321 0.03639441378803792 0.9953063845889809 -0.08966965730632552 -4.556993023124798 -0.9947311839205552 0.027475183371471937 -0.09876733283183597 83.41240840632811
-0.09646953767954089 0.09198477602495342 0.9910763993151751 55.76010027761927 0.03378645388739242 0.9954493065794536 -0.08910192794882175 -4.670404282864886 -0.9947623353513193 0.024889335268766556 -0.09913837378264885 83.30074458035362
-0.09602041314012937 0.09142741472110612 0.9911715835806691 56.82600082181128 0.030280021888960097 0.9955801280137803 -0.08890066916770747 -4.7817506946760675 -0.9949186904138463 0.02147641826462074 -0.09836443932499235 83.19424692944739
-0.09659492076938948 0.09259383052504826 0.991007469109215 57.82489740342716 0.027029252705684473 0.9955402428537531 -0.09038276581771486 -4.8895169080765815 -0.9949567029673843 0.018055675212693377 -0.09866687292544606 83.09539398569612
-0.09740562462084802 0.0930809739867301 0.9908824736435204 58.897800324760375 0.023047881062979267 0.9955608255521533 -0.09125479606255664 -5.001909827490869 -0.9949778587841688 0.013949010989805161 -0.0991185432786272 82.98607062030415
-0.09756523688737426 0.09255999012694575 0.9909155729822839 60.002661886857155 0.019599890584363032 0.9956513617513473 -0.09107255421786407 -5.115041242265101 -0.9950361143396714 0.01053632148259006 -0.098955126645485 82.87468815381904
-0.09703585612062238 0.0871153862616226 0.9914610189530519 61.08101376623839 0.019355265262000983 0.9961388064988279 -0.08563207280993208 -5.225900881857341 -0.9950926672092281 0.010880609522274912 -0.09834732331308431 82.76007764436247
-0.09675761112633519 0.07839968648406012 0.992215427136831 62.22117710301452 0.022041020668469514 0.9968171847999348 -0.07661392494463595 -5.330939680748041 -0.9950638964895757 0.014456460380441925 -0.09817765864111715 82.64114890486526
-0.09782237909749726 0.07167563577108807 0.9926194564809384 63.27845461104145 0.026955660265576022 0.9972280084507377 -0.06935193970625347 -5.4164885206664986 -0.9948387681063461 0.019972541104809054 -0.09948328037647504 82.52183040407391
-0.09664647127419347 0.07356898399256359 0.9925961233979035 64.33560309543469 0.035476309920898536 0.9968854853316745 -0.07043266691973073 -5.4951125984806035 -0.9946863279570313 0.02840657897972396 -0.09895542049845406 82.39600377486003
-0.09532604102383539 0.0792676655738761 0.992285031176621 65.45991292953434 0.04108809683961276 0.9962882725755481 -0.07564024211044394 -5.582813527974807 -0.9945977650290697 0.033560618631010244 -0.09822917426245241 82.2692646860628
-0.09435726527944964 0.0848396416721404 0.9919168017983786 66.61142452560787 0.04438497212630091 0.9957299364308586 -0.08094360965970894 -5.67014699072226 -0.994548480838582 0.0363885819500933 -0.0977199588893195 82.14178569558375
-0.09347125293892143 0.08922943851268453 0.991615465882182 67.75138300174663 0.045172751879314174 0.9953302805850738 -0.08530565654214081 -5.768812391617114 -0.9945966757242245 0.03682037280021524 -0.09706550770059924 82.02086860827637
-0.09326877409885106 0.08695121380441599 0.991836892939577 68.87223119040917 0.04293737489168033 0.9956037650802012 -0.08324376730744394 -5.863946840835003 -0.9947146915651285 0.03482282837541081 -0.0965921995216379 81.90964957054433
-0.0946520038857297 0.08255949226745649 0.9920811097873768 70.03523517579929 0.04108863078482984 0.9960300132917709 -0.07896794946191642 -5.964331232614076 -0.9946621147810162 0.03328877976934044 -0.0976684931839568 81.79003787754911
-0.09480854193850098 0.08081576074322643 0.9922097324613314 71.24536940715844 0.039734003845167204 0.9962123011491196 -0.07734507080354408 -6.064770458960001 -0.9947022415345848 0.03209149193581681 -0.09766056948126853 81.66927348698138
-0.09549670235189481 0.0819077502701994 0.9920541821319973 72.4328114748989 0.03846966115711568 0.9961681004210683 -0.07854426060467014 -6.164160811978982 -0.9946861138119752 0.030663270359703697 -0.09828173197739962 81.55054763637867
-0.09513714177749757 0.08727913321968528 0.9916306152791101 73.59335083853213 0.039697551381279464 0.9956892135263997 -0.08382776676917832 -6.2628881808944445 -0.9946723222593149 0.03139017316928201 -0.0981917937490883 81.42629826191859
-0.09371277700230758 0.09080046049422008 0.9914500450353266 74.73306152265519 0.03977595220061959 0.995378825689753 -0.08740061209751313 -6.367863153245937 -0.994804397383249 0.031245315529267945 -0.09689138870109512 81.30516950839731
-0.09332359288638509 0.08976204593844211 0.9915813038373198 75.91274859901021 0.039341651565778506 0.9954823517995843 -0.08641250897666944 -6.476399288396557 -0.9948582519448952 0.030946120346678464 -0.09643337686006735 81.18492973490163
-0.0925664520827221 0.08254900290805098 0.9922787481689314 77.09028673892304 0.04054753057984576 0.9960433268181375 -0.07907963622153902 -6.578711568212432 -0.9948805705775409 0.03291433152809071 -0.09554735510397636 81.06365891608412
-0.09242823089330333 0.0813838834458965 0.9923878705673487 78.24431348398974 0.040304389327139166 0.9961431737845734 -0.07793801077369954 -6.679353794216093 -0.994903300997087 0.032793914643720834 -0.09535187899270661 80.94842366333992
-0.09308731640996039 0.08467447884298962 0.9920508979665599 79.38816747209006 0.0380062900690261 0.9959532299178201 -0.08144130236832152 -6.776945907320764 -0.9949322959070032 0.03012302190895578 -0.09592877624723256 80.83708627001919
-0.09302748106517303 0.08838549708716553 0.9917327723088117 80.55232348302322 0.03780077581658256 0.9956475329347173 -0.08518856442430017 -6.878186844980175 -0.9949457216925619 0.029563390632052534 -0.09596362237849994 80.71937412539891
-0.09253260498043035 0.08814742208874196 0.99180025660142 81.69705045977832 0.036817974535583824 0.9956954724934229 -0.08505858455907726 -6.985594704885114 -0.9950287200712511 0.02864538418673704 -0.09537970537887766 80.60315014312256
-0.09236126045450405 0.08540333269070105 0.9920562828451692 82.85017856821666 0.03532603852169965 0.99596880449608 -0.08245126726139188 -7.0941020254221625 -0.9950987230268252 0.027430115493149353 -0.09500589557713686 80.4863837889915
-0.09125326151481013 0.0838937503234101 0.9922875999021558 84.03460726673845 0.035343474921983205 0.9960901132405607 -0.08096496208140164 -7.1994907997523665 -0.9952003220675466 0.02768257504418599 -0.09386156825652446 80.36891457855768
-0.09011120260259943 0.08395912515611025 0.9923864350486314 85.19630286059314 0.0369662630358501 0.9960355762821793 -0.08091122405073446 -7.29969793066544 -0.9952454303148934 0.029393810287957317 -0.09285761871854113 80.25270023603738
-0.08970747969226864 0.08414291068688295 0.9924074458952825 86.40190245627306 0.037983179807035326 0.9959890308761449 -0.08101313736759559 -7.399058126288725 -0.995243611453501 0.030427306084070738 -0.09254368106715145 80.13562812259072
-0.08918560611188715 0.08338983422029529 0.9925180417559998 87.58097179640195 0.03841961032797653 0.996035436408103 -0.0802330540460896 -7.50057272421562 -0.9952737619392473 0.03097652285244364 -0.09203582904103319 80.01829200729505
-0.08811924338191461 0.08433289448416108 0.992533607417764 88.76620023855845 0.04004295574579586 0.9959041919643388 -0.081064185205269 -7.598784262268481 -0.9953047576702019 0.032600664652385036 -0.09113526223851891 79.89815081793348
-0.08628213892177335 0.08248267972377571 0.9928504419340642 89.92595299594988 0.04027831485186385 0.9960409156147613 -0.07924740862639466 -7.699289756158176 -0.9954562018771986 0.03315270678073938 -0.08926280399658304 79.78504939840927
-0.08518925664051406 0.08181003331801792 0.993000457704597 91.12365570203055 0.03955033078611153 0.9961155685432304 -0.0786736642117473 -7.799973959943198 -0.9955795105805191 0.03257134560159291 -0.08809395869159144 79.67122701380094
-0.08446545970220798 0.0810456777676156 0.9931249590220156 92.27512850763573 0.04043213783134335 0.9961446177373638 -0.07785334150352942 -7.89672933145397 -0.9956057594990508 0.03357824694747687 -0.08741666308120175 79.56379130873225
-0.08419797087176568 0.08173825489671815 0.9930909119448803 93.47774460447059 0.038831253425104 0.9961420063292665 -0.07869712182625085 -8.00013923285432 -0.9956921388956089 0.031936826904680936 -0.0870471345234742 79.45773949133893
-0.08206971487325314 0.08478517650778025 0.9930136130714247 94.68511562238925 0.039633611146006116 0.9958642625496205 -0.08175296596469792 -8.105779516484919 -0.9958382091324626 0.03264727279639801 -0.08509063879656488 79.3476623946079
-0.08125664018955754 0.08307058317344691 0.993225370515839 95.8958168432512 0.0367950063155138 0.9960913755857539 -0.08030005600196802 -8.21477080458252 -0.9960137980647388 0.030020821023105708 -0.08399562113439359 79.24617070580696
-0.08057350890783688 0.08103239924138736 0.9934493746213042 97.13806113952332 0.0328387771959745 0.9963646843742091 -0.0786068091462391 -8.323397918953837 -0.9962075709281435 0.026290036231708197 -0.08294160367622273 79.15131192226934
-0.0795563236367802 0.08208435057270635 0.9934449913107692 98.32690716748675 0.03004642574848081 0.9963484880861584 -0.07991809925270377 -8.4250991285582 -0.9963774403654175 0.023491480998034876 -0.08173216411779428 79.06157096089245
-0.07913124470531507 0.08084091044715792 0.9935808941950622 99.42498373602007 0.02668693038522766 0.9965209289652425 -0.07895470778149795 -8.516345418425173 -0.996506926146528 0.02026783985338161 -0.08101333723329837 78.98296488349048
-0.08120846547603294 0.07786761416151529 0.9936507534339309 100.61387921373483 0.02398692500774996 0.9968074558928872 -0.07615460133845947 -8.621385844195968 -0.9964084566901772 0.0176502277928787 -0.08281700848955459 78.89005376597126
-0.08198079801814538 0.07628388887483512 0.9937101775942707 101.87901438192466 0.021242841220793337 0.9969736262161796 -0.07478188501386587 -8.724837765913255 -0.996407492170335 0.014978548911383617 -0.0833531800193195 78.78892877176479
-0.0830903589966951 0.07526232246838886 0.9936959167967139 103.14440551831198 0.01980914695681272 0.9970717423698069 -0.07386161563679834 -8.830244869095282 -0.9963451158803578 0.013547080286873446 -0.08433793142505507 78.6819907703585
-0.08428642595756494 0.07540056263632215 0.993584698731529 104.37414655819788 0.02005675310461947 0.9970592905743795 -0.07396281318482298 -8.92985323518151 -0.9962396925711202 0.013694021813870286 -0.08555085453904596 78.57739629360508
-0.0866330635186343 0.07358008727766266 0.9935193420671713 105.6094107828039 0.019089261466103305 0.9972082959492421 -0.07218874279750928 -9.03394576550049 -0.996057384090924 0.012711618552244262 -0.08779579916902197 78.46644393651162
-0.08895332830238939 0.06857171244284824 0.9936725947899439 106.84232146027429 0.015534764684436533 0.9976015612911941 -0.0674521756177545 -9.134397336296102 -0.9959146431648277 0.00943637441099876 -0.08980522461332052 78.35807173477862
-0.0926074081873105 0.06827317078294588 0.9933592714119442 108.05537086592261 0.014739825630713868 0.9976311381156505 -0.06719263205475381 -9.232439624081694 -0.9955935945400637 0.008419406945390746 -0.09339436866044394 78.24692658126547
-0.09920028678918569 0.07245062267631941 0.9924264256733362 109.32192303959785 0.008963169664022965 0.9973704453813419 -0.07191561909206674 -9.337194081020558 -0.9950271175654043 0.0017612363938151808 -0.09958882144019914 78.13170484439785
-0.10699974680596579 0.0776448210079257 0.9912226470143343 110.58518353044683 0.009321443390329543 0.9969805913762368 -0.07708963038053679 -9.44038187077948 -0.994215351358336 0.0009910548592738451 -0.10740043265129723 77.99766218866505
-0.11611299657593813 0.07368641677829446 0.9904989066165236 111.79774112527755 0.010949741202346836 0.9972786202764001 -0.07290717870826671 -9.549468109416765 -0.9931756517322389 0.0023802356969442086 -0.11660385621526076 77.85405587465208
-0.12801245171341352 0.06959571613620677 0.9893276749903476 112.95268957811476 0.011541628394165126 0.9975718214782275 -0.06868225248650611 -9.648239447896321 -0.9917054013265894 0.0026262688548046704 -0.12850486252111373 77.70300335906595
-0.14137125194251343 0.07138099086773285 0.9873798272533951 114.18297407211482 0.013953234584055299 0.9974416333291157 -0.0701105936815953 -9.744139398884231 -0.9898583112591662 0.0038655199500306674 -0.1420055681537426 77.5217003782762
-0.15448326716493901 0.07173048411485129 0.9853880747272581 115.28505156929133 0.01676689224711595 0.9974076973548504 -0.06997682889118689 -9.841508398576623 -0.9878531224278331 0.0057116465175925816 -0.15528549708082345 77.33665836669432
