0.9999984013689992 -0.0017387997457269306 -0.00041693511516054967 0.002156471135094762 0.0017398060517972709 0.99999554503185 0.002425487859298679 -0.02959306910634041 0.0004127158200548787 -0.002426209368075159 0.9999969715822915 1.4330475330352783
0.9999951519791968 -0.002567842683457722 -0.001761306917043761 0.0029078513971432223 0.0025733216004545294 0.999991835708297 0.0031155308843512928 -0.05800143617325525 0.0017532923440338436 -0.003120048189327412 0.9999935956121182 2.956822794456569
0.9999931957982329 -0.002896709040348406 -0.0022841703028879208 -0.0028078539179128437 0.0029034749548330794 0.9999913911737234 0.002964356865859314 -0.07973579739666141 0.0022755637595304437 -0.002970968727044098 0.9999929975526824 4.342650935414054
0.9999899728967655 -0.0035437983582935818 -0.00273780918287355 -0.009746823381633147 0.00355107336149218 0.9999901651730131 0.0026569597723043225 -0.10623919629498317 0.0027283665273147685 -0.002666655291952548 0.9999927224563421 5.786486183146794
0.9999872784657853 -0.003434549060425969 -0.0036941547536030704 -0.01629393182691445 0.0034447462794451834 0.9999902647609966 0.002757554406077901 -0.12979523113953978 0.00368464783422916 -0.002770244751598345 0.9999893745007264 7.283870501369643
0.9999824268098094 -0.004271895350505426 -0.004110593835242612 -0.025851159965603363 0.004286622618671868 0.9999844018065548 0.0035806438125197846 -0.1541893776175039 0.004095233581750276 -0.0035982014536953878 0.9999851408937083 8.45066314672397
0.9999705879505357 -0.00589910042381793 -0.0049014128625709365 -0.0335228107245265 0.005911792738549033 0.9999791993068446 0.0025790812818470565 -0.17557436362842752 0.004886096650303149 -0.002607981562750402 0.9999846621282209 9.911951592088117
0.9999502293279269 -0.007368359134932043 -0.006726525900117427 -0.042481215064145116 0.0073855742288400725 0.9999695053534082 0.002538041877233844 -0.19613966751925233 0.006707619573036355 -0.002587594813521399 0.9999741557624098 11.398039367246593
0.9999388201072887 -0.007788839836406041 -0.007854299233287456 -0.056687993990943326 0.007806430682806737 0.9999670839558239 0.0022114802465871496 -0.21730355475405866 0.007836815835384876 -0.002272658990989613 0.9999667091151948 12.850552806793734
0.9999313295370216 -0.007518435657739372 -0.008989401291773714 -0.07550507013410337 0.007537341318306631 0.9999694490915239 0.002071079294903298 -0.23816092779535628 0.008973555380976784 -0.002138693258712579 0.9999574497422226 14.335679287720236
0.9999313403864297 -0.0066060648446960345 -0.009678554657868781 -0.0977186671817255 0.006630490725226532 0.9999749084596954 0.0024938010679317075 -0.2622202435395541 0.00966183759645996 -0.0025578034114066613 0.9999500520205836 15.815180414456051
0.9999280347947631 -0.005368893114002979 -0.010728476975462331 -0.12125417513793402 0.0054048513773382765 0.9999798641566162 0.003325486867254415 -0.2847688359114764 0.010710406764987891 -0.0033832333714670718 0.9999369184698015 17.279642631325615
0.9999168851526999 -0.004619298001393302 -0.012036813220125262 -0.140770212454842 0.004671099467566801 0.999979935154374 0.004279032416131008 -0.3086806327851725 0.012016805577438432 -0.004334901916828879 0.9999183991751954 18.484110288825082
0.999905035854184 -0.004042983020862209 -0.01317473194169949 -0.16146176253202352 0.004100219910561354 0.9999822613011168 0.004320333296188402 -0.3306106688474266 0.013157031204935745 -0.0043739423176509555 0.9999038759593215 19.7316626697687
0.9998980085019179 -0.0036536970630886797 -0.013806632162451255 -0.1894565795009287 0.0037169494753989283 0.9999827023684602 0.004558426314976254 -0.35090822510803993 0.013789738231575963 -0.004609279948420744 0.9998942932419714 21.182173566070638
0.9999020074756481 -0.0030271022360795524 -0.013667922234956185 -0.21878192474434663 0.0030981396112010617 0.9999817885411629 0.005179200417671259 -0.37148481593676197 0.013651995352987573 -0.005221038026027142 0.9998931761867427 22.620503122481562
0.9998918418086039 -0.002634290650497783 -0.014469457397084154 -0.24713024093714275 0.00272898901411503 0.9999749629470293 0.006528866520919885 -0.3904079518656859 0.014451896192478437 -0.006567647360801966 0.9998739964138409 24.033076183385536
0.999885609556802 -0.002477571360000105 -0.01492077214417101 -0.2737946461404762 0.0025594894774933702 0.9999817441079655 0.005473615295756537 -0.4075883874346247 0.014906938479673249 -0.005511178725776043 0.9998736970708928 25.476151098083463
0.9998948162496608 -0.002326674328176652 -0.01431583122376547 -0.30021760310466217 0.002376713524909082 0.9999911226211766 0.0034793550637228507 -0.42866985323797696 0.01430760881060315 -0.003513013721798328 0.9998914696429372 26.807232017389584
0.999900282926932 -0.003455892808969148 -0.01369237041325776 -0.3263389685001951 0.0035009197523965265 0.999988538773508 0.0032658662727633883 -0.4506609363977476 0.01368092699813214 -0.0033134765001745425 0.9999009216467171 28.24522066963495
0.9998957356121687 -0.004368685415872368 -0.013763447690773952 -0.3498236357425519 0.004451213160795891 0.999972265130984 0.0059712369075285935 -0.47148868582468717 0.0137369795077624 -0.006031878359666936 0.9998874495849306 29.541573006990635
0.9998957047897226 -0.00552730411457304 -0.013342730316117902 -0.3743938705909826 0.005627784019677628 0.9999560011289914 0.00750492192791004 -0.49194160909095913 0.01330066126519613 -0.007579229204951372 0.9998828169813536 30.973486101221027
0.9999111322128269 -0.006720112247148261 -0.011513807721516816 -0.3990765131779131 0.006797787527283166 0.9999543116358488 0.006720470638967211 -0.5119882287837814 0.011468119357429342 -0.006798141824133629 0.9999111298041155 32.349941701315736
0.9999065681996845 -0.00822099683876791 -0.010921084291698847 -0.42255014553075887 0.008274060387742041 0.9999541404054428 0.0048225523026226656 -0.5367267853519693 0.010880937267966448 -0.0049124634338080534 0.9999287339141635 33.66977287948236
0.9999105948165724 -0.008272425710569065 -0.010505681626201474 -0.4398538673657377 0.008317489744571381 0.9999563644360625 0.004253068087997436 -0.5565747175818752 0.01047004001505921 -0.004340068740850561 0.9999357689698912 34.77703830976897
0.9999164194144173 -0.008670809617180896 -0.009590164025374125 -0.4596689546317129 0.008699900097136943 0.9999576675078297 0.0029958188531115904 -0.58312472404503 0.009563781874907707 -0.0030790019297534587 0.9999495256378522 36.03830079189879
0.9999253752214925 -0.008553216581397271 -0.008722756116561944 -0.4789643742058603 0.008591006708693009 0.9999538334580679 0.004304132461484197 -0.6074802081531474 0.00868553923993782 -0.004378748522868268 0.9999526928657598 37.40087342821832
0.9999385670866396 -0.008608118130982596 -0.006983004722965792 -0.49675129825334313 0.008653291920837008 0.9999416611448514 0.006464893333070251 -0.6304423721816675 0.00692694677694948 -0.006524922154190643 0.9999547203744931 38.759660820140326
0.999942504650819 -0.009620404785640734 -0.004736581510681586 -0.5120224301112738 0.009657861313673351 0.9999217617243318 0.007949600301565432 -0.6500246780338943 0.004659732555926511 -0.007994888483851314 0.9999571834086886 40.08060276506369
0.9999549349904125 -0.008834078024483704 -0.0034766440394802763 -0.5279019697052648 0.008864047543183 0.9999228544244061 0.008701371208063191 -0.6657318530088984 0.0033995072396026836 -0.00873179621874295 0.9999560985789936 41.46555685270225
0.9999628841633462 -0.008590172577239184 -0.0006627449100925884 -0.5401269526350085 0.008595419924401188 0.9999280369080012 0.008368976140160156 -0.6837942007654266 0.0005908062675808751 -0.008374362089413783 0.9999647598828417 42.72334206437413
0.9999561629948225 -0.008889153742084063 0.0029419439868710747 -0.54158180899002 0.00886999841894401 0.999939785295618 0.006461339721870148 -0.6999110933267616 -0.0029992026807511376 -0.006434961437575137 0.9999747977097105 43.93897828720823
0.9999336881281614 -0.00966644999870645 0.0062593203173726625 -0.5392192745196156 0.009639255000949958 0.9999440342266698 0.004360410246692087 -0.7200809175024085 -0.0063011196972940775 -0.004299785915054864 0.9999709034425176 45.14209748018001
0.9999061282870617 -0.009194158900563514 0.01015884127689267 -0.5392384179456509 0.009138721750738257 0.9999431699612488 0.005490046685769076 -0.7350099425856106 -0.010208740311149711 -0.005396692501943136 0.9999333264429678 46.306275997985075
0.9998412279133939 -0.008677937142574317 0.015563173570521768 -0.5342567219708879 0.008594085563631379 0.9999482366064555 0.005446632075442381 -0.7493449202114992 -0.015609633498632858 -0.005312016056996078 0.9998640516727504 47.48246893617098
0.9997384982941901 -0.007020347797327618 0.02176349570455969 -0.5266844954015243 0.006917156431445328 0.9999644926430744 0.0048131486556885865 -0.7635596209211982 -0.021796512917912937 -0.00466134850482128 0.999751561066416 48.67835896927505
0.9995899570244301 -0.005330142432609461 0.02813374126464936 -0.5114463017549512 0.005188644056375737 0.9999735331302957 0.0051000991921680595 -0.7766912194161477 -0.028160180907699704 -0.004952031962923167 0.9995911572191322 49.85178043633781
0.9993269473061767 -0.0037766166857129764 0.03648821116644607 -0.4896167164391392 0.0035570178777940007 0.9999751818355745 0.0060813926634413215 -0.7922741357962465 -0.03651027268502688 -0.005947510346279226 0.9993155793387521 50.9428589347426
0.9988765558859778 -0.0016409010411528229 0.04735961935172378 -0.4590195319194514 0.001337323708325805 0.9999783621819085 0.006441019584468822 -0.8095924183463492 -0.047369163668637596 -0.006370448317152007 0.9988571367926308 52.012312320288835
0.9981246975644106 -0.0002453963728301503 0.06121297160385264 -0.4060956778535664 -0.00018751379371516813 0.9999750154434933 0.007066351771827523 -0.8223854142055339 -0.061213176281998585 -0.007064578501669104 0.9980997138462985 53.10711296568825
0.9971284153865596 0.0007506034016359612 0.07572555594528203 -0.33515175330179714 -0.001338307198054766 0.9999693779076261 0.007710524034044953 -0.8355211469904968 -0.07571744952474443 -0.0077897266684655 0.99709888576605 54.17459089991017
0.9957884839225285 0.002975347949662361 0.09163210459140726 -0.25238120214037374 -0.0038207641082677983 0.9999517289055007 0.009052161097204223 -0.8481969527460376 -0.09160074808046674 -0.009364142431595378 0.9957517842251752 55.23248651869968
0.9941675979164437 0.002356693974720091 0.10782037491382472 -0.14159472865380307 -0.003485064215831663 0.9999411063178678 0.010278045690245173 -0.8616644971685653 -0.10778980276658702 -0.010593860925496227 0.9941172609557847 56.28418255374323
0.9919925412523429 0.0024658674526121063 0.12627239443926191 -0.018436612978858263 -0.003742970670500195 0.999944209967565 0.009877607144572477 -0.8695144070630707 -0.12624099282831297 -0.010271146481716743 0.9919464276258436 57.32755964684239
0.9894416509511348 0.0024826843620706328 0.1449105090787101 0.1272585156679333 -0.0039366228955017915 0.9999447433447082 0.009747474414664175 -0.8801441568071527 -0.14487830190636275 -0.010215015205287338 0.9893967511069989 58.347940191605744
0.9864611569393601 0.0020064870172159426 0.16398280354875241 0.28656920710005707 -0.0035476629373741866 0.9999522455593727 0.009106079752065427 -0.8881777760526103 -0.16395670141089613 -0.009564549681921162 0.9864211673782353 59.29947474735724
0.9824789447953429 -0.0010469280284015642 0.1863706709102395 0.4704379818701188 -0.0009846015144033306 0.999941111612809 0.010807583744673211 -0.892641055320233 -0.1863710106043514 -0.010801724318072421 0.9824200573879125 60.248476872729974
0.97826705517235 -0.0038650066371836373 0.20731288066136333 0.6733118274483201 0.0015284188001384797 0.9999335094209785 0.011429815091149273 -0.8989828320807164 -0.2073432726190785 -0.010864550646069391 0.9782079169782208 61.18534209384408
0.9733551153419947 -0.006935562289897107 0.22919798736746133 0.9188047040896408 0.004619747207278346 0.9999327323690865 0.01063901652570845 -0.9020402256785576 -0.22925635732365818 -0.009296704395451692 0.9733216805938676 62.188200065353094
0.9677619444816984 -0.010355642513648509 0.25165368958378415 1.1965421892211698 0.008504737171297587 0.999928202570136 0.008441513519806498 -0.9068451576842287 -0.25172303879194136 -0.00602912705019909 0.9677805336791826 63.22533296696941
0.9602212632908133 -0.01255679292106645 0.2789577969437886 1.4792322424331708 0.010436154076437727 0.9999042622628472 0.009085867965405562 -0.9134641368317984 -0.2790451795180977 -0.005813197066106255 0.9602603785055297 64.20440374646951
0.9539942703908033 -0.0149780868479085 0.2994504783363941 1.802451334327373 0.012018564256561429 0.9998590575982327 0.011722587256473007 -0.9243728382497718 -0.29958385499677653 -0.007584316261287489 0.9540398272462838 65.24588651910814
0.946782401262209 -0.016702018130628996 0.3214407056527369 2.1649120401699258 0.012855529646540518 0.9998181531785294 0.014085309090759475 -0.92409109976734 -0.32161750576993203 -0.009203432242346016 0.9468249451811502 66.29849020513004
0.9387083521233139 -0.01761122889107115 0.34426221731534634 2.5281557957701133 0.014128505562126064 0.999820510169719 0.012622708684925132 -0.9278183335787341 -0.3444227271602638 -0.006985131416788996 0.938788683865851 67.26049533094287
0.92719342642032 -0.014942888319387051 0.3742847313097622 2.9055997368858812 0.012712117635093483 0.9998836767274641 0.008428231083691569 -0.9296456208689472 -0.3743671354007696 -0.003056648923721185 0.9272755280008089 68.20298861426879
0.9143746764107114 -0.011554037654898172 0.4047041578149103 3.321450510447914 0.01112954951766121 0.9999322785327126 0.003401687215519619 -0.9327257231850471 -0.40471605387770404 0.001393758317463207 0.9144413448501832 69.15661488449062
0.9012384575040235 -0.012399276972474324 0.4331460500181525 3.768309885768725 0.01336756430896612 0.9999103221277532 0.0008098930909905631 -0.9477581419451058 -0.4331172484907681 0.0050602008787247995 0.9013233844890818 70.0664656389084
0.8866913594596099 -0.012557894769843276 0.4621912291883285 4.207939378978559 0.012093653051742233 0.999918999718545 0.003967059078057778 -0.9656701779513788 -0.4622036094791263 0.0020720233623822753 0.8867714080323367 70.90890815254367
0.8704930610247118 -0.015477505644331488 0.4919372699103582 4.72267986687083 0.01235864501638458 0.9998776439448722 0.009589631515877705 -0.9757277627575064 -0.4920255019825559 -0.0022680296032039555 0.8705778319257461 71.82087749399071
0.8541627812759984 -0.016659309855873237 0.5197387906227285 5.247394789580876 0.011817459714840963 0.9998504410458527 0.01262708146414374 -0.9813603491408416 -0.5198714174954598 -0.0046435908023873766 0.854231904306858 72.69468991668533
0.8358508760482611 -0.012073595850112773 0.5488237798169847 5.792356773299167 0.009949936868936493 0.9999270777731634 0.0068438214709729 -0.9821960213379972 -0.5488663878993306 -0.000259652210680506 0.8359100554575659 73.53416032165056
0.8167636200630576 -0.006567360374471532 0.5769350558938161 6.367181897289231 0.00863640920974168 0.9999623495480959 -0.0008437548301771652 -0.9933977925515586 -0.5769077927862052 0.0056717954796853655 0.8167895869552851 74.35542862557911
0.7957274279023475 -0.005200470081195285 0.6056325747471388 7.003948093491784 0.008504567419329185 0.9999604878989017 -0.0025874647825267993 -1.00991141921973 -0.6055951888984294 0.0072095597594669086 0.795740214788187 75.20302480699155
0.7737654734576136 -0.007431874677555802 0.6334285747609527 7.610945373749979 0.009325304026677358 0.9999564602889923 0.00034092685291847724 -1.0282674959492064 -0.6334035291895089 0.00564311661106792 0.7738010884233678 75.92958427802498
0.7496591787575099 -0.0060065717900649246 0.661796824410594 8.241896890165616 0.006887296007903739 0.9999754704094969 0.0012742578251635425 -1.0448184224712196 -0.6617882447266009 0.0036027315520690117 0.7496821589627488 76.64459905745728
0.7260776081014984 -0.003775106943359901 0.6876023964335588 8.935420897276728 0.006485606419404348 0.9999780456072995 -0.0013583860931169923 -1.0525447774801335 -0.6875821724877539 0.0054458122416760155 0.7260861513663848 77.38067510684161
0.7013677849250335 -0.0012966926558430256 0.7127983928555871 9.669673366394134 0.005586161639422843 0.9999776352796328 -0.0036774636220762384 -1.0621988931503812 -0.712777682778782 0.006561061553570124 0.7013593425654212 78.11244085652605
0.673768227284922 0.0006428263873961211 0.7389424623579085 10.337006523869064 0.00416948162808156 0.9999803953784014 -0.004671646584312264 -1.0797904079029785 -0.738930978728248 0.006228614058624372 0.6737523380609685 78.71673655375676
0.6456399610915232 0.0025239057117060195 0.7636377875286781 11.121586230622272 0.0024390281914864827 0.9999826220075532 -0.00536719893237365 -1.098791398997851 -0.7636380633410157 0.005327812201734986 0.6456225852879723 79.389937554544
0.6182598261091654 0.008019421429831523 0.7859328700973099 11.941612399726903 0.001005732599492813 0.9999390557071142 -0.010994242743490338 -1.1137656867516603 -0.7859731394401481 0.00758773691526209 0.6182140813076822 80.04679793447683
0.5949463921305866 0.015168873411037474 0.8036222344922009 12.708430042483947 -0.00012244747426934073 0.9998236018403155 -0.01878164555287417 -1.1436727810143503 -0.8037653734127976 0.01107567074707769 0.5948433020721404 80.60733984598474
0.5668506422170155 0.022724440679446074 0.8235071033172472 13.460579290321729 -0.001122919186258951 0.9996398676638074 -0.026811826300836235 -1.1808770118035028 -0.8238198155365395 0.014273569031304596 0.5666720186813973 81.12984851469356
0.5380387791967083 0.02365337518325067 0.8425881496454576 14.271143421611432 0.001607993916744597 0.9995755855681643 -0.02908716369165043 -1.224907472720665 -0.8429185526704697 0.017004898661901375 0.5377723932905244 81.6447874903648
0.5058324240840687 0.02022471209730304 0.8623946427047283 14.98930795705251 0.003953199767200037 0.9996602735267485 -0.025762564779670167 -1.2664623613719317 -0.8626227048697682 0.01644075889389828 0.5055806270914232 82.0424311478971
0.47458412127062044 0.014659066308167105 0.88008807719044 15.678992960358123 0.0064937305182181234 0.9997757917339484 -0.02015434758837982 -1.2988634945821296 -0.8801861980863763 0.015279988145585337 0.47438252356144023 82.3867854182797
0.4453626334178632 0.012979190382295771 0.8952562009682625 16.534994309811914 0.006959571226256412 0.9998145340381703 -0.017957224016616903 -1.3341770707421825 -0.8953232316451152 0.014228075873301337 0.445189704208768 82.81336976295076
0.41315064398375445 0.010705274485169631 0.910599770741244 17.377173228655188 0.007751989590335951 0.9998533295364072 -0.015271740973183616 -1.3686959093765252 -0.9106297008297063 0.013368489561572314 0.4130070598108963 83.18932600928352
0.37700361683500866 0.01094873039950688 0.9261470715798658 18.331800864135317 0.006090018667479398 0.999879211819379 -0.01429942111021644 -1.4003195500036383 -0.926191764466707 0.01103118643195122 0.3768914012815247 83.58794423191105
0.3427809125347386 0.008710489846717658 0.9393749908148941 19.20686400059428 0.005987363512507008 0.999916444522989 -0.011456677121818935 -1.4312044764567522 -0.939396294159191 0.009551509782999647 0.3427001184429964 83.90215094503804
0.3064775873885007 0.007659296177393956 0.9518470589388774 20.069824790120073 0.003992915821981855 0.9999484838329202 -0.009332004258626528 -1.4602234084723282 -0.9518695000113002 0.006660695332427002 0.30643121591300987 84.1794396536739
0.2686667571330949 0.007005996212676117 0.9632077084557903 20.97866475928152 0.0033062409380443503 0.9999609502500615 -0.00819553206655356 -1.4936171179875988 -0.9632275133022552 0.005386463780837649 0.26863310225192116 84.43806086647193
0.23449442561484912 0.005149785959607483 0.9721038237041002 21.9600825330769 0.004325830939312429 0.9999705396246017 -0.006340904475525629 -1.527021118141495 -0.9721078394613668 0.005692063549670112 0.234465240217606 84.67997286663392
0.1989736066109802 0.004097373939094731 0.9799962833598003 22.86857619794475 0.005127944881762121 0.9999732168273051 -0.00522205030054033 -1.5523916974623773 -0.9799914326429127 0.006064417107603245 0.1989472663587922 84.8568487151227
0.16544310229445852 0.0066874861982025935 0.9861966626548347 23.828947262276603 0.007490751783517723 0.9999396432604272 -0.008037317582869224 -1.5791552258655515 -0.9861908884901052 0.008717073164716604 0.165383022389052 85.01201117807526
0.13153766511650472 0.011766661907219117 0.9912413370734995 24.794948033266778 0.007968847899204115 0.9998846919141409 -0.012926729629857444 -1.6105541078344068 -0.9912791433894176 0.00959940327964621 0.131428731021101 85.14163159071522
0.10007949435572266 0.014854820329552496 0.9948685486648371 25.749294987276286 0.011010152100052777 0.9998107906958565 -0.016036189037937295 -1.6425496701247484 -0.9949185249859591 0.012558547730668147 0.09989700455298849 85.22509723878399
0.07275836103047019 0.012921589684242563 0.9972658890286942 26.67851510667327 0.011859142710193539 0.9998341692518884 -0.013820084318337707 -1.6729728781639297 -0.9972790891392131 0.012832245182304457 0.07259305648092039 85.28517570709336
0.04488703013356193 0.009822966188243604 0.9989437741239761 27.643296865727944 0.011661948663620445 0.9998783668462776 -0.01035618009636175 -1.6984897049827605 -0.9989239978492634 0.01211448917973104 0.04476701545511304 85.32353071291978
0.02319762283204606 0.006270875773240207 0.9997112315123696 28.575715515034776 0.011691959502214884 0.9999102367872515 -0.006543428081815102 -1.7247142425641786 -0.9996625272450399 0.011840375209422552 0.023122221713307658 85.3446599016966
0.005348575823135887 0.009038276579684867 0.9999448496257848 29.552528092572228 0.013302531131968044 0.999870028188456 -0.009108753806084573 -1.7694442129682468 -0.9998972124184299 0.013350516352784217 0.005227648703465655 85.34701166364135
-0.010133419843954229 0.0127918838206992 0.9998668318884191 30.581789506495436 0.014585846816796439 0.9998136816546512 -0.012643379643488764 -1.8124766842195648 -0.9998422709982322 0.014455783772946049 -0.010318112259843868 85.33726403656084
-0.02212256644752263 0.016965679814770707 0.9996113033385516 31.553417322146405 0.018578645757618518 0.999690320863172 -0.016555853777502818 -1.8545154526942946 -0.9995826258872186 0.018205166324750006 -0.022430914905557243 85.3088093205914
-0.03268776789408212 0.020541265618462947 0.9992545052372266 32.55020601224491 0.0233413952498489 0.9995317882033306 -0.019783418280048315 -1.9004750356460431 -0.9991930189397303 0.022677318577044525 -0.03315192489528068 85.2681736313283
-0.03921537542863064 0.024719054409675836 0.998924983509314 33.629559872289434 0.02484499988293046 0.9994090222504747 -0.023755677745921314 -1.9498022963031532 -0.9989218589613544 0.023886703276977315 -0.03980634491822827 85.22663666510843
-0.043037514759040836 0.030076799136068137 0.9986206279048587 34.650030801356046 0.026795025530534367 0.9992219451829448 -0.02894012563260698 -1.9963209087581852 -0.9987140726605301 0.025512554135987093 -0.04380993781409686 85.17521173222312
-0.04625941924743187 0.034156505948141375 0.9983453306508251 35.64318261912898 0.028492388523462153 0.999053737407243 -0.03286051686825577 -2.0461414913931772 -0.9985230342496451 0.026925134614991606 -0.04718884612751442 85.12262412757383
-0.04892083206415668 0.03731788583937502 0.9981052687901362 36.62792982553993 0.029284340198439743 0.9989257567024465 -0.0359132289774663 -2.098748199687183 -0.998373266673989 0.02747194920141722 -0.049961108852608474 85.07027176811145
-0.0506136933942529 0.04048492590199761 0.9978974019485682 37.66590003627106 0.030179428988778623 0.9987837445526572 -0.03899017418895705 -2.1548683711894454 -0.9982622181105038 0.028142537058405068 -0.05177394616032795 85.01357327713404
-0.05247886658961317 0.04434478148885167 0.997636962484939 38.72119515139081 0.031202172704894258 0.9985986117382281 -0.042746193432623474 -2.2154746051767216 -0.9981344563634515 0.02888516901787669 -0.05378897685255997 84.95353470256805
-0.055183292921339985 0.04551285802669161 0.9974384110994523 39.73941335989164 0.034279227223259996 0.9984580547114553 -0.043662885415356685 -2.276630355420755 -0.9978876383457875 0.031781956139618955 -0.0566583489046911 84.88419957608117
-0.05787615944499262 0.04385700716237165 0.9973599716705386 40.810784797444725 0.03485160402662973 0.9985143878788453 -0.04188535419102852 -2.341490463949118 -0.9977152478862236 0.03233543136710225 -0.059318664968411906 84.81526945897768
-0.060089059022034624 0.042810109658888665 0.997274585807159 41.82888865697912 0.03468436250504115 0.9985661404240949 -0.04077570595523516 -2.4089215845721856 -0.9975902465358536 0.03213965944939096 -0.06148774111163881 84.74870744480593
-0.06153227795316967 0.044015682225069505 0.9971340925312683 42.84591232973948 0.03469668514012 0.9985176718264205 -0.04193565416962335 -2.4732004124553777 -0.9975018390009018 0.03201685132252338 -0.06296826519136657 84.67968400533977
-0.0635827640555374 0.0460363468901735 0.9969141823046084 43.81994313792877 0.034217266093789084 0.9984486900230747 -0.043924845956193614 -2.5337124990297335 -0.9973897988329962 0.031318814731980414 -0.06505936541082519 84.61183209448852
-0.06561220634525526 0.048377378600074086 0.9966717953360038 44.86707382903402 0.03357118746595528 0.9983656411785893 -0.0462495609297249 -2.6014932595447298 -0.9972803085144283 0.030424919948156583 -0.06712905850311783 84.5345857522665
-0.06708465460775145 0.052581547247135076 0.9963607930891581 45.93173789905901 0.03193596073799717 0.9982118587330532 -0.05052899659053749 -2.667485811799205 -0.9972360520598419 0.028430018885022574 -0.06864393999689666 84.45458009860585
-0.06754637213439539 0.057210304320935795 0.9960745296869046 46.86076565736435 0.029420669847185086 0.9980346983312745 -0.05532779692476152 -2.7321847171131948 -0.9972822628510067 0.025567987920652336 -0.0690967886118071 84.38969209618816
-0.0697797546836537 0.06004204104106545 0.9957538546969892 47.9199578649207 0.02777441811055265 0.9979169810264568 -0.05822611680049604 -2.8089760287619954 -0.9971756954192721 0.02359347974902824 -0.07130203488276453 84.3075675178804
-0.07315682912294338 0.05839688972284406 0.9956093016958886 48.8931667751361 0.026398965297415512 0.9980478539538926 -0.05660014001093959 -2.878868554363997 -0.9969709990686298 0.022142368634138838 -0.07455563377349617 84.23748701264029
-0.07640998785442564 0.05355394005304956 0.9956372277395422 49.85145929069681 0.02356840966914484 0.9983745321893868 -0.051892422773398034 -2.9561033118056073 -0.9967978951732158 0.0195004866713651 -0.07754796707732654 84.15836211030012
-0.07781878083390686 0.05186198104674588 0.9956176837880248 50.892880506330926 0.02362775088399748 0.9984615008500052 -0.05016334028472502 -3.0289954676676394 -0.9966874970308837 0.019620556624732294 -0.07892443867426391 84.0729721592617
-0.07877792275668774 0.05193162376384977 0.9955386207171429 51.98148373829264 0.022824257880254897 0.998474391010552 -0.05027866096392379 -3.098164496001632 -0.9966308705525615 0.018761581739275637 -0.0798430392224871 83.98848577946573
-0.07998353925133693 0.05450773146690248 0.9953047476321821 53.036803265188986 0.023951131818096365 0.9983205772428297 -0.05274815957147455 -3.167459255108644 -0.996508392705983 0.019619690718194686 -0.08115473493678889 83.89451954950937
-0.08062719246879516 0.057182037659673 0.9951027436419254 54.07866212816101 0.02456966529269735 0.9981637164169938 -0.05536719945981082 -3.239695800389062 -0.9964414620949915 0.01998523949582256 -0.0818840816049739 83.80453650651869
-0.08162435707439121 0.05807705992351334 0.9949696072960384 55.15654780900301 0.0238273182026793 0.9981291536821782 -0.05630676226679543 -3.3164366053028322 -0.9963783032761504 0.019111454166069776 -0.08285547103358813 83.70938084813243
-0.08220217065292994 0.05660404099094715 0.9950069274550011 56.24807165944619 0.02071644411680076 0.9982671186246366 -0.055078024801401095 -3.39078591046446 -0.9964003372556143 0.016085472214500053 -0.08323235849436558 83.61439579790094
-0.08203667516821049 0.0563701119524249 0.9950338659592529 57.275107125869575 0.019545694953940096 0.9982981367357707 -0.05494357104028257 -3.4605034493092752 -0.9964376296267182 0.014941240522866096 -0.08299885297716426 83.52717636468292
-0.08227354096788647 0.0574812828050148 0.9949507357571505 58.355204061195195 0.016240640049247846 0.9982800693941043 -0.05633067247331094 -3.535291337166697 -0.9964774488503972 0.011524112876684629 -0.08306556901032618 83.43445730050786
-0.08294786841661585 0.057972408052391754 0.9948662478090946 59.44853020301569 0.012550808041497611 0.9982881193389728 -0.05712537093240583 -3.6153775991629815 -0.9964748508329977 0.0077479475518653544 -0.08353347212996948 83.34006900007822
-0.08368039987225194 0.057523313494435596 0.9948309701058974 60.55804609654002 0.008821634161917292 0.9983361195456252 -0.05698395547256723 -3.6950139741630292 -0.9964535962341312 0.0040075946909724726 -0.08404861531791992 83.24430665906539
-0.08351148282643943 0.0518525572537408 0.9951568441920987 61.56653346819679 0.00927600650863077 0.9986424803177819 -0.05125575292592354 -3.7622636616256995 -0.9964636410523873 0.004950637433604871 -0.08387909900338668 83.1498577013253
-0.08545121598745412 0.043368601944998114 0.9953980379986701 62.64896290367316 0.012092750025278043 0.9990237718110909 -0.0424884543513938 -3.821829184987495 -0.9962689672388132 0.008406409559416092 -0.08589224176389774 83.050754398064
-0.08675566488719878 0.036844195806907766 0.9955480700826668 63.7711093783226 0.016002606230665448 0.9992384777843458 -0.0355862488758294 -3.87338754509453 -0.9961010848321601 0.012844055067167926 -0.08727920167843731 82.94145482150562
-0.0876838580454342 0.03833282916244533 0.995410536033586 64.87563401837612 0.023352722296806162 0.9990638092270531 -0.03641641736994008 -3.9148670617470005 -0.9958745861802057 0.020052413848118168 -0.08849694514087766 82.82812934784391
-0.0874229381567152 0.04323448333907921 0.9952326408104036 66.01799585289235 0.027157413371664534 0.9987898633245489 -0.04100346106235987 -3.96200069369202 -0.9958010367452964 0.023443301186795475 -0.08849128118892624 82.71371292453004
-0.08631670847050794 0.04833095601553483 0.9950947414841671 67.17963580770261 0.03065930879867886 0.9984783835796676 -0.04583584086851899 -4.017115773161537 -0.9957958789946885 0.02655251804935601 -0.08766716125456628 82.60019560711372
-0.08553501865852957 0.05243249799244041 0.9949545686800765 68.2788492741412 0.03203273017851821 0.99824279886127 -0.049851968054741576 -4.074306669207692 -0.9958200965939555 0.02760702222068608 -0.0870642724871195 82.49430566517776
-0.08742509092852911 0.049446988283749174 0.9949431384887302 69.3858070315215 0.03127011869295732 0.9984113514489598 -0.046871664945814746 -4.145872536468414 -0.9956801861808171 0.027014230463426627 -0.0888324163771435 82.39467465965507
-0.08770123644100462 0.04480515506971953 0.9951386793838821 70.48160869847817 0.02930216969919588 0.9986716992427302 -0.04238183552607899 -4.202310978314228 -0.9957157606353524 0.025442783079263738 -0.08889763107947872 82.2906053663298
-0.08813330075924822 0.04309821409921592 0.9951758966327197 71.51130254314558 0.028507884454603245 0.99876346377336 -0.040728908104262676 -4.25507258986247 -0.9957006687861581 0.02478078636566296 -0.08925295964782672 82.19718041318478
-0.08685020254007654 0.04347579442923546 0.9952722731079643 72.51823381353717 0.0276725195710937 0.998767072271945 -0.041213674986795346 -4.303949082551788 -0.9958369715868833 0.023962275436122962 -0.08794620728939002 82.10935552139519
-0.08583254556714605 0.04784817634575788 0.9951599500290637 73.59295079009742 0.027804109082559102 0.9985721218129214 -0.0456141321978983 -4.362954375784102 -0.995921535885026 0.023754358724820193 -0.08704036306210873 82.01064245142747
-0.086058886860987 0.05093350149964061 0.9949872594245784 74.70367354631148 0.02810451770369891 0.9984190276476582 -0.04867834544999803 -4.4217804314490605 -0.9958935706574726 0.023774432823791474 -0.08735429163479497 81.91103679215018
-0.08617617430700357 0.04983251275996067 0.9950328575749832 75.78962454537051 0.02785541414179342 0.9984783519119073 -0.04759261146725393 -4.482895978201582 -0.9958904271478858 0.0236157031509157 -0.08743314977678553 81.81616836843236
-0.08484051160949281 0.04137651280767661 0.995535068080334 76.92192697645166 0.030156908372514116 0.9987863182982446 -0.038941639123842894 -4.547543033028037 -0.9959380746147081 0.02671843124354413 -0.08598532993850051 81.70997262574309
-0.08427364191288142 0.04000803336186029 0.9956391467521027 78.00585549745752 0.030542317415054913 0.9988278584056904 -0.03755098027511885 -4.599199821197273 -0.9959744575668886 0.027244568985774095 -0.08539679932598186 81.61233730907283
-0.08362815921970469 0.04353654358773148 0.9955455290231365 79.14163506165075 0.02839122290708129 0.9987436871560813 -0.04129147403179334 -4.653170495790779 -0.9960925004473051 0.024811625063896895 -0.08475915180276727 81.51320676795423
-0.08339171784929854 0.04710424163129317 0.9954029394242732 80.31203424409807 0.02746542744229543 0.9986113803314156 -0.04495510391489674 -4.708883042564634 -0.9961382794017883 0.02359028386704798 -0.08456965660044502 81.40837645090355
-0.08351415846407037 0.046693339715977555 0.9954120339649335 81.50820049992232 0.026491117962336552 0.9986526068099716 -0.044622769756661705 -4.773507803292318 -0.9961544087164118 0.022642944548330816 -0.08463859082615678 81.30421813130035
-0.08363831150728702 0.04299461133076427 0.9955682278200354 82.68523808077076 0.02571886630137294 0.998829118257712 -0.04097477805547825 -4.835122319670812 -0.996164229815738 0.022177824894252227 -0.0846461535958832 81.20178060604165
-0.08325721691632088 0.04175632747536086 0.9956528737201126 83.83239233837175 0.026724547101946897 0.9988559483126143 -0.03965593401631214 -4.893670743167378 -0.9961696815370086 0.023306729420506503 -0.08427788529724074 81.10002301770808
-0.08234214368851558 0.04210081796629459 0.995714463337431 85.04896517442049 0.02746476573048684 0.9988237090534424 -0.039961041979605 -4.94859141476162 -0.996225605982977 0.024056586609392507 -0.08340157447288123 80.98950338008689
-0.081592113470193 0.0421760974885326 0.9957730182225788 86.26551922544046 0.0291989839155357 0.9987765255855762 -0.03991079149186291 -4.994561665772385 -0.9962379968450149 0.0258191545145162 -0.08272378679913164 80.88221610250962
-0.07982862225731957 0.04185900537473264 0.9959293221597281 87.49406793687302 0.028843997656882756 0.99879653140178 -0.03966752650398724 -5.0522319156461855 -0.9963911956995948 0.025559979045627 -0.0809399320701424 80.77514424451796
-0.07868971433229115 0.04245083017517049 0.9959949075551243 88.66293269411835 0.029846097656767163 0.9987453947467766 -0.040210035150072036 -5.094413487562894 -0.9964522764854148 0.02656244509728245 -0.07985798142633461 80.6724977973776
-0.07756653606548426 0.03972716583451384 0.9961953547259484 89.84865417137624 0.029397033072549362 0.9988624620137598 -0.03754459250469039 -5.150352423229018 -0.9965536849208545 0.026372983801019753 -0.07864616199216501 80.57120817912883
-0.07592162309415681 0.03913116506388818 0.9963456524055749 91.05641179737152 0.029107209945543427 0.99889078325759 -0.037013152422157206 -5.207767618569322 -0.9966888569036655 0.02619074347517689 -0.07697640859563858 80.46995888154574
-0.07566881953327848 0.038265712318467406 0.9963984970940087 92.26114917207317 0.029356461686572057 0.9989157149163324 -0.03613298562863133 -5.25986838223512 -0.9967007714994934 0.02651659393576679 -0.07671011887854672 80.37324926863778
-0.07481479480195723 0.03876463483346721 0.9964437011517349 93.48825628070941 0.027737073894552135 0.9989384114270096 -0.03677913685028499 -5.314383532537048 -0.9968116177144554 0.02488680899415951 -0.0758105898115765 80.27325174733393
-0.0737973113571873 0.04119631419790906 0.9964220092576018 94.65157474675728 0.028359660837330262 0.9988290376271876 -0.03919544909730227 -5.369452805697182 -0.9968699446134597 0.025365671472578337 -0.07487921098077455 80.17838400307039
-0.07453291724323036 0.040789241628509575 0.9963840032911928 95.92378092440575 0.02680749212623656 0.9988839845725953 -0.03888629231847795 -5.432076078247983 -0.9968581657453159 0.02381224751566753 -0.07554319463152932 80.0789602078927
-0.07421790048954749 0.03864476631784812 0.9964929930928573 97.12005086480694 0.023182018492773283 0.999045705617714 -0.037017186621968914 -5.485736977307898 -0.9969725659543118 0.020353381120685323 -0.07504293845147497 79.99691727218506
-0.07426617361375062 0.03964945130142795 0.9964499267240009 98.31381264698551 0.020993872570733277 0.9990500073022283 -0.0381882210099231 -5.540672226746247 -0.9970174485791391 0.018083249733236956 -0.07502801681924826 79.91128360506325
-0.0746780244023433 0.03931358826821802 0.9964324535305135 99.5014038570296 0.018908530871634875 0.9990987638337601 -0.03800167846464265 -5.595712468630452 -0.9970284149068369 0.016003183537368005 -0.07535408406337338 79.82875703459845
-0.0758171770200027 0.03638989021657263 0.996457491094699 100.70378462124548 0.017948831934256386 0.9992217280630195 -0.03512517044727508 -5.649689196738842 -0.9969601772894008 0.015222156771630706 -0.07641132666239074 79.7387582122306
-0.07727207249430042 0.03506707197590624 0.9963931589866878 101.9299876212231 0.01599940078512074 0.999296191743 -0.03392845918186312 -5.7042892174025175 -0.9968816609743368 0.013319971132659708 -0.07777873991054712 79.6493871696402
-0.07864209308265621 0.03428613383947275 0.9963131446598099 103.16524327605595 0.014556520181751348 0.9993413432081379 -0.03324135188517275 -5.7567117707068185 -0.9967966336799984 0.011888682908437588 -0.07908938173311009 79.55472663323937
-0.07980402093510396 0.033984345594118566 0.9962310889031359 104.35097442016759 0.014701743791217393 0.9993500838478196 -0.032913046696625266 -5.813353837029975 -0.996702150580647 0.012019740758283881 -0.08025178415472672 79.45871112215721
-0.08343994137863803 0.03212803996140869 0.9959947616483565 105.5034168405007 0.014090333109178146 0.9994182608690868 -0.03105804814026681 -5.862827818368546 -0.9964131867330952 0.01144241625046305 -0.08384409588485872 79.35900785266394
-0.08549463244213315 0.02698510977838333 0.9959731279878148 106.62358895233936 0.01189984502227373 0.9995895089258413 -0.026061606509231013 -5.9126999528486115 -0.9962675652213268 0.009623798400045985 -0.0857806562828995 79.26440738048392
-0.0887870159715754 0.026504718039560185 0.9956979289505957 107.85916028749487 0.011510545942701164 0.999606447725959 -0.025582357139070196 -5.960491091691892 -0.9959841229291581 0.00918964560434106 -0.08905715741422773 79.15386141190999
-0.0940553878903567 0.031160730455116265 0.9950791892539493 109.0695763625302 0.005591706228493252 0.9995108203016959 -0.030770975306055874 -6.010953694459012 -0.9955512627837146 0.002670014482219647 -0.09418361955465544 79.0489915010395
-0.10023816260024225 0.03454594672030528 0.9943635594307165 110.27491104312125 0.004452566889657402 0.9994026182274723 -0.03427216550157613 -6.061573965617955 -0.9949535091684539 0.0009920913627936812 -0.10033210028753242 78.93044473853276
-0.10788917265125453 0.031186074099789962 0.9936736663547389 111.45365141423909 0.006573324963463226 0.9995083953546505 -0.030655489141383385 -6.117181472749136 -0.9941411961203261 0.003224344555902259 -0.10804113003218933 78.79778545427716
-0.12183444898383683 0.026751938269209217 0.9921898512077434 112.64137205402236 0.006950035118705 0.9996351961612987 -0.02609926449943916 -6.17276856236446 -0.9925261024540634 0.00371596480114392 -0.12197593021962642 78.65170722873313
-0.13437331758974455 0.027640058472830086 0.990545222939136 113.80311767208755 0.008524573189330904 0.9996061684519505 -0.026736485272973506 -6.223824646736176 -0.990894112996876 0.0048513050234679665 -0.13455601683947113 78.48869288734369
-0.14484327628248825 0.027310163365479822 0.9890776411853137 114.94053994231459 0.011073828775468607 0.9996011500041972 -0.02597905361131461 -6.270628516083727 -0.9893926397704841 0.007189985204349327 -0.14508793361529077 78.31137100034898
