0.9999997785473931 0.0005673576260740662 0.0003478656192705854 -0.007003254722803831 -0.0005671170008664361 0.9999996001529101 -0.0006914277455101841 -0.030365804210305214 -0.0003482577669818242 0.0006912303118850019 0.9999997004585469 1.2838844060897827
0.9999989347857658 0.0014595970394391932 1.953579722758906e-06 -0.01920117955841896 -0.0014595955451830566 0.9999987420457853 -0.0006208765508921915 -0.05735561971878169 -2.859806840784635e-06 0.0006208730380893912 0.9999998072542274 2.465004923181583
0.9999980455693274 0.0017077708619025551 -0.000996180811458239 -0.02842767419529319 -0.001708045351313641 0.9999985035439608 -0.0002747561042456529 -0.08395623250567491 0.0009957101002484867 0.00027645708925797436 0.9999994660662944 3.6945700185516155
0.9999965593540274 0.002307343134419305 -0.0012479774706148574 -0.037604965223748 -0.0023077032263506695 0.9999972960138148 -0.0002871774322466095 -0.11359334803910044 0.0012473114792243627 0.00029005640580608466 0.9999991800403413 4.851170277073086
0.9999935692587834 0.002893223987741101 -0.002119126243473333 -0.05027425356647748 -0.002893796267518685 0.9999957773079579 -0.0002670382278100564 -0.1420515833903365 0.0021183446936494637 0.0002731688301700823 0.9999977189946729 6.054195270754624
0.9999932005968635 0.003351801707514994 -0.0015375907631690342 -0.060872508612640056 -0.003353242440241126 0.9999939403892528 -0.0009353875732520175 -0.1737379716796008 0.001534446212302306 0.0009405371277775988 0.9999983804310548 7.2078884335768345
0.9999935844119799 0.0032478419904861896 -0.0015108465459468625 -0.06655741397773819 -0.0032490854738230156 0.9999943844289801 -0.0008213124183069222 -0.20207427548779075 0.0015081705687212984 0.000826216018670422 0.9999985213932198 8.441413839656999
0.9999912294460921 0.003737754509035555 -0.0018895031419900786 -0.07479793574526804 -0.003738403249860521 0.9999929543715294 -0.0003399241700342282 -0.23024670080364876 0.0018882192761536703 0.00034698491339760744 0.9999981571130193 9.67478363829878
0.9999913757244565 0.003367865153372242 -0.0024302183065571204 -0.07913274398269533 -0.0033663914279421464 0.9999941474829849 0.0006102528424058056 -0.2612016091420998 0.0024322593329458154 -0.0006020665133419198 0.999996860810298 10.994508487322395
0.9999889209881396 0.0030939295956869334 -0.0035476049150101755 -0.08776971233642325 -0.003092437098734326 0.9999951276180538 0.00042611376672792946 -0.28723027236231724 0.0035489059957180442 -0.00041513830075762465 0.9999936164428374 12.228204549664381
0.9999799305541507 0.004068234371283444 -0.004856743560878339 -0.10028088609598987 -0.004067489271308129 0.9999917144004917 0.00016328316707300697 -0.3107473164635455 0.004857367594038818 -0.0001435251377429602 0.9999881926205884 13.437668205804343
0.9999734646487882 0.004639376629239675 -0.005616598863255276 -0.11122758093944617 -0.0046386434724218365 0.999989231131539 0.00014355378308025137 -0.33907566027172986 0.005617204378907182 -0.00011749657417594895 0.9999842164802004 14.69887182124545
0.9999591821654991 0.005654752392796123 -0.007046827533171656 -0.12626072046018116 -0.005654288466457191 0.9999840107061075 8.575584531235265e-05 -0.364151238426726 0.007047199787446698 -4.5907549298526104e-05 0.9999751671254903 15.887808689040618
0.9999532401703232 0.005951279726768172 -0.007622318707937661 -0.13619252231691498 -0.005949546726414239 0.9999822700362716 0.0002500137090615545 -0.3902319316195841 0.007623671466021598 -0.0002046526771466058 0.9999709184524613 17.07697337299633
0.9999527464664242 0.005398899800221258 -0.008084350017286421 -0.1478164832075759 -0.005392637597825386 0.9999851426472816 0.0007962062757396713 -0.4166433723761956 0.008088528543149745 -0.0007525726823224886 0.999967004125818 18.313345458311225
0.9999475910916457 0.004851495235057394 -0.009015434764830235 -0.15979950134787974 -0.004840731341189842 0.9999875450099734 0.0012153785451099331 -0.4424169913181142 0.00902121888090055 -0.0011716735508265808 0.9999586215394077 19.571140272692602
0.9999440254315203 0.004753285112399743 -0.009452633730716066 -0.17487527985759044 -0.004750200287342603 0.9999886569138969 0.0003487703681356773 -0.46688682841819745 0.009454184313676268 -0.0003038489424010308 0.9999552620366485 20.767730539960382
0.9999377476897172 0.004426929379898396 -0.010242218581953606 -0.18812167770043367 -0.004432604064904291 0.999990034760413 -0.0005314142175973111 -0.49409685293792777 0.010239763982578764 0.0005767808355545544 0.9999474058956541 22.02112641071833
0.9999169581925779 0.005596575155714023 -0.011608404947656836 -0.20666306358831657 -0.005596890889149182 0.9999843372695452 5.287966121557408e-06 -0.5155046371708272 0.011608252722838958 5.9683448889801785e-05 0.9999326201832841 23.13757911646996
0.9999007104006011 0.005501336628246492 -0.012973227650659636 -0.22471777817221428 -0.005500968848778191 0.9999848675062293 6.403337255143228e-05 -0.5410880423709187 0.012973383602510883 7.338306470863054e-06 0.9999158420907486 24.349191082026884
0.9998907054523971 0.005827512023458272 -0.013587393183543732 -0.24535650961095157 -0.005836848528028261 0.9999827557645494 -0.0006475899917850424 -0.5674540435185073 0.013583385040873128 0.0007268267696329668 0.9999074774066238 25.500929272038512
0.9998669134406657 0.00613070128015481 -0.015118528646997774 -0.26535515369246737 -0.006130825447097961 0.9999812055859254 3.813470189609951e-05 -0.5937906987739929 0.015118478295575928 5.455943347186065e-05 0.999885707787292 26.684676354511698
0.9998645828619592 0.005329509464248546 -0.015569594315560327 -0.2847848885392215 -0.0052999072291086925 0.9999840698223394 0.0019419281429755326 -0.6184088935569559 0.01557969581357367 -0.001859147767156802 0.999876900747255 27.86841120526201
0.9998515701831198 0.004721223013080006 -0.01656947964213335 -0.30536216357207424 -0.004687052525578403 0.9999868096677696 0.002100483062914773 -0.6424764110839117 0.01657917793416722 -0.002022509267194204 0.9998605104289752 29.130942634844896
0.9998462438974538 0.005127324589712767 -0.016768992417721444 -0.32921224558144957 -0.0051045972360762235 0.9999859944640069 0.0013978422256769587 -0.6656103375295587 0.016775924749810833 -0.0013120283465570806 0.9998584134418262 30.41508634381873
0.999840196754076 0.004929441057137617 -0.017183758774944345 -0.35553440069659936 -0.004920779736656921 0.9999877436736606 0.0005462867781010675 -0.6855235445759779 0.017186241053662014 -0.00046164198772137544 0.999852199080004 31.677198225935616
0.9998192193435157 0.005265933079918068 -0.018270155448741984 -0.3811178091184146 -0.005257163775835649 0.9999860416380534 0.0005279754640409912 -0.7094069453138884 0.018272680710760898 -0.000431830816885982 0.9998329473776044 32.91861418164247
0.9998139386960303 0.004988102040685898 -0.018633486715121345 -0.40592939936440914 -0.00497430846306381 0.9999873187303269 0.0007865327996853232 -0.7351508698964608 0.018637173724714545 -0.000693697745703584 0.9998260721440464 34.184389879673475
0.9997961526372486 0.004959921151717009 -0.019571723325369293 -0.430468375297579 -0.00493724495811925 0.9999870835754724 0.0012067702532816108 -0.7584622189247159 0.0195774560139866 -0.0011098938640381486 0.9998077271913988 35.38409065502074
0.999791842136916 0.004643218707174774 -0.019867383232574157 -0.45521426621515476 -0.004623650611108356 0.9999887796344464 0.0010307571181523588 -0.7819585193678877 0.01987194634400525 -0.0009386827193288709 0.9998020927279823 36.57034222311956
0.9997884999710585 0.003932933166502432 -0.020186316214933223 -0.47994801392424763 -0.003913453842768833 0.9999918380073303 0.0010043892380887285 -0.8065978894506157 0.0201901016501148 -0.0009251785929731277 0.9997957310570639 37.75528341099924
0.9997850961310482 0.0028473459732642607 -0.020534219613609326 -0.5043668812644289 -0.002816124944871312 0.9999948347037203 0.0015491953311150622 -0.8308674520647212 0.02053852464336899 -0.0014910354749672929 0.9997879504268321 38.95607156313179
0.9997816554362666 0.0029142679800729437 -0.020691749448975973 -0.5297377584965662 -0.0028543865255789 0.9999916544669578 0.0029229221678002577 -0.8558050542333836 0.020700094943779102 -0.0028632217128168906 0.99978163017268 40.155990700262365
0.9997784370672919 0.0023921817916918667 -0.02091301607992327 -0.5539600426467974 -0.002317013267892304 0.9999907713223462 0.0036178335583222435 -0.8776394499805648 0.02092147759600268 -0.003568576244780184 0.9997747531513208 41.318830123896966
0.9997793716392471 0.0026656334184960283 -0.020835125224265803 -0.5800252627960819 -0.0026026067258171277 0.9999919572027972 0.0030515517282062973 -0.8977745959282442 0.020843091969843894 -0.0029966528323088345 0.9997782682119765 42.4910784152835
0.9997772147564866 0.0032938427344518626 -0.020848775834639538 -0.6095220855975492 -0.003232163674646101 0.9999903022509847 0.002991408023743044 -0.9192847812773702 0.020858426876028995 -0.002923354926264466 0.9997781654068225 43.7108452739568
0.9997688832631243 0.006051298220661204 -0.02062915045875957 -0.6404520224083432 -0.00595255273557391 0.9999705473426456 0.0048447459355332855 -0.9404361690464456 0.020657859877918835 -0.004720830127665818 0.9997754580845488 44.880801065674426
0.9997688314058845 0.006188766069909429 -0.02059084563208275 -0.6703921379445986 -0.0060245436281563414 0.9999496267489995 0.008028003401162607 -0.9574256421166525 0.020639491839305635 -0.00790209713105169 0.9997557542907899 45.99202874884461
0.9997701183757827 0.006625057920750396 -0.020391640699571674 -0.6973502624682016 -0.006397130285127665 0.999916562489209 0.011222512369299404 -0.9715595975456363 0.0204642890662937 -0.011089484537645475 0.9997290814044073 47.20784387070175
0.9997768747961365 0.006956782063490431 -0.019945019583637025 -0.7240510665757128 -0.006665816377685333 0.9998709330267669 0.014617940354297795 -0.981191916286094 0.020044139165590235 -0.014481728885182309 0.9996942092528126 48.41035616972986
0.9997902447553488 0.006788353002387956 -0.019323166292170648 -0.7507822018219337 -0.006476665406807812 0.9998486458777889 0.016147388072396785 -0.9884483751569237 0.019429855821600124 -0.01601885139038668 0.9996828882715181 49.564431290589894
0.9998209093037125 0.0044523266355635995 -0.01839364310374604 -0.7698058030884413 -0.0041931670273986175 0.9998917378759475 0.014104250341586291 -0.9945240634576344 0.018454448498345054 -0.014024596783795633 0.9997313359176423 50.77115741248523
0.9998245906736697 0.004120777896010103 -0.0182703878930016 -0.7942460185302714 -0.0039044252277299577 0.9999220257889643 0.011861610587740474 -1.0047845178587942 0.01831784233664135 -0.011788194587208234 0.9997627194092126 52.04853785121585
0.9998238530494482 0.004538034970841276 -0.018211784974548274 -0.8182320771510528 -0.004333856835520107 0.9999274917001608 0.011235169208975514 -1.0132015037365076 0.018261450059756365 -0.011154262899381446 0.9997710247156028 53.23557222798467
0.9998150567529558 0.005447983895701772 -0.018443745865639693 -0.8401498528868532 -0.0052452994794444 0.9999255212434998 0.011019927372100847 -1.0250329716423145 0.0185024085852374 -0.01092114634036241 0.9997691680778905 54.21098605499833
0.9997988451399036 0.0050307385360156155 -0.019415481624144876 -0.8678664180490433 -0.004829972300491247 0.9999345277552036 0.010373599691255429 -1.0367771639563415 0.01946639731670312 -0.010277736752815516 0.9997576843929474 55.47787378775309
0.9997717470198901 0.004816419506774194 -0.020814801558785224 -0.8950911707794778 -0.004588583791593016 0.9999291921102229 0.010979784359658004 -1.0471225207798467 0.020866210954180727 -0.010881767730099077 0.9997230558367072 56.72365109298542
0.9997407175030367 0.00514356054588843 -0.02218200963448462 -0.925868558034346 -0.0048688244594097 0.9999109926515509 0.01242180836165992 -1.058632835061869 0.022243927596021378 -0.012310587293103864 0.9996767763260292 57.98340286945465
0.9997117684172387 0.005363073634963453 -0.023401229225476487 -0.9577214999121718 -0.005073348484927289 0.999909965764893 0.012422620464348895 -1.0691539105129897 0.02346574574199209 -0.012300317281953903 0.9996489688743421 59.20097252513935
0.9996880206998368 0.005932745215078452 -0.024262394841727625 -0.9913830146041397 -0.005635695094876377 0.9999085522177981 0.012293337321691158 -1.0815015602853102 0.024333109337701022 -0.012152766595317381 0.9996300365905574 60.42287620006813
0.9996613825925769 0.006098815403632827 -0.025296731088627525 -1.0267371666308183 -0.005785540921889342 0.9999058981079249 0.01243874773541605 -1.0928405165062802 0.025370212244659403 -0.012288180486003001 0.999602597511133 61.68522681244882
0.9996539524204138 0.004667721450736522 -0.02588798537359991 -1.0605038053921985 -0.00435440977533491 0.9999167560255813 0.012145786709247073 -1.1024901068969877 0.025942523503966516 -0.012028856792579631 0.9995910624242844 62.93779268125213
0.9996607388080068 0.0038981129183601427 -0.02575290277825331 -1.093947580483278 -0.003608472857630932 0.9999298248754805 0.011283804683102076 -1.1121226620667406 0.025795081109897533 -0.011187047875394526 0.9996046537258455 64.12394724232954
0.9996464391983982 0.003912388958105803 -0.02629999639931265 -1.126029207650415 -0.0035759690352110064 0.999911342507938 0.012826518211584486 -1.126424784380698 0.026347847035812562 -0.01272793528477373 0.9995718036339181 65.32092006471764
0.9996255612362068 0.003897819680281781 -0.027084023425971812 -1.1596066924470245 -0.0035079284334643647 0.9998897539583664 0.014428248929885182 -1.1366463964339533 0.027137276232228467 -0.01432783761832359 0.99952902974745 66.4999895978712
0.9996253891346774 0.004053178827085407 -0.027067566176891995 -1.198695880867159 -0.0036972666219544947 0.9999062233588093 0.013186155916287946 -1.1490090853013883 0.02711847371942123 -0.013081140230046494 0.9995466333060259 67.69091345794108
0.9996140883099371 0.0042423647478705105 -0.027453174563957197 -1.2354660375114257 -0.003912666364034735 0.9999197160357898 0.012052075540282927 -1.1637376247974387 0.027502099814683784 -0.011940009390740036 0.9995504342861006 68.89057037438705
0.9995920746031315 0.005303153738238133 -0.028063516369767616 -1.2726730119568446 -0.004954878147941127 0.9999100289006984 0.012465283243592393 -1.1764862335481183 0.028127096777780986 -0.012321147033963217 0.9995284166858993 70.0805075932549
0.9995802433444162 0.007139715381015987 -0.028077777330045 -1.309940663323773 -0.006778549489289805 0.9998933335230512 0.012937265668629171 -1.1878275087942156 0.02816715076713923 -0.012741508562078735 0.9995220185554812 71.25543715623357
0.99956278341604 0.008407849479998763 -0.028346958861583133 -1.348965648498707 -0.008035899230679646 0.9998804551861874 0.013209831952613108 -1.198490941286277 0.028454636408377497 -0.012976263090104197 0.9995108555003709 72.45542862686024
0.9995642089125885 0.008603256626057841 -0.02823785112889389 -1.3850852567268859 -0.008203335516024965 0.999864840587363 0.014248011918080538 -1.2105803359651874 0.02835661382046354 -0.014010158194411421 0.9994996838018532 73.69066505557547
0.9995796905443193 0.009805801083235286 -0.027281651644273555 -1.4223769625217582 -0.009407171824839189 0.9998476694561367 0.014701802657811463 -1.221183396501173 0.02742165876786856 -0.01443898016645574 0.9995196688820941 74.89215323596231
0.9996289719994178 0.008501891260055204 -0.025877329545180596 -1.4580728880670775 -0.008167444903440355 0.9998821047595225 0.013002669934127194 -1.2340495806509597 0.025984826017061275 -0.012786493916190867 0.9995805592298171 76.14285490499972
0.9996995342463246 0.0058455114859081855 -0.02380485713357825 -1.4859488871725348 -0.0056609593587723835 0.9999534562922484 0.007812732449272589 -1.2531133130670202 0.023849418584533294 -0.007675626661954381 0.9996860957263162 77.35607930963522
0.9997215069943598 0.005263595574154864 -0.023004412936614285 -1.5145366024476101 -0.005108440326909315 0.9999638437988259 0.0067981565518212455 -1.2719788582008043 0.02303936393117082 -0.006678746642028037 0.9997122496263303 78.58735045104143
0.9997720298040533 0.005087226390142138 -0.020736647490352568 -1.5401716694386647 -0.004850886996591232 0.9999228907797447 0.01143159612758602 -1.289298239850822 0.02079320362113557 -0.011328398930712975 0.9997196157227467 79.75679031159468
0.9998049825840543 0.004722039037300525 -0.019175482977746815 -1.5619523828463362 -0.004471114972781552 0.9999040963427831 0.013107526380735786 -1.2999178592410632 0.01923553823005262 -0.013019234395759442 0.9997302104091624 80.94446984586278
0.9998661444976248 0.004901250084236085 -0.015609959483216551 -1.5836442203066132 -0.004729162247460011 0.9999278505659221 0.011042132359792536 -1.3119278582514613 0.015662953485632434 -0.0109668322785458 0.9998171835280093 82.13563733086751
0.9998934942984451 0.006309259071618978 -0.013160292915189959 -1.6020946270661722 -0.006203775984255721 0.9999484285305212 0.008040736463621707 -1.3262345532682867 0.013210345309021147 -0.00795823657021059 0.9998810695515287 83.32834180591733
0.9999431313270287 0.005044306945485278 -0.009396226867060709 -1.6163972118814027 -0.005004807819781471 0.9999785609531882 0.004222503129351683 -1.3443512885848599 0.009417325022775765 -0.0041752366915013776 0.999946939286273 84.48951389603874
0.9999721217492524 0.004523566358060874 -0.005940797227914789 -1.6251379301454851 -0.004505295009277934 0.9999850913189552 0.0030853616805435937 -1.3643434102626968 0.005954665496764312 -0.0030585106219549445 0.9999775934847726 85.64597894172175
0.9999877220830802 0.004456389870343809 -0.0021670884653875026 -1.6288814017633706 -0.004444987348426619 0.9999764007028029 0.005238332266958672 -1.381826473557224 0.0021903813744747137 -0.0052286352703387155 0.9999839316722264 86.8054089525876
0.9999792119916585 0.00585458545117239 0.0027017427223102824 -1.628945169344439 -0.005869718459018603 0.9999669372370767 0.005627684951327194 -1.400660289933659 -0.0026687056327913635 -0.0056434264320941304 0.9999805146843367 87.95774957540861
0.9999694347182677 0.005459313000189309 0.005596921546283542 -1.6258893691016911 -0.005476131353474633 0.9999805237220339 0.0029940210429277065 -1.4179640526533341 -0.005580467241081267 -0.003024579007393542 0.999979854950688 89.06983472743649
0.9999490314957301 0.0053859859751216235 0.008539646703947933 -1.6170278982275088 -0.005392324989007337 0.9999852024998274 0.0007194529806524462 -1.438382448389715 -0.008535645374860816 -0.0007654648615291072 0.9999632777365277 90.24376396018512
0.9999126724518059 0.005596749720191454 0.011971794471094796 -1.6033480342044848 -0.005597977320582382 0.9999843288193793 6.90331290280024e-05 -1.4605093044831468 -0.011971220497795728 -0.00013604493446994726 0.9999283331177133 91.40037681728332
0.9998928372012067 0.004211786217075764 0.014020519626035005 -1.5855031333480742 -0.004231017627819175 0.9999901483354228 0.0013422823589787298 -1.4834041657594639 -0.014014728094239495 -0.0014014595819332944 0.9999008067340902 92.54595947669887
0.9998515900075414 0.003298855158591288 0.01690903646086209 -1.5663017855255765 -0.0033456228648424376 0.9999906542169923 0.002738299895364056 -1.5055126536989718 -0.016899845177940877 -0.002794464763303135 0.9998532823367876 93.70908587949366
0.999827866177068 0.002214563523379526 0.01842101311581128 -1.5440334493721033 -0.0022957586761152807 0.9999877384175343 0.004387767847697172 -1.5242519471252174 -0.0184110702544153 -0.004429302765126851 0.9998206908086577 94.86731717827718
0.999785859681221 0.0008596445327398302 0.020675971386130344 -1.5172446069482928 -0.0009747683517886573 0.9999840759533656 0.005558566933399559 -1.542351419002705 -0.02067086374932362 -0.0055775309026541596 0.999770776998851 96.02853895175052
0.999740385305118 -0.0014595748499024144 0.022738329561176312 -1.4873814159217156 0.0013828829964548227 0.9999933039810703 0.0033881599194288117 -1.5598684008541739 -0.022743122577896995 -0.0033558358540071664 0.999735709445815 97.23347321082443
0.999691590963047 -0.0027305417535885904 0.024683336474325003 -1.457577611922753 0.0027370363756249205 0.9999962280111643 -0.00022933669694632066 -1.5792360460821897 -0.02468261715562876 0.00029682515723850923 0.9996952937296315 98.40266763975899
0.9996445535714801 -0.0025278755278336854 0.026540089679442654 -1.4267059234728456 0.002614200778104385 0.9999914037517568 -0.0032184432388118428 -1.6007818204943913 -0.026531725710342263 0.003286680377748187 0.9996425687529145 99.58182183133343
0.9996042370288367 -0.00228595936647696 0.02803825429253082 -1.3937869800418494 0.0024061954591700807 0.9999880512603087 -0.004255297876879816 -1.6256710322037495 -0.028028191832690084 0.004321079307710636 0.9995977934830619 100.7682912189056
0.999596270564412 -0.0019135972383434732 0.02834843945138534 -1.360478334856197 0.002023003730570187 0.9999906147501142 -0.0038311705251676993 -1.6518493303316453 -0.028340842076860644 0.003886972767619942 0.9995907603179803 101.96189741105486
0.9996292926419617 -0.002346571275087972 0.02712509714974922 -1.3275306270537024 0.0024042095296401946 0.9999949206242643 -0.0020924870865226897 -1.6784142290117143 -0.027120049201098215 0.002156925803222972 0.9996298567982096 103.15682955011518
0.9996705052783511 -0.0035039805562645087 0.025428389583073228 -1.2940856797539935 0.0035246503070340274 0.9999934934207056 -0.0007680862353169914 -1.7027571569258166 -0.025425532772005998 0.0008574593361080566 0.9996763511490838 104.3574425088121
0.999741906187398 -0.0038027999852872987 0.022397761608266814 -1.266018882642859 0.0037945977728241227 0.9999927169710808 0.0004086961423860084 -1.7264174527685936 -0.022399152674405558 -0.00032360016412543596 0.9997490551345384 105.53620589331754
0.9998009052156557 -0.003788708399895794 0.01959070235129582 -1.2407342018011442 0.003774457031596468 0.9999925845708962 0.0007643803596717382 -1.748499756563373 -0.01959345309212085 -0.000690283911285097 0.999807791579986 106.72829956588708
0.9998801288488395 -0.002830683621580035 0.015222193122656737 -1.2201657234788754 0.002822015389290098 0.9999958435264317 0.0005908967774290892 -1.7722153440624435 -0.015223802493843287 -0.0005478686827012652 0.9998839611062551 107.94122220313866
0.9999406917152538 -0.0017980711341153634 0.01074150791170423 -1.208148211334346 0.0017944410774494094 0.999998329585064 0.0003475748837255719 -1.7962978405355088 -0.010742114933294349 -0.0003282792666248739 0.9999422479320909 109.12494065285694
0.9999778870217063 -0.0016376811821156453 0.006445422247616741 -1.1986478510614031 0.0016337267514161345 0.9999984740459952 0.0006187427424183736 -1.8219378265303643 -0.006446425715544674 -0.0006081990014234236 0.9999790366250028 110.35224955760329
0.9999972328433913 -0.001208897350450079 0.0020181359611327393 -1.1943709325790648 0.0012054669197931862 0.9999978281614949 0.0017001534628506322 -1.8453310741553173 -0.002020186889083943 -0.001697715962118938 0.9999965182966615 111.56651308114317
0.9999976013319847 -0.001632246055410585 -0.001460514667066557 -1.1953676747378479 0.0016359964404839894 0.9999953583917988 0.002570352213781822 -1.8671615982837086 0.0014563124406677462 -0.0025727354451567613 0.999995630083654 112.73414808353068
0.9999850132495388 -0.00141105844260222 -0.005289819504724332 -1.2011516784994996 0.0014269242089803651 0.9999944917370432 0.0029967286951658964 -1.8902452930001625 0.005285561807682013 -0.0030042319554531567 0.9999815185425852 113.95696522849903
0.9999587074553631 -0.0013884929374740234 -0.008980839134717635 -1.2110515230929488 0.0014191943080648982 0.9999931683888515 0.0034130723900738843 -1.9121297639008323 0.008976038754208186 -0.0034256770114114926 0.9999538466675829 115.12572732106618
0.9998978269276685 -0.0008325524299171347 -0.014270338530654094 -1.2276845560846898 0.0008802977693654584 0.9999940353211728 0.003339820041839981 -1.9341426651770874 0.014267472837376699 -0.0033520409493418826 0.9998925957523179 116.35721459006562
0.9998109003832101 -0.0006511951770577463 -0.019435519539170203 -1.2503034606646588 0.000708337649668506 0.999995446800619 0.002933365950893864 -1.9554851547895864 0.019433520851614917 -0.002946578162747093 0.9998068093108988 117.52939671777527
0.9997051669256876 0.0004840377627966495 -0.02427642744575376 -1.280750202893638 -0.0004251388213380662 0.9999969540606717 0.0024312808063099616 -1.9772446680200833 0.02427753033295088 -0.002420243132564719 0.999702327667647 118.73822665953237
0.9996072526420019 0.0017213237057144336 -0.02797101196257922 -1.3140291069519647 -0.0016580014745238329 0.9999960105818337 0.002286886863256849 -2.0016535116247804 0.02797483684708599 -0.0022396127154053697 0.9996061187479113 119.9678705066639
0.9995448779756715 0.0029952221521637717 -0.030017754027591853 -1.3516678051341398 -0.0029291781006741363 0.9999931923943085 0.002243898547611392 -2.0242821432651663 0.03002427065319571 -0.0021549499522329554 0.9995468470074058 121.18447574603425
0.9995189904952716 0.0036835940743593604 -0.030793161156499667 -1.3951254089742962 -0.0036266516887975267 0.9999916094628357 0.001904836332437791 -2.0481880705405437 0.030799919429163377 -0.0017922440181452884 0.999523963106706 122.44852850925858
0.9994882767954766 0.004428421989395774 -0.03167923021625121 -1.4347245321947695 -0.004368552723344006 0.9999885393142076 0.0019588229472092353 -2.0721628294732204 0.03168754164516032 -0.001819428184618935 0.9994961677693248 123.67525371055687
0.9994740682916696 0.0053829236220582465 -0.03197828866246523 -1.4777284387975538 -0.005299383918409497 0.9999823223667366 0.0026965689517214017 -2.0934044304309904 0.0319922387867146 -0.0025256855119298524 0.9994849261345105 124.92441119685843
0.9994633801300346 0.005111470054185708 -0.03235466972375332 -1.5185273168595939 -0.005017467734163561 0.9999829545772483 0.0029858955928805187 -2.1139306457164673 0.03236938054063782 -0.002821954790587271 0.999471990490266 126.17172006989767
0.9994110430344599 0.007204466762082914 -0.03355089744625286 -1.5646657771690151 -0.007036620194035863 0.9999621446058384 0.005118137506463937 -2.1326356495741834 0.03358650081535466 -0.004879038221230569 0.9994239050318013 127.415773467857
0.9994063655025892 0.007136927836307843 -0.03370431506449095 -1.6086734714770423 -0.006862455395379666 0.9999424021911668 0.00825221219450564 -2.147046181142769 0.03376126921271711 -0.00801601903790512 0.9993977787347386 128.64627923563592
0.9993808531531756 0.0067055400180668625 -0.034539051577877476 -1.6554530837292931 -0.006434826517350988 0.9999477486993604 0.007943102590930728 -2.161546753854121 0.03459050965980079 -0.007715931839030052 0.9993717831904851 129.9326242459774
0.9993678132158152 0.006253088206549564 -0.03499818275457589 -1.7064412005838516 -0.006044027476859715 0.9999632747689315 0.006076087989079876 -2.1782483307197813 0.035034891752373745 -0.005860716788344803 0.9993689050388879 131.24050455038375
0.9993417388333019 0.003166570441587986 -0.03613947782236404 -1.746012403578941 -0.0029149125487023695 0.999971152541875 0.007014083611238001 -2.1931134638327263 0.036160645880129086 -0.0069041230949687706 0.9993221406402545 132.5166694575487
0.9992897606658055 0.0007539258941406024 -0.037675002643997965 -1.7913316804974277 -0.00041031161908240476 0.9999582603794221 0.009127384254699517 -2.206921772371138 0.037680311475017735 -0.00910544313604971 0.999248360034902 133.81349470000657
0.9993007388673908 -0.0012254789551789287 -0.0373701953489586 -1.8371445662162258 0.0016290752022852125 0.9999406596243102 0.01077141328157531 -2.220398671623876 0.0373547776472329 -0.010824760109471756 0.9992434363834959 135.06840404865298
0.9992983010756239 -0.0028844218640070134 -0.03734415051763801 -1.8827599754588817 0.003347470640803146 0.9999182200768776 0.012342916940330354 -2.2312001984030023 0.0373054943363913 -0.01245926437625317 0.9992262340548907 136.3362057412894
0.9992887294879714 -0.006587735387565732 -0.03712999947186757 -1.9270035654171356 0.00697125815719252 0.9999235839400339 0.01020920370164496 -2.2446761763596603 0.03705990661109719 -0.01046078500779548 0.9992582925845532 137.60692960303973
0.9992602014185217 -0.009559457140593168 -0.037251397828731755 -1.9715480212137275 0.009888918674430279 0.9999135157909371 0.008670076473484545 -2.258424835897425 0.03716529494660011 -0.009032038406845312 0.9992683138845887 138.87504253597916
0.9992411672711039 -0.011000605460050087 -0.03736410456836781 -2.021089298608103 0.011318424595219811 0.999901454037019 0.008305147761214809 -2.2741408081197063 0.03726906083289366 -0.008721748343400244 0.999267205611426 140.17950229218786
0.9992268866047804 -0.011203774266043283 -0.037684274284038685 -2.069051872650948 0.011541524517673268 0.9998950481064434 0.008757053386805077 -2.2898057774499945 0.03758220719871382 -0.009185217167109025 0.9992513244863203 141.42963354456015
0.9992227033125439 -0.010987171111465884 -0.03785856911903723 -2.118107983537315 0.011407373543814605 0.9998755102359176 0.010901186141570814 -2.304126065899984 0.037734082917243734 -0.011324579525468791 0.9992236450790009 142.71496643247508
0.9992449857893106 -0.008682313667367493 -0.03786919334107343 -2.171974708516241 0.009167516258934541 0.9998778606583179 0.012657820151414444 -2.3159657660761144 0.03775466885782902 -0.012995429762990783 0.9992025339162777 144.0164237717374
0.9992443417754938 -0.008977924053871987 -0.03781722239066109 -2.2217098957800316 0.00939559372053905 0.9998966555630332 0.010881222932071588 -2.3274913309538805 0.0377156233980081 -0.011228315703692189 0.9992254283584646 145.2980331790412
0.9992511438506793 -0.00902337845404113 -0.037626189740469676 -2.2720106499768606 0.00935282788270672 0.9999193732090517 0.008589044871922611 -2.3415784355613685 0.037545653859097194 -0.008934524189378143 0.9992549715432001 146.57737444335015
0.9992604958236988 -0.00930829233991797 -0.03730706608528387 -2.322452914508538 0.009537187734702282 0.9999367452364593 0.005962178798697438 -2.3588059481999655 0.03724920853239911 -0.00631357423566223 0.9992860627688549 147.85234680405782
0.9992846690780087 -0.010132382488296192 -0.0364346671559788 -2.3705160087631043 0.010188916646906057 0.9999471581883373 0.0013663120539784855 -2.379397035651615 0.03641889788582968 -0.0017365644754272066 0.9993351030663354 149.1094758970002
0.9992913150761495 -0.010375229017086558 -0.03618317614892138 -2.418848338523791 0.010301262817198167 0.9999444538908353 -0.002230048727835261 -2.402802877815336 0.03620430358053964 0.0018557359188513885 0.9993426862925684 150.39153579585158
0.9992797345688477 -0.011953868332937717 -0.03601551210094405 -2.4649641922548144 0.011829407462790277 0.9999233066304295 -0.0036668755563400175 -2.434207028908096 0.036056583297557974 0.0032381922650133385 0.9993445036181269 151.70355365824219
0.9992565564639171 -0.012396654581417865 -0.03650557928679597 -2.5126411841236242 0.012283774857418654 0.999919057221035 -0.0033147973462705504 -2.4653166981563257 0.03654371682146989 0.0028639066646114044 0.9993279515752013 152.98080467732962
0.9992375591908507 -0.012483878063727333 -0.03699260859688576 -2.562035307454991 0.012390175439291025 0.9999194264519611 -0.0027611875277006826 -2.4948441120192135 0.037024098299566786 0.002300737375175421 0.999311724514745 154.255830516699
0.9992032344988394 -0.0122019338449847 -0.038000118124829604 -2.612726075298185 0.012140176549399329 0.9999245837372923 -0.0018555191054374929 -2.526652488590992 0.038019893219310825 0.0013927125488940864 0.9992760119563302 155.5808631516776
0.9991894623596812 -0.012078273962315087 -0.03839965634564546 -2.662647243350166 0.012047863579279748 0.9999268982930031 -0.001023256227968037 -2.5546835747476244 0.038409208434273534 0.000559793019136029 0.9992619373013404 156.83435719972192
0.9991870759092236 -0.012006790157917854 -0.03848407886490556 -2.717195916323507 0.01196057977531031 0.9999274460666454 -0.001430780931171056 -2.584773660191259 0.038498465780014895 0.0009693259195404584 0.9992581891282385 158.16239265045525
0.9991857965367061 -0.01168879082672499 -0.03861497336938553 -2.7686599731090804 0.01164770017014472 0.9999313325252724 -0.0012889200822016839 -2.6120259968944692 0.03862738769391078 0.0008380950071221318 0.9992533325021755 159.42997026422736
0.999150144050323 -0.012383184233065007 -0.03931470961955704 -2.820365781583302 0.01239947549993774 0.9999231090015971 0.00017056349417940236 -2.643197303836549 0.03930957455311059 -0.0006579003184939286 0.9992268633877016 160.7865882271657
0.9991328511312809 -0.01273208454751569 -0.03964139015415392 -2.874060487648098 0.012753351053137848 0.9999186324855456 0.0002836285436464371 -2.672379811769261 0.03963455345016974 -0.0007889431603459931 0.9992139309184473 162.11736566745398
0.9991075888460842 -0.012409404451663109 -0.0403736620994467 -2.9276019519388616 0.012387611155714923 0.9999229585877516 -0.0007899233958813737 -2.6994658255680233 0.04038035413440622 0.0002890852324119909 0.9991843390634726 163.36000997789267
0.9991291660924213 -0.011653684336601649 -0.04006371306864449 -2.979601158371138 0.011584468025591241 0.9999309780803035 -0.0019593815173686337 -2.7271771862371055 0.040083781807956693 0.0014935584184752636 0.9991952060129305 164.56812156898448
0.9990830645237279 -0.011551445465529202 -0.04122613600053145 -3.033768277031141 0.011474608969108797 0.9999319595064076 -0.0020999301610073275 -2.758105199890584 0.04124758818262534 0.0016249508706316204 0.999147634738623 165.8717973970115
0.999028830808336 -0.012252760855614227 -0.04232333948479288 -3.092282145007343 0.012126931253648153 0.9999212539751525 -0.003228527083202059 -2.788912698362119 0.04235956506031651 0.0027121394088075166 0.9990987496477653 167.22701849102734
0.9989939921819532 -0.012326074005105169 -0.043116951237130975 -3.1488959009253557 0.012158560481881294 0.999917489985018 -0.0041451934899342 -2.8209128685583695 0.0431644876185608 0.003616783333465038 0.9990614324889867 168.5266005776646
0.9989418569529642 -0.012454947104419871 -0.044272347125383846 -3.207796136409549 0.012315073492324398 0.9999182811545609 -0.0034307401222150448 -2.853605057634683 0.04431145892704306 0.0028818926998817494 0.9990136081666874 169.82610090482157
0.9989182511709017 -0.011918150459997005 -0.04494758244089497 -3.2686514000457363 0.011829582810779834 0.999927528122532 -0.0022359501974055793 -2.8868012000287284 0.04497097339608153 0.0017018203122687048 0.9989868444376203 171.16447615565937
0.9988817519695133 -0.011555064917539706 -0.04584458590791404 -3.3268969330683804 0.011469889583186947 0.9999319701506407 -0.0021205432340168228 -2.9133381946120336 0.04586597012237025 0.0015923396023711307 0.9989463335131298 172.37746358513618
0.9988574507869099 -0.01160304495261137 -0.04635905904248775 -3.3886487285921234 0.011520112068892245 0.9999315281966877 -0.002055708188531956 -2.9438713908339977 0.046379737228636184 0.0015192978851809654 0.998922725594197 173.71112977119702
0.9988091864707732 -0.011392628574287295 -0.047438560641759636 -3.449719677984033 0.011322791276091876 0.9999343801470263 -0.0017406314084250018 -2.97734831041166 0.04745527809750591 0.0012014217204095916 0.9988726411142408 175.03696909240858
0.9987983983904873 -0.011072622743401895 -0.047740511080013134 -3.513353720469498 0.010972642891536846 0.9999370236648797 -0.0023558039384000695 -3.006881974148897 0.0477635894858558 0.0018291336210555602 0.9988569936630687 176.34996774525376
0.9987980345891131 -0.010570709831069173 -0.04786174040498059 -3.578133854689681 0.01044971029733013 0.9999415424788425 -0.00277762123674754 -3.037944289899097 0.04788830395439245 0.0022741413105383675 0.9988501081872455 177.68760932416268
0.9987582323772796 -0.01112697743704714 -0.04856113293292354 -3.638856624740823 0.011023147419655498 0.999936350059505 -0.0024054210940132057 -3.0682846746427352 0.0485848070859416 0.0018671375927945578 0.9988173157878432 178.95240408716433
0.9987620499369857 -0.011567810263465681 -0.04837926592436172 -3.7031010156168804 0.011393550404876681 0.9999275784961461 -0.0038761800790493386 -3.09972422307636 0.04842060114086952 0.003320169956816086 0.9988215165166474 180.2730236653558
0.9987508135174984 -0.01303007946961046 -0.048239294430499166 -3.76824362702491 0.01277397664476059 0.9999026523104028 -0.005613503656458923 -3.1366206567406145 0.04830774284538509 0.004990283723156884 0.9988200333641428 181.63642716877678
0.9987017823839028 -0.015601152944007771 -0.048490760872922326 -3.8272957045804583 0.015378329615995138 0.9998694199735945 -0.004964874609696315 -3.1683891933508987 0.04856188671622073 0.004212722217982103 0.9988112915511498 182.9138565517691
0.9987090065894495 -0.016113480875206206 -0.04817339401786828 -3.88926439961871 0.016061114362963584 0.9998699255732492 -0.0014739537188745116 -3.2013345778558624 0.0481908784163167 0.0006983324637629107 0.9988379005470481 184.22476913473074
0.9987210665012491 -0.016847491896283717 -0.04766962705343417 -3.947545962920714 0.017026445065652096 0.9998494260205485 0.0033504409868553003 -3.2271962475936045 0.04760600272061467 -0.00415780028196703 0.9988575379911696 185.46544336704167
0.9987421237030168 -0.016515064939268877 -0.047343668755610496 -4.013050551298921 0.016646678091315262 0.9998585851793647 0.002386996364421926 -3.2516008340370104 0.047297552259216884 -0.00317210863171063 0.9988758077344331 186.75494383625391
0.9987867428188422 -0.014514834061202382 -0.047057007570659726 -4.0789909799174096 0.014486801809493308 0.9998946220185183 -0.0009367132845260829 -3.278292787115625 0.047065645036075084 0.0002538712679829827 0.998891766212295 187.988415054667
0.9988203231353705 -0.014142034268646339 -0.04645390143464649 -4.132128210158549 0.014025588519051023 0.9998976269225118 -0.0028317029194852455 -3.3054958021534238 0.04648919184552119 0.002176819118436729 0.9989164211785071 189.11234841737954
0.9987904847586097 -0.014290727428067364 -0.04704617588326922 -4.192768836291207 0.014184971748644026 0.9998960570497938 -0.0025810216516592246 -3.3387627608166834 0.047078170441861696 0.0019105511908472828 0.99888938109382 190.42066743412093
0.9987812388617994 -0.014738633372896277 -0.04710424167726243 -4.249253348740046 0.014687246067167552 0.9998911041775882 -0.0014368679433134717 -3.3703754930617253 0.04712028969194757 0.0007432851561821638 0.9988889456924248 191.65045265912866
0.9987888728452624 -0.01455722652035838 -0.046998666327104345 -4.3078179067143845 0.014607327587211779 0.999893046111611 0.000722715991525237 -3.401260429637021 0.04698311889659295 -0.0014083656057647974 0.9988946906681754 192.92504339352843
0.9988380970530538 -0.01498298960151309 -0.04580355770064416 -4.361944259833745 0.015063591943585447 0.9998855363463247 0.0014150629599114263 -3.4282967513305547 0.04577711298446448 -0.0021033848968551525 0.9989494640364867 194.1257305863832
0.9988818030959934 -0.015295109909617577 -0.04473480810901875 -4.4184399106797505 0.015332933001201761 0.9998823174210182 0.0005024682635983523 -3.4581649041280285 0.04472185829411229 -0.0011878222206988247 0.9989987710047965 195.40617607877695
0.9988915937282336 -0.016013115431704257 -0.04426244585697526 -4.479315071626572 0.015980139232365017 0.9998717056964261 -0.0010987710564576993 -3.488438161874288 0.044274361985069545 0.000390233124168014 0.9990193334410121 196.75860324486507
0.9989275498916828 -0.016663601029412202 -0.043198084079427206 -4.530810973197836 0.016561126003532864 0.9998591308439571 -0.002729024269345205 -3.520526139723963 0.043237474173404115 0.002010688613421354 0.9990627998071016 197.9753856440305
0.9989587217730601 -0.016990912359167228 -0.04234124573908839 -4.579566347313632 0.01685278418632817 0.9998514390993362 -0.0036170977532426693 -3.5536519319064737 0.04239641327640595 0.00289976347148637 0.9990966597447446 199.14547334984937
0.9990560120815624 -0.016860638441560924 -0.04003502959944784 -4.624111910649572 0.01676498202381897 0.9998557475537411 -0.0027238688462469496 -3.5830179653741614 0.040075180616270765 0.002050110995406891 0.9991945641082521 200.21960944496792
