0.9999996376445578 0.0005131296615392698 0.0006792707144756743 -0.0056647066958248615 -0.0005123134807661926 0.9999991473459792 -0.001201183671249188 -0.02604839764535427 -0.000679886498263443 0.0012008352364496321 0.9999990478740889 1.2746747732162476
0.9999981812575588 0.0009365519994890104 0.0016614306867541542 -0.007724415582279771 -0.0009351802188916551 0.9999992213765702 -0.0008262470646074518 -0.05533664277526782 -0.001662203216465724 0.0008246918247635367 0.9999982784804489 2.580133682164348
0.9999958815180818 0.0012508776876876543 0.0025830702439293115 -0.010926742780044917 -0.001248650598313038 0.9999988475157001 -0.000863619681994365 -0.08522741740118708 -0.0025841475495722633 0.0008603907729867538 0.9999962909477015 3.8102417311360908
0.999995230702801 0.0010789755289312545 0.0028938527017691213 -0.010271887270083453 -0.0010758393941565892 0.9999988326056273 -0.0010850608189537367 -0.11571560965462109 -0.0028950200775728135 0.0010819423232387628 0.9999952241183755 5.104629335122424
0.9999923420523349 0.0013989803920756204 0.0036549542471229243 -0.011964343147252447 -0.0013930916334880792 0.9999977284042962 -0.0016132209855036488 -0.1449845215151239 -0.0036572028090713633 0.0016081169453593214 0.9999920193819067 6.339646891494257
0.9999886618995046 0.0018359382905827311 0.0043937914187615265 -0.010269460805707198 -0.0018264380027881411 0.9999959879134295 -0.0021652439276545264 -0.17622152446659162 -0.004397749044725213 0.0021571943902777275 0.9999880030858884 7.6455953567240345
0.9999830646587792 0.0020591560899700066 0.005443369529382172 -0.007687553353277141 -0.0020439860520618 0.999994016259688 -0.002790979368962515 -0.20833242627282722 -0.005449084019837065 0.002779805931380286 0.9999812899061309 8.902465397872657
0.9999801518210167 0.0022382151374038726 0.0058895124599134315 -0.0027408534978425768 -0.002227159111797813 0.9999957467848966 -0.0018831288877977387 -0.2411134456323106 -0.005893702258132435 0.0018699746297793824 0.9999808835515694 10.196089641061674
0.9999842197869822 0.002280448855889519 0.005134172770418213 0.0021704477060001167 -0.0022745351557133097 0.9999967434804237 -0.001157375640605219 -0.2702921462736137 -0.005136795386839529 0.0011456795205092467 0.999986150279888 11.458879001169157
0.9999907617763696 0.0020933001359799194 0.003754258442973471 0.005871248606152093 -0.0020868581335283494 0.9999963449968985 -0.0017190159903031342 -0.2989160302494463 -0.0037578431375534693 0.0017111655048819055 0.9999914752274487 12.753491303591074
0.9999952893303679 0.002641975699554577 0.0015624600719270176 0.006366585859179171 -0.002638860526232316 0.9999945332163706 -0.0019924739638693804 -0.33078274619621917 -0.00156771559809041 0.001988341463775165 0.9999967943778757 13.979442444285613
0.9999963657223319 0.002627880778263874 0.0006023161487595597 0.007341189523315979 -0.0026265716031684027 0.9999942087727278 -0.0021641493986908067 -0.36162657860739456 -0.0006079997872159604 0.0021625595070785164 0.9999974768331356 15.229812627629984
0.9999953297269346 0.003026115286571964 -0.0004279609690834973 0.00627232462330065 -0.003027081168859094 0.9999928314734357 -0.0022745947635958324 -0.3933132156935638 0.0004210747152490514 0.0022758796132076944 0.9999973215304483 16.46833138655577
0.9999950580351203 0.0030962677872530386 -0.0005450056193425394 0.003110329325606391 -0.003097468682412898 0.9999927462094078 -0.0022165776162456413 -0.42184874095546154 0.000538138548114781 0.0022182547998345634 0.99999739487288 17.684735526795418
0.999995201787721 0.002651103102273579 -0.0016025148596685778 0.0014296504287463598 -0.0026534588272965572 0.9999953995830277 -0.0014696833104232924 -0.44853771915198104 0.0015986112054484003 0.0014739284657710496 0.9999976359857518 18.869625434058825
0.9999931157400439 0.0035197050904596855 -0.0011747972567908824 -0.0027896470241598635 -0.0035209309962544724 0.9999932574998837 -0.0010430722368663069 -0.47918527124478943 0.00117111802905843 0.001047201436161627 0.9999987659250957 20.15238282089868
0.9999919166857772 0.0038882393748271606 -0.001023795716244395 -0.006836277833790523 -0.003889894058312134 0.9999911233794032 -0.0016192240780327073 -0.5090442198163383 0.0010174906975813816 0.0016231934462092345 0.9999981649761749 21.415409050319784
0.9999933374328541 0.0035901439791362444 -0.0006602697252597362 -0.007388989512081189 -0.0035915288083282976 0.9999913279983952 -0.0021082810119993334 -0.5423486469655813 0.0006526949670180656 0.002110638343175069 0.9999975595945547 22.747724660571592
0.9999896772201131 0.003823321246680112 -0.0024551309247611564 -0.011896822820054113 -0.0038282555812964338 0.9999906556304621 -0.0020082606811198302 -0.5680185444384632 0.0024474297573795377 0.0020176388189523963 0.9999949695979374 23.905435063344115
0.999990080265576 0.0037517353654606114 -0.0024008024061638288 -0.015951130238264243 -0.0037566194691103136 0.999990877120542 -0.002033097600704531 -0.5968648109823259 0.002393152859762883 0.0020420963339767583 0.9999950513187319 25.127388110393753
0.9999824553510774 0.0035582784114320714 -0.00473578343848439 -0.02104106254979423 -0.0035702986666812987 0.9999904205524804 -0.002532147449232835 -0.6243685066715535 0.004726727986692313 0.002549011184890933 0.9999855801882945 26.35426846421992
0.9999788439695687 0.003560769998612194 -0.005443576976680995 -0.027333283863208192 -0.003571037899546869 0.9999918609569808 -0.0018776869055385354 -0.6519484616703275 0.00543684665997378 0.0018970864008300522 0.9999834207433564 27.567878398190118
0.9999734868501927 0.002934415341585452 -0.006664443207760819 -0.03473717421816753 -0.002935661465672142 0.9999956752354974 -0.00017720626809476434 -0.6790468376526033 0.006663894388821688 0.00019676611891361693 0.9999777766503963 28.80235553246038
0.9999662569334246 0.0025923137115798083 -0.007795184678773303 -0.04452782436989963 -0.0025932627073585713 0.9999966312572827 -0.00011163609540793192 -0.7040995302978843 0.00779486902302086 0.00013184729018816954 0.9999696108548533 30.003542468055528
0.9999681611989193 0.0013080371611019328 -0.007871824898726095 -0.05363267825090324 -0.001311644780963645 0.9999990371210202 -0.00045315008804528583 -0.7325670367756942 0.00787122458195665 0.00046346069833484824 0.9999689140307123 31.280639041002374
0.9999654917800657 0.0008071937970559119 -0.008268233621772116 -0.06416232807971801 -0.000816082797228163 0.9999990926681163 -0.0010717610804971346 -0.7609578954261882 0.008267361000844029 0.0010784716591522455 0.9999652432164644 32.57009231081669
0.999959134248809 0.0012749817766208918 -0.008950097979381797 -0.07704612896438609 -0.0012810196737997638 0.9999989557683258 -0.0006689176741711594 -0.7890892360750703 0.008949235775561374 0.000680355589941945 0.9999597233365477 33.81238253096786
0.9999546294108446 0.0007445102754649022 -0.00949656907883616 -0.08797485005598106 -0.0007460815821442868 0.9999997085722386 -0.00016191884423180593 -0.8171389865518397 0.00949644576102897 0.00016899671316173022 0.9999548934617097 35.04636449892967
0.9999548249935992 0.0007403770367909307 -0.009476276371155957 -0.10148534455925896 -0.0007364774069870786 0.9999996426887863 0.0004149979882788337 -0.842917290655005 0.009476580240156983 -0.0004080001772923333 0.9999550129694874 36.313338602208866
0.999952698090266 -0.0006950767589695287 -0.009701466399209989 -0.11397626246674995 0.000699565240042099 0.9999996498377591 0.0004592742485533848 -0.8702628206784271 0.009701143771266615 -0.0004660393326746586 0.9999528341961285 37.60283918311768
0.99994494456995 -0.0010832125894092194 -0.010437168173614193 -0.12714372010566138 0.0010878761635882306 0.9999993109528554 0.00044115673877520025 -0.8968985189840045 0.010436683115379927 -0.00045248679717266245 0.9999454339618976 38.851425603799434
0.9999371230202867 -0.0017902720398352372 -0.011070001442354378 -0.1396177920983852 0.0018061060003057828 0.9999973600529329 0.0014205169064797703 -0.9221195214150624 0.011067429106436757 -0.001440421184695488 0.9999377166602853 40.09361355433412
0.9999385487155047 -0.0024844715812187956 -0.01080398971170077 -0.15285012841529075 0.0025168279476527654 0.9999923857351957 0.002982289173540288 -0.9454570167627105 0.010796498034563527 -0.0030092976912923985 0.9999371879061181 41.3569102000526
0.9999364791404233 -0.0023710916934998032 -0.011018875098355932 -0.1672928644874 0.002417850219341986 0.9999881215461967 0.004232111391118237 -0.9661660078643521 0.011008709486991668 -0.004258484553338311 0.9999303343857213 42.59565467739619
0.9999324239687698 -0.00292132064726499 -0.011252261177847866 -0.18177602062862486 0.002967552716968118 0.999987215542722 0.004094188806934996 -0.9877674002686946 0.011240156885500058 -0.004127303816134674 0.9999283095484391 43.81575844026693
0.9999215412090121 -0.0024865614579117567 -0.012277151066433786 -0.19873340056932925 0.0025393515553304925 0.9999875902255795 0.004286150781059573 -1.0098170660791075 0.012266340932423547 -0.004316990497506877 0.9999154466619536 45.02153117351201
0.999930173547866 -0.00011126357738773267 -0.011816752893622278 -0.2206701776400766 0.00017664695758060704 0.999984681610877 0.005532209273547376 -1.0279566073927424 0.011815956346608652 -0.005533910372448485 0.999914875882745 46.298806131008334
0.9999618110707509 0.0001705952546054965 -0.008737694052830706 -0.23727246656564735 -9.148296063184693e-05 0.9999590098871605 0.009053738253239834 -1.0445223542408222 0.008738880418547963 -0.009052593150549198 0.9999208381298399 47.438627895354735
0.9999732789133288 0.0006303624792767225 -0.007283138229413391 -0.2510996495419896 -0.0005432870083867517 0.999928429949675 0.011951561304068575 -1.0583113421314934 0.007290150790658645 -0.011947285110982793 0.9999020532431798 48.689926047777035
0.9999782523143166 0.0005895190063110936 -0.006568665446214496 -0.2630756770668405 -0.0004921479934642411 0.9998901258647483 0.014815329511380437 -1.0669550328914195 0.006576677638110553 -0.014811774556731841 0.9998686706991701 49.96442308995028
0.9999825454505357 0.0003087129082252334 -0.0059002958066414184 -0.2705961566010566 -0.00021189558081317244 0.9998654478118075 0.016402480676933527 -1.0753135615381757 0.005904565566441533 -0.016400944132416308 0.9998480610257927 51.17451033226182
0.9999871327916052 -0.0016145647623261093 -0.004809098860557258 -0.2748728248832708 0.0016869786008741443 0.9998846880842465 0.015091873239274065 -1.0826801060835187 0.004784177507424969 -0.015099791895863286 0.9998745460957987 52.41369904311367
0.9999891316498729 -0.0016307886875493313 -0.0043677351554016215 -0.28354200301297133 0.001689078725508367 0.9999091196873892 0.013375327250217586 -1.0922663132851658 0.004345525881893367 -0.013382559331007618 0.9999010068554599 53.702991702106694
0.9999886684692514 -0.0012650270341754229 -0.004589405156925425 -0.29139881947565976 0.0013257211240188778 0.9999113893318988 0.013245978554039752 -1.1028422347503888 0.00457224196570331 -0.013251912728189695 0.9999017358783072 54.91965042379614
0.9999857168902498 -0.0016812482708567164 -0.005073403171717 -0.29932664573007317 0.0017454285157464807 0.9999181768190666 0.012672535110670046 -1.1125583301137745 0.005051682371989142 -0.012681209370028045 0.9999068293766807 56.152329253473475
0.9999737581373437 -0.0030944620448054147 -0.006550369556628222 -0.3086760721528843 0.003172834908558043 0.9999231043775213 0.011988263037836212 -1.123910041165684 0.0065127686369299675 -0.012008731684677313 0.9999066827499493 57.50587929886319
0.9999696844992265 -0.0029071217561302304 -0.0072234843123071164 -0.3212298380111433 0.002998250358973443 0.9999156552632698 0.012636963805094627 -1.1350812992080404 0.007186137857015298 -0.012658238523641036 0.9998940585982993 58.77685638452208
0.999961899783719 -0.0030627829410972978 -0.008174248686497758 -0.3328628002599957 0.0031772217420107194 0.9998966131672558 0.014023845359010046 -1.1447990686345044 0.008130451582481836 -0.014049282448120124 0.9998682480305885 60.05164454405321
0.9999598612468639 -0.002944490162568841 -0.008462025338688778 -0.34623401128717535 0.0030667257346323803 0.9998906199062075 0.014468704739834701 -1.1526307130598707 0.008418496802792 -0.014494074694940224 0.9998595154872105 61.28284085037134
0.9999561985656598 -0.002566788853169495 -0.009000696922762397 -0.3589227549510549 0.0026958358044043233 0.9998933312625375 0.014354740193439469 -1.1621142047634916 0.008962891242666698 -0.014378375836258398 0.9998564541417353 62.589998816671404
0.9999610783852712 -0.0031658256431903423 -0.008235245142666178 -0.37124852984226603 0.003281793419944772 0.9998951099654584 0.01410669695969355 -1.1734857258764235 0.00818972200454299 -0.01413317427759023 0.9998665820189854 63.764279303879135
0.9999579010291378 -0.003846461161241723 -0.008330720613083594 -0.38210049647544136 0.003958319571939363 0.9999016745983713 0.013452614672952997 -1.1833539341797212 0.00827815653177679 -0.013485023986170994 0.9998748052894064 64.966338026273
0.9999570416087323 -0.0041998569573478625 -0.008262937652365902 -0.39591202412382676 0.0043071730598942546 0.9999060505696583 0.013013004819017977 -1.1945712729047422 0.008207508595255356 -0.013048035703717256 0.999881185725051 66.19127011325286
0.9999515540865601 -0.004728514932253267 -0.008633112208588426 -0.4074069176552455 0.004851048317037141 0.9998870080785159 0.014228085114284939 -1.203354296710321 0.00856485902373132 -0.014269275466155348 0.9998615058934789 67.44655396065949
0.9999477980291853 -0.0047369417097618055 -0.00905331982310334 -0.4204434455731104 0.004879872237899067 0.9998627689378962 0.015831302498041582 -1.2103141747919128 0.00897708546928562 -0.01587465511691621 0.9998336898011572 68.72497581815124
0.9999505122631115 -0.004585136486972264 -0.008828904129842871 -0.43434343009852494 0.004711129369396807 0.9998866085579295 0.014302981737604477 -1.2175672670214388 0.008762321884234094 -0.014343868024953224 0.9998587276036952 69.94994658431933
0.9999488662986534 -0.0038523571311460804 -0.009350087302746975 -0.45042254652313896 0.003974594460636118 0.9999064201352021 0.013090208985260946 -1.2251895993324118 0.009298784162908769 -0.013126702439624098 0.9998706027762562 71.27886188919398
0.9999538845924758 -0.0016606357649473526 -0.009458909940938587 -0.4657950686933587 0.001786616696690657 0.9999096098868396 0.013325916731208963 -1.2369121003795633 0.009435925455074094 -0.013342201647561253 0.9998664655672789 72.45019126043985
0.9999583913194157 -0.0003106229696539696 -0.009116970069816167 -0.4802587185821434 0.00043179752102860274 0.999911562352896 0.013292141433619222 -1.2480760026312103 0.009112034941989302 -0.01329552505022748 0.9998700914783155 73.66714459888091
0.9999576565135769 9.594976720042611e-05 -0.009201954874606053 -0.4928153840634876 3.330731726494888e-05 0.9999013563127577 0.014045516527719185 -1.2594128419722932 0.009202394823888429 -0.014045228284011268 0.9998590138074246 74.83300850281837
0.9999617516657934 0.000812548759792549 -0.008708327622917796 -0.5068796439528974 -0.0006830810457998854 0.9998893538728117 0.014859791791802954 -1.2689589317495347 0.00871943838558324 -0.014853274935980439 0.9998516648072936 76.10514610049526
0.999969506127037 0.002187222898275789 -0.0074968574776524905 -0.5190346963317517 -0.00206994764642205 0.9998759284112705 0.015615476311691289 -1.2804597588882973 0.007530081857991174 -0.015599482032848963 0.999849965758623 77.30358366288311
0.9999894715219846 0.0011547357518783014 -0.004441106902832546 -0.5259852147806313 -0.0010906647396921188 0.9998956870272548 0.014402274637005717 -1.2920419952879254 0.004457274459200949 -0.014397279244269718 0.9998864190770661 78.52516959677227
0.99999412866102 -0.0008805228433403952 -0.003311694884336258 -0.526434704443389 0.0009086348395185281 0.9999634887166265 0.008496800362592611 -1.3069223550063185 0.0033040923432913175 -0.0084997595963472 0.9999584176657507 79.71941110644734
0.9999993948312018 -0.0010735078275999968 -0.0002406619445248781 -0.5283186259494497 0.0010752643261172834 0.999971883456392 0.007421327597242289 -1.322026016150698 0.0002326883246759853 -0.007421581881289986 0.9999724326092813 80.88399484010755
0.9999935277647679 -0.0018312939932788128 0.0030969002052936585 -0.5241973356168167 0.0017942135167569456 0.9999271763342154 0.011934103491263616 -1.3389853506236917 -0.003118529529706874 -0.01192846975073016 0.9999239903027524 82.03587647432263
0.9999723598094284 -0.0013363226641908794 0.007313949609961343 -0.518076996477017 0.0012369951673670706 0.9999071816213361 0.013568271261775811 -1.351767064756807 -0.007331402329417939 -0.01355884891185053 0.9998811970209612 83.18058063344311
0.9999264237935752 -0.001316120918522461 0.012058806952438793 -0.5078492534470794 0.0011735342797325207 0.9999294086228195 0.011823729890074084 -1.3631523859778392 -0.012073517162892181 -0.011808708521551622 0.9998573821232561 84.3595699632878
0.9998694945396777 -0.0019917811436650098 0.016032052171894174 -0.48678023968378914 0.0018419855237695397 0.9999545645336714 0.009352858258654246 -1.3782721172105497 -0.016049952594846536 -0.009322106851564925 0.99982773383496 85.58018614635148
0.9997811634994709 -0.00340453276684691 0.02064059757567605 -0.46121516141020136 0.0032801657645996135 0.999976281053965 0.006056223413934598 -1.394695437158427 -0.02066072661351214 -0.005987193509667655 0.9997686171758345 86.76661384049685
0.9997120379391976 -0.003980654829196588 0.02366422588179187 -0.432333699249404 0.003862831053206555 0.9999799257528463 0.005022611630124381 -1.4143371904070325 -0.023683744123513498 -0.004929754401942474 0.9997073460697533 87.9344336830822
0.9996117098192898 -0.0037242767547361814 0.0276144772684105 -0.39948991801240924 0.003535427378953763 0.9999700520710927 0.006884454530677687 -1.4307031537304284 -0.02763928988598615 -0.006784152385593639 0.9995949404288763 89.07208949258337
0.9995189200115936 -0.0033596611718682548 0.03083247015185999 -0.3643430005623483 0.0031297053093466477 0.9999669509067445 0.0075034684610314215 -1.4438126331724963 -0.03085666027832157 -0.00740336214697663 0.9994964015670043 90.23338363716921
0.9993520206146862 -0.003172094263932436 0.035853545310360474 -0.32415241829952113 0.002956214053538074 0.9999771920412985 0.006072577349882116 -1.4596079089371685 -0.03587199035195865 -0.005962651690428013 0.9993386048247156 91.4018129257169
0.9991839236388335 -0.003572414300408816 0.04023337666377938 -0.279059302834978 0.0034235883247865856 0.9999870429384348 0.003767359583042168 -1.4795624199052078 -0.04024631392669029 -0.0036265426113295685 0.9991832076271119 92.51920602955347
0.9990212763011105 -0.0027941279240060544 0.044143882326343725 -0.23010955740711883 0.0026498233521004065 0.9999909542570581 0.003327136946621262 -1.500430617816444 -0.044152779458381385 -0.003206907108601426 0.999019643356875 93.64622112958952
0.9988628611627511 -0.0036146999928636553 0.047538600460275096 -0.1725783985140743 0.003393291273214358 0.9999830214999883 0.00473732900375332 -1.5195240635010665 -0.04755491734926279 -0.004570629684875645 0.9988581676995939 94.80393795758837
0.9987037822100839 -0.004242045999824991 0.05072238603423761 -0.1124738726088653 0.003917966015329877 0.9999712836991801 0.006487011586035299 -1.5361390290710357 -0.05074844767649141 -0.006279874421515497 0.9986917233239084 95.94942437632947
0.9985605635433611 -0.004941585671135451 0.05340769295726545 -0.05165705292570021 0.00448592832613108 0.9999525414767676 0.00864819294460216 -1.5503735970967758 -0.05344789409336481 -0.008396161337723342 0.9985353409327969 97.06607513159159
0.9983610772509166 -0.0062427817521110785 0.05688749516706214 0.01723090821231623 0.005706002232415256 0.9999377025361511 0.00959336151974433 -1.5636960533564894 -0.056943840482625484 -0.00925303856688967 0.998334503214414 98.225812316371
0.9982215799139426 -0.007981604542870125 0.05907597974668948 0.09160417109288257 0.007555128705163439 0.999943789431613 0.007438952036091082 -1.578071448589104 -0.059132033825655475 -0.006979395824001007 0.9982257713611562 99.42084269963381
0.998095308068327 -0.009146201874416879 0.06100904034043967 0.16670015389973328 0.008928991164733804 0.9999527933771786 0.0038319882513449728 -1.5945168428173453 -0.06104120844781094 -0.0032799403120716856 0.9981298577153084 100.59379006014358
0.997957170335105 -0.008799529404494985 0.06327759839791078 0.24132807701475342 0.008756984174793866 0.9999612059242825 0.000949670794402334 -1.6134332033510745 -0.06328350025804737 -0.0003936098509421627 0.9979955128488186 101.76536064622519
0.9978378679919633 -0.008877305360257371 0.06512129183908645 0.3157987931299874 0.008880832785270751 0.999960536940127 0.00023531139730158755 -1.634542995527005 -0.06512081088477631 0.00034352868058613417 0.9978773281209251 102.90042838310049
0.9978084695853076 -0.009355137699795206 0.06550373594262993 0.39378930632005893 0.009300814823797132 0.9999561032379924 0.0011342136939756788 -1.6556934209298468 -0.0655114712660109 -0.0005224899118992502 0.9978516794277877 104.05727185284732
0.9979118499393076 -0.00955025744422717 0.06388060999595437 0.47110727428841603 0.009383818625443716 0.999951751312051 0.002904995002962583 -1.6766611954532693 -0.06390527129048927 -0.0022994848795860816 0.9979533198855443 105.2420415610733
0.9980112843569837 -0.010471054375194917 0.06215974031793404 0.546929908601215 0.010210142150974624 0.9999376882197719 0.004513609969400588 -1.696042040388896 -0.062203129289274406 -0.0038699738979341832 0.9980560074508109 106.4142878167255
0.9981184473525548 -0.010630590195378726 0.060386717137302544 0.6201086017071815 0.01030326472217657 0.999930506586822 0.005729287310553455 -1.713757533819441 -0.060443426363728216 -0.0050963270224774785 0.9981586144798303 107.59827288692014
0.9982924230908334 -0.010899753294360425 0.05738844289185671 0.6894707918247216 0.010549713101804577 0.9999238756961517 0.006398934775198152 -1.7307037945338082 -0.05745382104698906 -0.005782576494064372 0.9983314180452266 108.75920934940036
0.9985339744918127 -0.010517098691299628 0.053097009526893814 0.7551092834994149 0.010201935453576273 0.9999287180476402 0.0062031714956843525 -1.7494989901202345 -0.05315846403520949 -0.005652385224068718 0.9985700918026227 109.96467692481717
0.9987316705486738 -0.009477820026056908 0.049449177653492604 0.8174973501392121 0.009203123071708647 0.9999409460676035 0.0057798705136004325 -1.7683378573493826 -0.049501038057600255 -0.005317452865863296 0.9987599170602722 111.18493276761389
0.9989031892274021 -0.009109648056724028 0.04592856261201118 0.8785988623587293 0.00883626379915383 0.9999420356033168 0.006151900159120945 -1.7885681048620907 -0.04598194203591858 -0.005739315793598784 0.9989257836600421 112.44797644073206
0.9990992542115477 -0.008214786663892581 0.04163168881986423 0.9330119816722106 0.007931523204226196 0.999944290749175 0.006964649150613648 -1.8065785681287172 -0.04168658265663068 -0.006628173066317303 0.9991087509116399 113.69382603974034
0.999285925885 -0.008075376258948233 0.03691106374019551 0.9828038803926543 0.007799861636966509 0.9999406825970797 0.00760220005863472 -1.8244772499306916 -0.03697026489762471 -0.007308870334309017 0.9992896376565896 114.93843800974044
0.9994012548669957 -0.008466578266394699 0.03354770964956459 1.025066854178369 0.008195761841717185 0.9999327770276143 0.008201884763780835 -1.8413410681018318 -0.033614896372089725 -0.007922024886574147 0.9994034622031248 116.12382312984192
0.9995488726192094 -0.008685918097814641 0.028750757771993422 1.0615909506820969 0.008450603751821205 0.9999298790085251 0.008296044974979924 -1.8588192288642433 -0.02882080050754126 -0.008049341140443726 0.9995521845133009 117.34316222651212
0.9996743771295892 -0.008209961257403203 0.024160634236668914 1.0925145613329603 0.008015502611828963 0.9999347891526097 0.008134442833192474 -1.8758453634002452 -0.024225842161747925 -0.00793813444574047 0.9996749944822456 118.57679383308496
0.9997858118711004 -0.00792305170474281 0.019119509222967394 1.118133569055061 0.007778239475105548 0.9999405891098164 0.007636572620098051 -1.8933928593572444 -0.019178878275620634 -0.0074862208355146115 0.9997880410995589 119.80963415891692
0.9998728757580748 -0.0070098537447976115 0.014321112867108157 1.1377878498251497 0.006910951054111774 0.9999520091317409 0.006943931805774411 -1.9104392689083842 -0.014369101530839536 -0.00684407655364262 0.9998733357467469 121.11470148187492
0.9999219514833824 -0.005683706069973576 0.011125934880858548 1.152443750060349 0.005607613598189131 0.9999607571348545 0.006858488173250837 -1.929994977571739 -0.011164479898157526 -0.006795562934692197 0.999914583708532 122.38161746941927
0.9999601623801673 -0.004329161964307016 0.007805895804779427 1.160458747975866 0.00427696624362949 0.9999684682423098 0.006691044827263288 -1.949387729922117 -0.007834616287931988 -0.006657392719104837 0.9999471475582132 123.64610947053158
0.9999793645615546 -0.002477304760031604 0.0059273444470725675 1.1671652769033127 0.0024381927958709707 0.9999752689677107 0.006596716520042919 -1.9683343454436781 -0.0059435399349613074 -0.006582128385375721 0.9999606741862214 124.89178426889683
0.9999931957343332 -0.0002580433233547748 0.003679931884896092 1.1705241031618085 0.00023244627710235368 0.9999757896000722 0.0069545799615573665 -1.9872780279677298 -0.0036816373751992334 -0.006953677254281066 0.9999690454803506 126.11876698777333
0.9999952113443243 0.00040413365985322245 0.0030682184413449833 1.1735323607125872 -0.0004289034735494005 0.9999672912112864 0.00807666697184773 -2.003977187091123 -0.0030648540306534734 -0.008077944265017692 0.9999626760465736 127.35920681427741
0.9999941824893139 0.0001556338741946125 0.003407457354792033 1.1773744912888748 -0.00018513506968968066 0.9999624910290144 0.00865922976110204 -2.0174325516981604 -0.0034059818750976803 -0.00865981022579521 0.9999567025498267 128.5817780109371
0.9999904536736253 0.003589704194721784 0.002491301950859956 1.1746789373433906 -0.003615214542656226 0.9999402952680005 0.010311940804504517 -2.0290712739113874 -0.002454136391182961 -0.010320848954394933 0.9999437270623968 129.8592023989152
0.9999908118512891 0.0039768123789923025 0.0016003675518402817 1.1745631419612788 -0.003998151882387627 0.999900072576346 0.013559485364285265 -2.0382801500934025 -0.0015462841019844346 -0.013565759290257195 0.9999067852456837 131.17175790368358
0.9999946331401655 0.0022693197971145754 0.002363023174532528 1.1803428822075894 -0.0023008022901620222 0.9999074804414144 0.013406597857950116 -2.0467475915275273 -0.0023323806907404564 -0.01341196275575022 0.9999073353343073 132.37384155074793
0.9999972342407437 0.001735565562440646 0.0015872375500928912 1.1827043732811993 -0.0017542700222905334 0.9999281310989426 0.011859813390835038 -2.0548479126420918 -0.0015665399933763057 -0.011862565032698748 0.9999284101890981 133.59715751575027
0.9999990165313237 -0.0012441723903428023 0.000647280037815466 1.188321924605738 0.0012354965423418878 0.9999116424921252 0.013235586764279609 -2.063363663299622 -0.0006636901973864917 -0.013234774035245957 0.9999121962810339 134.86328984364494
0.9999916341044053 -0.00391156180254739 -0.001196413584344668 1.1918529948850098 0.003929391618892325 0.9998754979778651 0.015282291222924614 -2.0687333168487023 0.0011364870018311531 -0.015286864550382844 0.9998825031820069 136.16863686479454
0.9999715887271917 -0.0075034718630151015 -0.0007208664340224123 1.1959066828548124 0.007514596010630618 0.9998286181685163 0.01691937167960738 -2.0757262705359154 0.0005937888612749078 -0.01692430799875215 0.9998565973246136 137.34665165018504
0.999954033887295 -0.009518166317493141 -0.0011552586193761386 1.1976036417606517 0.009537642720213206 0.9997884696886925 0.018222218550012364 -2.079245095423101 0.0009815721403280576 -0.018232399389421818 0.9998332941689034 138.60767083595584
0.9999181895466182 -0.012737533937135786 -0.0011702320336288501 1.1992345449919577 0.012754577825155987 0.9997915725608633 0.01594152379097303 -2.0832345363594995 0.0009669324248657513 -0.015955145423230496 0.9998722410269286 139.87987233968906
0.999872894024632 -0.015880010635625375 -0.0014216388494992644 1.2035853239315482 0.015899382813395785 0.9997633345196794 0.01484872305098196 -2.088632928989231 0.0011855045166830993 -0.014869438869846171 0.9998887409940868 141.152296239328
0.9998554165194811 -0.0169962695129802 -0.0005223784987209459 1.2047021119968884 0.017002090999133572 0.9997485808174751 0.014618620150403848 -2.096400378887292 0.0002737851547617231 -0.014625388066193354 0.9998930058089244 142.41582745890997
0.9998506724849806 -0.01728088864264055 6.0158554480259385e-05 1.2066398306059702 0.017277996910482596 0.9997360707305245 0.015141324349383754 -2.1045193805322744 -0.00032179821686068526 -0.015138023913726102 0.9998853617679871 143.70526087044345
0.9998565175947611 -0.016939425857301717 8.654540207848955e-06 1.2059211108867511 0.01693678834705202 0.9997095958281371 0.017142613850573758 -2.1133158642733605 -0.00029903806321537467 -0.01714000760699065 0.9998530545612553 145.00799171956047
0.9998846496857507 -0.01518791586260414 -0.0001205593337115271 1.2033785290358525 0.01518748378549056 0.9997062926293661 0.018885677470339576 -2.1190420688868046 -0.00016631015588113853 -0.018885329994434492 0.9998216424202553 146.29701864392285
0.9998824288136596 -0.0153132769822933 0.0007950457594768145 1.2032682300455029 0.015296944278099666 0.9997285068009799 0.017576011641886574 -2.121574261064374 -0.0010639762444763893 -0.01756178343866544 0.9998452138791324 147.5615839993305
0.9998909872096832 -0.014723058791602676 0.0011159017265535047 1.202658569569816 0.014703726541085541 0.9997685236209499 0.015706673823286704 -2.1270010901649408 -0.0013468937037832058 -0.01568855368111266 0.9998760198948412 148.87085190102098
0.9998871961626321 -0.014896220729204058 0.0019229035378533891 1.2052129961434346 0.014868998088609725 0.9997987155168041 0.013470016584613565 -2.1354190059390725 -0.0021231688274789434 -0.013439905466024481 0.9999074262626504 150.14734351753677
0.9998646373454488 -0.01634418053636369 0.001890700570634194 1.209238846767983 0.016324927824778138 0.9998188522210151 0.009785677031650125 -2.1457407229442427 -0.002050296946500899 -0.009753486866076657 0.9999503316547216 151.44104194770983
0.9998653542053452 -0.016138085812422452 0.0029724814767443835 1.2122744196813122 0.016118518546154523 0.9998490047498008 0.0064931549119000755 -2.1616465986840394 -0.003076819737321652 -0.006444368638086119 0.9999745013214906 152.726524847119
0.9998471745056403 -0.01719746439274253 0.003142427651918459 1.2159739260371443 0.01717919970896163 0.9998358947540102 0.005749665973543825 -2.1783750244926456 -0.0032407916389057857 -0.0056948028857957194 0.9999785330144085 154.02934345498574
0.9998440773882096 -0.017364984027893746 0.003205969655254203 1.2185974147572571 0.017345903171447265 0.9998322202291317 0.005886512962022257 -2.1962040305295587 -0.003307650961965506 -0.005829984682336219 0.9999775351095248 155.30279670104497
0.9998466988189287 -0.017243172706928375 0.0030416863561389326 1.221711932770914 0.017222577256891417 0.9998294186446545 0.006672064547274228 -2.214001229892984 -0.003156215062458156 -0.006618656033639089 0.9999731154880072 156.5622687618744
0.9998568269289774 -0.016698082262170302 0.002738556605625081 1.2238783821746853 0.016676125186191083 0.9998300991821232 0.007853637261827112 -2.231221279451392 -0.0028692320036731844 -0.007806844319676744 0.9999654097464976 157.84894382074802
0.9998633861369408 -0.016316571152171493 0.002641698053538512 1.225219623491005 0.01629345044198518 0.9998307033956675 0.008549153175581256 -2.2505852445170027 -0.0027807436891085263 -0.008504942866422019 0.9999599659043246 159.19076909814862
0.9998705802628547 -0.015996722446852223 0.0017110218525156298 1.225858157230683 0.015982326791215917 0.9998393027085765 0.008119974726970312 -2.263716846971542 -0.0018406398779211267 -0.008091577731581685 0.9999655686145685 160.49488803564702
0.9998752747906906 -0.015757468073027622 0.0010663311716782344 1.2258423643777183 0.01574784064065599 0.9998398334330612 0.008503704822323894 -2.278118042377101 -0.0012001572383154293 -0.008485851782598251 0.9999632742966768 161.81456828930698
0.9998660212788117 -0.01636150108479892 0.0004906876095307486 1.2286207373823457 0.016355823501180537 0.9998169091822702 0.009931523086137792 -2.294704036593805 -0.0006530923948825803 -0.00992216687343954 0.999950560815315 163.17749479437012
0.9998714684426638 -0.016029067258596284 0.0003399957789457049 1.2272939613901965 0.016024824735633793 0.9998207353194488 0.010084751730659822 -2.3090218798500746 -0.0005015839934879563 -0.010078007149046057 0.9999490897967779 164.5659206357818
0.999878253575621 -0.01560252047262266 0.00019844764279826525 1.2255376597349588 0.015600010059045932 0.9998353145469346 0.009272727268181147 -2.3243241380797106 -0.0003430928783971051 -0.00926850256156814 0.9999569876487419 165.89504570140576
0.9998726048569798 -0.015935076321763837 -0.0009205428489598507 1.2226623759062107 0.015942228680886704 0.9998378828856009 0.008369784437237071 -2.3389123340116416 0.000787020459405454 -0.008383393671960294 0.9999645490262846 167.21493509992717
0.9998751855898502 -0.015745377003629102 -0.0013024379737362553 1.2200576761389026 0.015755664932392777 0.9998413650152131 0.008306854221265984 -2.3548750056288426 0.0011714368100801272 -0.00832633818246555 0.9999646492893008 168.54475944120307
0.9998740085204967 -0.015756060225982076 -0.0019270836278016692 1.2154787624538177 0.01577000103343006 0.9998479162706275 0.0074465694577977555 -2.3717624065928673 0.0018094619528827636 -0.007476021364296459 0.9999704170384267 169.83378963422803
0.999881574004231 -0.015297568778604083 -0.0016799869894796478 1.2107273384195347 0.01530782686135291 0.9998631500236751 0.006273090268497214 -2.390852485520999 0.001583794053463226 -0.006298064321499874 0.9999789127687653 171.18369842379133
0.9998858185926488 -0.01504434576659628 -0.0014203653625371815 1.208221920740666 0.01505309075929029 0.9998664609275203 0.006361192566492828 -2.4121513534756245 0.001324475707805908 -0.0063818471252867544 0.999978758670089 172.52115942783266
0.9998847197892853 -0.014840623948693985 -0.0032098306365432286 1.207148068164672 0.014865235858266837 0.9998592011683606 0.007784767295536415 -2.430509284001268 0.0030938478921787417 -0.007831584755399506 0.9999645465642479 173.9228791861658
0.9998833701907051 -0.014704646974162443 -0.004125454331588645 1.201947356244077 0.014739023090278785 0.9998558390609215 0.008429845438952444 -2.4483316415727443 0.004000901700991577 -0.00848966743433767 0.9999559581963778 175.31233975672936
0.9998787692108204 -0.01499636539725207 -0.0041899768885340005 1.1967770924506829 0.015031982381090561 0.9998500075974038 0.008602430654518226 -2.4676005496339943 0.0040603432304340365 -0.008664371433826716 0.9999542200923552 176.72953951760834
0.9998817490961219 -0.014731151582308618 -0.004413728303638162 1.190259019002591 0.014770352082823093 0.9998505457798917 0.008984586968898166 -2.484846574614412 0.004280715340773545 -0.00904871685441076 0.9999498968445683 178.0211675732622
0.999883134028971 -0.014655915922237977 -0.0043499899864723164 1.1839143206784815 0.014692535566368538 0.9998558504904007 0.008509267815043678 -2.504319601249517 0.004224651823891965 -0.008572185753787296 0.9999543339314914 179.39266307854245
0.9998864249723388 -0.014293710645805138 -0.0047777601455917225 1.1778658980487837 0.014332455006735237 0.9998638583746785 0.008175906651886396 -2.523104657209801 0.004660245649610976 -0.008243455105381894 0.9999551627740185 180.71936953723565
0.9998880169874107 -0.01421729649153467 -0.0046713986614654365 1.1723212298934287 0.014256583629892986 0.9998623480901256 0.00848732554482871 -2.540385064383146 0.004550088810826943 -0.008552973294231103 0.9999530705686367 182.06339913824297
0.9998891943923717 -0.01433949887089753 -0.0039972127169553865 1.167089692454154 0.01436904103691919 0.9998689112718308 0.007462635711525067 -2.5590050107388813 0.003889678271064811 -0.007519244923203745 0.9999641650372957 183.3926840420923
0.9998713812400692 -0.01569679688118959 -0.003291131225893615 1.1622055156869926 0.015716741246441054 0.9998577279330256 0.006124372392321558 -2.5769929047268882 0.003194529960384431 -0.006175310541024529 0.9999758299669335 184.75029646080728
0.9998185405911162 -0.018758453139787454 -0.003317578341565876 1.1606385210474006 0.018779949087869438 0.9998020448243192 0.006571504954464096 -2.5972739610608455 0.003193650342016286 -0.006632616445409181 0.9999729041311991 186.12155849906668
0.9998014863679359 -0.01975725018562836 -0.002576610480449714 1.155841339500507 0.01978241881033121 0.9997529005284819 0.010138727282040658 -2.614133534744813 0.0023756604298865967 -0.01018768619409872 0.9999452821467463 187.41892974115154
0.9997834162557883 -0.02070321585589215 -0.0021207152398787484 1.1541024810670346 0.020732166112939324 0.9996772114943613 0.014685030034792334 -2.6270853853294907 0.00181600335071506 -0.014725816516634939 0.9998899201710916 188.66306393293365
0.9997867324144503 -0.02056444674573974 -0.0018955785600554037 1.1517747507766154 0.020588992884953028 0.9996900676058165 0.013995074214177802 -2.6374220289347163 0.0016071901004738303 -0.014031117571976393 0.9999002673665337 190.02107839048603
0.9998063400936931 -0.01965211557907001 -0.0010376231111535236 1.1475721823619194 0.01966224745671747 0.9997475142956443 0.010876749727289291 -2.648255702448774 0.0008236099833861812 -0.010895045339334468 0.9999403080452615 191.38099850738254
0.9998090074076333 -0.01953493543569261 -0.0005787953746027163 1.1449338383165355 0.019539356933728342 0.9997685522282396 0.0090030831421743 -2.664066464626316 0.0004027867657984511 -0.00901267290940161 0.9999593039168408 192.75510058476672
0.9998050915698198 -0.019738284764166517 -0.00042306693568099286 1.1440941449478703 0.019741372666148376 0.9997616328443816 0.009325003892268507 -2.6819732112398484 0.00023890650816638033 -0.00933153829243842 0.9999564317092923 194.04482965453428
0.9997950075378107 -0.02022253619293529 -0.0009959580280346346 1.1449666078090526 0.02023221027430914 0.99973572454613 0.010915069108314232 -2.697958385854299 0.0007749644406835062 -0.010932982033670316 0.9999399328629547 195.32764884918132
0.999792885491703 -0.02034886725686539 0.0003312424132557001 1.1448983712390772 0.02034279447585333 0.9997074695558091 0.013082279129919482 -2.713896250710814 -0.0005973550761973707 -0.013072831203775523 0.9999143684592366 196.65988597644332
0.9997576510512225 -0.0219905504113573 0.001027062387030797 1.14707318386368 0.021973970272053066 0.9996598722440304 0.01404579850099625 -2.726799430625699 -0.0013355878946097455 -0.01401982587813462 0.9999008254258649 197.9861631946769
0.9997346321158973 -0.022891565009883843 0.002577130087714136 1.1536113101439855 0.022855050316349636 0.9996489315765015 0.013403741007470738 -2.7417495587009872 -0.002883057947365222 -0.013341283647254024 0.999906844724807 199.29771408506383
0.9996966671274586 -0.024245040528994306 0.0043303283937684844 1.1598658641999235 0.024192040236427383 0.9996365154699843 0.011898828859429713 -2.7554713700377156 -0.004617241974331875 -0.011790460074752894 0.9999198298502635 200.6422890559711
0.9996722825201121 -0.024920405458376153 0.005856701530624973 1.1664323957922966 0.024859787656503648 0.9996388636384886 0.010204570604580633 -2.7730200770340225 -0.006108888499738499 -0.010055630031999883 0.9999307804973107 201.99767359689017
0.9996581149197397 -0.025239961652221258 0.006826244275327993 1.1763392912549064 0.025172513235734117 0.9996351592636668 0.009792494130699278 -2.7915777234560952 -0.007070915959678622 -0.009617312498686385 0.999928752185773 203.25770321033605
0.9996277430198887 -0.026307688488356358 0.00723055401488593 1.1873067418795618 0.026228890582975173 0.9995977852482033 0.010784851675961337 -2.808654785861265 -0.007511370297681778 -0.010591187529534743 0.9999156994781954 204.5532123178354
