0.9998450340127384 0.0011471162286077153 0.017566789246300202 0.019922275096178055 -0.001132947836440326 0.9999990248985167 -0.0008164748715058225 -0.004473781678825617 -0.017567708708473306 0.0007964460898014864 0.9998453586852121 0.31930556893348694
0.999088139759316 0.0036093068287570773 0.04254247167813867 0.06085259292751769 -0.003642434942510648 0.9999931204567462 0.000701218132278654 -0.012018527587988716 -0.04253964809397136 -0.0008555369047250045 0.9990944131545556 0.6706626815678219
0.9974713046490966 0.006597612900567083 0.07076346448304661 0.11455922482208097 -0.006823768310989655 0.9999723526776049 0.002954668586074136 -0.017955745264663994 -0.07074201430314989 -0.0034300706158723257 0.9974887478201964 1.0416053853944343
0.9942743556151654 0.0063442475587223365 0.1066689096642562 0.1957269379271191 -0.007071868555680274 0.9999542279473759 0.006444430564337948 -0.027310489296747995 -0.10662314214643454 -0.007161880554787145 0.9942737113218574 1.4948323727260227
0.9891221095214249 0.0017985904043479972 0.14708574889649853 0.31265983048117496 -0.0033496554021268947 0.9999413606856726 0.010298300771120593 -0.0327302352166924 -0.1470586014640879 -0.010678963556583954 0.9890701327372006 1.9822635776552437
0.982970835809206 -0.001050758265398453 0.18375862389454967 0.42465683376126184 -0.0011111311153222682 0.9999313854005035 0.011661469833342666 -0.036865149767614735 -0.18375826875598117 -0.01166706467356272 0.9829022221287871 2.4527021000242475
0.9752330217086912 0.00021793479126367018 0.22117980439760357 0.5471867937741557 -0.0036145717175189145 0.9998816752096773 0.014952272442281755 -0.041669017206758856 -0.22115037472325091 -0.015381420100759975 0.9751184152068146 2.935950145008018
0.9644315379298499 -0.0012672526832080396 0.2643297234835711 0.7237363825762022 -0.003974451860395023 0.9998059453668537 0.01929443809757328 -0.04367527298228361 -0.2643028800045009 -0.01965873036919187 0.9642393488867782 3.428609041816511
0.9514509481377766 -0.0061320042598836605 0.30773932444762764 0.9194835376470769 -0.004002724328974768 0.9994705005861745 0.032290813801571255 -0.04868485091465212 -0.30777438406350793 -0.031954921088594164 0.9509226106958181 3.8816543427897754
0.9398295955902707 -0.011497266767714617 0.3414500609305851 1.1425060492342523 -0.004156399972937853 0.9989748365789375 0.04507771313354319 -0.05002434334695498 -0.3416182893111744 -0.04378457192844365 0.9388183294275577 4.341580426465456
0.9180980638711338 -0.014775922350352626 0.39607779189797065 1.3728998271975486 -0.00549152580625174 0.9987347400508546 0.04998762006608373 -0.03946009104539606 -0.3963152637237117 -0.04806860861568822 0.9168552888026317 4.7696447462695195
0.8914115447759994 -0.016913720061353547 0.45287899478089355 1.6421229620372029 -0.008403919019394152 0.9985145746297363 0.05383324620633957 -0.023711462988289973 -0.4531167972887145 -0.051793535558823135 0.889945277918331 5.217909680107111
0.8637953877634336 -0.019371210465154783 0.5034702417062344 1.8471501429359982 -0.012000777508221348 0.9981861332160658 0.058995125174518104 -0.015252983625796832 -0.503699820744278 -0.05700175137900213 0.8619961084145967 5.509202800293574
0.831220961360812 -0.024574781153385857 0.5553987698272934 2.095018219857242 -0.013214905591029757 0.9978668598871228 0.06393040129104303 -0.003281595298797242 -0.5557851020535078 -0.060479831929965054 0.8291230971726067 5.80268192604793
0.7964556121185475 -0.027980775146687432 0.6040492812238587 2.3543512613477366 -0.015296462477215247 0.9976769458293819 0.06638320567914756 0.017258027666815293 -0.6045034955734775 -0.06211109387820652 0.7941773957099888 6.083563649503982
0.7589660167465635 -0.030938105092171146 0.6503948178431013 2.662702182854645 -0.018395507844561343 0.9974530356649318 0.06891332914576832 0.038073471044206955 -0.6508703332577053 -0.06426721789620347 0.7564638352154623 6.355710711434019
0.7184766276185253 -0.033587398107670315 0.694739679487409 2.996794431134318 -0.021101418795802154 0.9973211040510751 0.0700381720146167 0.05978946569854207 -0.6952309441406616 -0.06498078256455318 0.7158431617376695 6.652916431929398
0.6777760104600294 -0.034425363779295066 0.7344620983914344 3.423052146555526 -0.02489101880687551 0.9972565137845525 0.06971286034180954 0.09020032916157195 -0.7348470023260911 -0.06553121426422735 0.6750596589409075 6.982874541449177
0.6355128376558764 -0.036211911474833575 0.7712406437953813 3.8358589551679745 -0.030777313190749753 0.9969174453409977 0.07216899727402018 0.12251991863847869 -0.7714766296961526 -0.06960103908791773 0.6324393292566078 7.28231349079686
0.5974099024143746 -0.03770448088097661 0.8010491749067238 4.227915762950199 -0.03567566679660786 0.9966555969212766 0.0735178068505261 0.14846508228394756 -0.8011420943227643 -0.07249822926796162 0.5940667904008314 7.52677624782083
0.5580580263232949 -0.03937790395802136 0.8288670701240466 4.664378566876895 -0.04112256186327499 0.9963336829388646 0.07502084475183586 0.18145917175121082 -0.8287823442629253 -0.07595112192292348 0.5543926883687226 7.770487186718247
0.5230820246737421 -0.04072920412213955 0.8513085970403419 5.0603599091090645 -0.04661360617752277 0.9959952607181727 0.07629293772077263 0.2134386694391159 -0.8510066786943247 -0.07959002800926743 0.5190886824610403 7.968766666389331
0.485201946825528 -0.037893068043160893 0.873580669538305 5.4678363708362685 -0.05667978685659746 0.9955964505293816 0.07466665557788682 0.2501231728065796 -0.872563162503786 -0.08574277280081673 0.48091756502941274 8.18511505270159
0.4509347841560732 -0.03513429875177282 0.8918651251671053 5.9104798878931 -0.062379096291003036 0.9955411400124464 0.07075794576325442 0.2866813782224303 -0.8903744542517118 -0.08754095952146664 0.4467324832850501 8.387104313208685
0.41564400487919806 -0.032545719123782894 0.90894490337682 6.324178139060704 -0.06437826247809518 0.9958002422669984 0.0650946758290446 0.3100047593911727 -0.907246108025977 -0.08557250532561707 0.41180316390724175 8.544715868029359
0.38384491615703165 -0.030430988802122208 0.9228960045752317 6.757810073863121 -0.0651939501856763 0.9960696208050305 0.05995881393514885 0.3317955724320961 -0.9210932793151784 -0.08318212205664965 0.38035234371640686 8.705009984542745
0.3571677910769136 -0.028029960242194493 0.9336195640334766 7.240781308168497 -0.06599866379461067 0.9962938947785501 0.055160235716618114 0.354349174639017 -0.9317056109064517 -0.08131910326490283 0.35399414973926885 8.877612690752924
0.3367819822881791 -0.02772981676315092 0.9411742419277773 7.75107590403025 -0.06571661259726214 0.9964365108745258 0.052873496431974115 0.3674264927261536 -0.9392865501191776 -0.07965762398215688 0.3337595537310225 9.047714270966324
0.32260088412754545 -0.02858804981476467 0.9461032676023872 8.315819856436919 -0.06503545671259542 0.9965121506410312 0.05228692948501262 0.3818872638408788 -0.9442981832717411 -0.0783980677859799 0.31961646396441273 9.233874587529058
0.3116525679813012 -0.030263823899888263 0.9497140505613344 8.87482039695684 -0.06448824102824112 0.9965144407240715 0.05291725803057572 0.3938848039450051 -0.9480052445212235 -0.07773718795626461 0.3086146237120147 9.409685364069961
0.3006195427297812 -0.03275216391275744 0.9531816124369841 9.456777581861255 -0.06610954264468895 0.9962907936873965 0.05508341660652134 0.409423299951068 -0.9514501662726472 -0.07957355196778271 0.29733925224729957 9.592036889248503
0.2902570494930631 -0.034468605356104375 0.9563277474090075 10.123393711492483 -0.06863824539081094 0.9960272432096875 0.056732019651874736 0.42915619730469784 -0.9544839634531599 -0.08210752723663661 0.286738064236042 9.794219147811013
0.2811896321199374 -0.03615786023119003 0.9589708024396549 10.812405243667772 -0.0705461829327665 0.9958073258542394 0.05823234366437047 0.44791151365830684 -0.9570557072928784 -0.08402606094855594 0.2774598965969651 9.994852102332045
0.2711913548134189 -0.0379069160180904 0.9617787244436526 11.507334282416469 -0.07171725452819315 0.9956508801158774 0.05946394140499672 0.468817061916 -0.9598499281019932 -0.08510223641289327 0.2672933311553493 10.187139463154345
0.2598845936642925 -0.03925982147809604 0.9648412638322705 12.109255335748626 -0.07169471667354534 0.995630935107171 0.05982398063252038 0.4904835935159526 -0.9629744885390508 -0.08472135194346318 0.25593441923240046 10.342710110308806
0.2501101032720931 -0.04035759825955194 0.9673759354583632 12.817115732442751 -0.0716387209700515 0.9956208910099069 0.06005776421424722 0.5135809180718248 -0.9655634779231238 -0.0843226283233607 0.24612367714960354 10.521340812634577
0.23940408023913815 -0.043665513645213344 0.9699376316459484 13.55217133554261 -0.0734018788359633 0.9953153091850567 0.06292534851079692 0.5378120595481368 -0.9681414413959376 -0.08625982970047177 0.23507741540148566 10.70009203542175
0.22816477769172563 -0.04741481968956233 0.9724673100391041 14.357877889548098 -0.07465860817926709 0.995020588947418 0.06603120319567138 0.5658248813685773 -0.9707558531606293 -0.08766905066521295 0.22348872703078365 10.880948807683946
0.2147372504561745 -0.05165885529351318 0.9753047092761755 15.198905744186966 -0.07625870092826599 0.9946647183304116 0.0694745179286345 0.5984847822523395 -0.9736901580067739 -0.08929423709538457 0.20965212954391305 11.056595063228306
0.20437868386468383 -0.05406122271357034 0.9773979423860338 16.006436253217526 -0.07665135824012874 0.9945241879760333 0.07103667229364838 0.6317834691950712 -0.9758862243426147 -0.08943726141449941 0.19911567846101758 11.215165760046279
0.19260807006669495 -0.052589740447944955 0.9798655267661988 16.84995462288314 -0.08016452245798257 0.9943818103077231 0.0691264397189604 0.67080190249585 -0.977995797886815 -0.09186476217110266 0.18731012996359786 11.376395114065733
0.18211670872355856 -0.049920940142048884 0.9820088615379352 17.705102631309764 -0.08343574526865966 0.9943237816375269 0.06602040352429515 0.7063515149446565 -0.9797305654184537 -0.09395805982129161 0.17691778367212446 11.52950898893123
0.16778251958509804 -0.04800071134397082 0.9846547404202896 18.585696501469123 -0.08665739896431326 0.9942293501848026 0.06323364955341754 0.7376488089258876 -0.9820079028838908 -0.095937119727337 0.16265468862595536 11.67569140244347
0.15126257766662157 -0.04539605919848176 0.9874506723917383 19.447668058707503 -0.09001342607545036 0.9941620240970219 0.05949330188745017 0.7654367799259064 -0.9843867206153332 -0.09788292829988184 0.1462932555644019 11.805221361533023
0.1272203504406219 -0.04324713055957544 0.990931212613735 20.281580513215705 -0.09233764847590198 0.9941940603601752 0.05524426683818368 0.7888988149234507 -0.9875670818267016 -0.09852845296111547 0.12248837842580446 11.904482405006059
0.10319679164209754 -0.042415462680566764 0.993756182733154 21.17759903572364 -0.09661459552626618 0.9939386128055385 0.05245620940839462 0.8179470904558384 -0.9899575961252455 -0.10142466415914245 0.09847332315978584 11.997439332393045
0.07240879814000055 -0.04144558995951828 0.9965135367995895 22.01701272942704 -0.09655474832401383 0.9941519889064258 0.04836324564670697 0.8358809246160517 -0.9926903578296749 -0.09972003823858508 0.06798358217752346 12.045953083616906
0.04394924991533051 -0.04032547593502671 0.9982195747542181 22.893006048355925 -0.09640496359752412 0.9943507977023002 0.04441367022166508 0.852405576915859 -0.9943714328286191 -0.0981852692587456 0.039813395672157095 12.069979000464933
0.015606651603236026 -0.038552406708046674 0.9991346978074332 23.815133994198348 -0.09678121902113795 0.9945061782150423 0.03988555047749069 0.8761458167004206 -0.9951833138022959 -0.09731995391042533 0.011789762523263959 12.07741063600503
-0.014737913897815882 -0.035988806234655044 0.9992435137241289 24.764015520171657 -0.0989446120408267 0.9944995976906436 0.03435860796420336 0.8961617252914805 -0.9949837976781492 -0.09836338759392134 -0.018217747912878227 12.068128106501012
-0.04475138388211162 -0.03143325613461349 0.9985035122869673 25.792169373038007 -0.09925950828282216 0.9946988645320322 0.02686482670961399 0.9112283324777313 -0.9940547588820695 -0.09790872947526706 -0.04763420028142386 12.028818328425913
-0.06548460799233875 -0.02603189075393708 0.9975139632004472 26.89903744267118 -0.09723310635910629 0.9950689187479392 0.019584942419252516 0.9244755589439189 -0.9931049738793223 -0.0957088690016856 -0.06769285967197602 11.963019269913932
-0.0931987458305428 -0.020924109923827445 0.99542763443633 27.923242629758995 -0.09326367261550575 0.9955667572277843 0.012195051177478147 0.923840419633392 -0.9912698326620671 -0.09170067353541714 -0.09473703250191737 11.87057091417803
-0.1199941435412521 -0.015285240227195043 0.9926569230842027 28.839075229314815 -0.090565213495889 0.9958808636545604 0.004387198546931511 0.9175690967422803 -0.9886350932574902 -0.08937374803510877 -0.12088418234786406 11.769365854845828
-0.14675678201417666 -0.011245158278926817 0.9891086863171933 29.761875915941925 -0.08884471880280655 0.9960437557071236 -0.0018581328525525253 0.9052510108313747 -0.9851746357238876 -0.08814977669926 -0.14717524925807723 11.626511984977778
-0.17413196779736215 -0.0073772141172693696 0.9846946910097998 30.661570749514947 -0.0840592717660755 0.9964332804441938 -0.007399760359587016 0.8886728312278322 -0.9811279715822888 -0.08406125347084843 -0.17413101114888918 11.456992005694008
-0.19313709128821718 0.0054190611318565675 0.9811568160825133 31.368671169539635 -0.08000192939989807 0.9965681274117669 -0.021252263862877024 0.8679132190497477 -0.9779047782177065 -0.08259903875622789 -0.19204073405277042 11.305709480620894
-0.20786941494248404 0.02282803885889626 0.9778901712223744 32.165655826888894 -0.07523227201996736 0.9963931864831603 -0.039252046782902866 0.8344202649270491 -0.9752591509840778 -0.08172819936711127 -0.2054022634978179 11.13181446674848
-0.22002130891793795 0.040885145457258056 0.9746378960942237 32.99862485908094 -0.07177344418062528 0.9957347698577492 -0.057972759178646624 0.7826514109057295 -0.9728510658536018 -0.08270836098771117 -0.21614839969391128 10.940841885593075
-0.24195125292509723 0.05761957313223515 0.9685760558675985 33.68760403816258 -0.0671838386793716 0.9948445475583905 -0.07596484722320614 0.7273686066357667 -0.9679596701455495 -0.08345244745002918 -0.2368327806413646 10.767919940432915
-0.26306630546004106 0.06938816366255318 0.9622792742624886 34.686116633841394 -0.06305038531752105 0.9940416261132077 -0.08891509694939861 0.6219913864598725 -0.96271530986212 -0.0840626450794142 -0.2571239075996948 10.500671481293264
-0.2869145210905949 0.07353369464055082 0.9551297573313605 35.56844601675385 -0.05814445790855237 0.9938744683610723 -0.0939827811597177 0.5251910297901385 -0.9561899809148161 -0.08250052661956184 -0.2808814403010998 10.238209713065666
-0.31076315854267933 0.07227584493606855 0.9477354385752143 36.40890946335218 -0.05488408264789528 0.9940765024668426 -0.09380642150294013 0.4294806259580532 -0.948901468417284 -0.08116716997694105 -0.304955560292739 9.952883654055704
-0.3299339050249589 0.0657918688746673 0.9417085792881781 37.360443193825255 -0.05164410483405958 0.994816472491532 -0.08759607579904866 0.31827546670342044 -0.9425903164953856 -0.0775346119451345 -0.3248259213788948 9.624384255347763
-0.3477697024292892 0.0611855156876751 0.9355814057270888 38.329486069831596 -0.046179550603065105 0.9955394098611183 -0.0822723071238075 0.20807882990480253 -0.9364420340727683 -0.0718165446356786 -0.34339292470615873 9.26150533514011
-0.3615511686642497 0.06112926844019204 0.9303461533093372 39.246421137642265 -0.04444225366872825 0.995584127915427 -0.08268694172432431 0.10746347605382367 -0.9312924559591153 -0.07124224015880137 -0.35723788249679883 8.901896206889843
-0.3724108978695587 0.06457862751988486 0.9258184076889137 40.0553592487225 -0.041230517141937664 0.9954399106103358 -0.08601993269175448 0.01938621271090378 -0.9271516421838437 -0.07020673209695458 -0.36805006067662815 8.571547306569121
-0.3824849953145866 0.06694908220954966 0.92153298842228 40.890384720297 -0.04117025062833964 0.9951458964640478 -0.08938487128124707 -0.07433346893313476 -0.9230440069803829 -0.07212811616883089 -0.3778720630524781 8.231860937844623
-0.3933370911412683 0.0672063435702374 0.9169346978473675 41.722121503552245 -0.046148404320870515 0.9946243619045317 -0.09269683643274566 -0.17619154235698242 -0.9182354041917377 -0.07877617717254978 -0.3881211877737632 7.890672935283676
-0.40476316349696295 0.06561434324308223 0.9120644382041809 42.54597562702794 -0.04704876574360172 0.9946068120961906 -0.09243215335507048 -0.2785893506482223 -0.9132103783455023 -0.08032463689697306 -0.39949312583502067 7.530108984056631
-0.41433308041613887 0.06651595006119722 0.9076914271162464 43.385337394470305 -0.04482530012055644 0.9946239930482088 -0.093347763347268 -0.3809896394249208 -0.9090207868591216 -0.07936460697497232 -0.4091240254711687 7.154355920716649
-0.4226491069504973 0.0693826498545404 0.903633653807287 44.263967329882895 -0.04209191598691723 0.9944865378176139 -0.09604580526022428 -0.49111043672868815 -0.9053154163066586 -0.07862934565858262 -0.4173983984142806 6.7500870447616546
-0.4261946980571995 0.07246349915368283 0.9017245259159448 45.23996727310566 -0.04156837418542214 0.9941649900779729 -0.09953915194959194 -0.6119158579353727 -0.9036759096133494 -0.07990628131547249 -0.4206956579177162 6.305034669516399
-0.42639994507972473 0.0741113170050565 0.9014935382618015 46.17500621862631 -0.043866775093923 0.9937708547201959 -0.10244605581255677 -0.7364464783133838 -0.9034704161614081 -0.08322860686366401 -0.4204928133995485 5.87888715897431
-0.4231941832752158 0.07406891061105862 0.903006356413349 47.05385203066064 -0.042290738575236936 0.9939517217848536 -0.10134825204059911 -0.8555257796091654 -0.9050514773606998 -0.0810787964995463 -0.41750215818053177 5.473791011741769
-0.41525128283510104 0.07333922102193748 0.9067456814144176 47.916180718790315 -0.044057962658327725 0.9939540610750567 -0.10056948045405655 -0.9757784710070351 -0.9086392397592137 -0.081710973144963 -0.40950952227940124 5.09029617088201
-0.4063841035564106 0.07262957301152638 0.9108111250422966 48.799488354883614 -0.04592404255683831 0.9939522031691472 -0.09974968737011107 -1.093133692801262 -0.9125475016084871 -0.08236481614961907 -0.40059093146094776 4.711878294999487
-0.3937150882156367 0.0730637233947484 0.9163242448146001 49.60194811886178 -0.047766792209665405 0.9938632901022154 -0.09977020672123171 -1.1976174533710884 -0.9179906115387856 -0.0830509055392797 -0.38780895324341613 4.379390406885836
-0.38598602679924293 0.0720066925670003 0.9196900691761838 50.55291790670158 -0.05008300432012667 0.9938430229453974 -0.09883186946032994 -1.331319534798458 -0.9211441145629743 -0.08420856232186265 -0.38000320819393246 3.9958164158992275
-0.37934370595628025 0.07009876696124683 0.9225966158738423 51.49125089298187 -0.0545910417821947 0.99369322806622 -0.09794685626639195 -1.4494391161246867 -0.9236439632826555 -0.08752103384814065 -0.3731245070022381 3.6215983572959467
-0.37764336823169375 0.06826879657541039 0.9234310249524676 52.60682162445187 -0.058046152752187365 0.9935714571839593 -0.09719261093320203 -1.5916889212440402 -0.9241299316553343 -0.0903057632905469 -0.37125293067559895 3.1808212903648307
-0.3769859768286146 0.06656480662944823 0.9238239549789546 53.654993163532325 -0.06140317013897726 0.9934238868007558 -0.09663659674555289 -1.722172920344956 -0.9241813804505374 -0.09315636130755087 -0.3704195842237265 2.7655363696637725
-0.3765349441337396 0.06577262490193285 0.9240646068645361 54.75539675518951 -0.06211286384250694 0.9934395449982149 -0.0960201154916071 -1.8554448753129078 -0.924317817631731 -0.09355122793020418 -0.36997937748105314 2.3291185430471817
-0.3756092829904286 0.06523517166984984 0.9244793339543181 55.887384945444836 -0.06219175321826402 0.9934969047005426 -0.09537340395560526 -1.9923610270251877 -0.9246890571230185 -0.09331812646879348 -0.3691095703301392 1.8801036614811908
-0.3751113652558136 0.06524666173339513 0.9246806674677297 56.99530075471584 -0.061834164083282205 0.9935368851262609 -0.09518925383533866 -2.128796084108032 -0.9249151311380108 -0.0928834270806946 -0.3686525046242115 1.4361944215099842
-0.37462640189716184 0.06489437191778885 0.9249020377829106 58.15998959631792 -0.06044001817666216 0.9937166085708277 -0.09420353524840178 -2.268875071694063 -0.9252037954982638 -0.0911922274313322 -0.36835026055606584 0.9699274790757283
-0.374761413989609 0.06514781277214791 0.9248295221690929 59.25091625058121 -0.06039518390469406 0.9936938200733869 -0.09447229069455725 -2.3995464027350213 -0.9251520439071781 -0.09125981831542236 -0.3684634869500767 0.5374319280379947
-0.37444045090457123 0.06419310684543722 0.9250262665243134 60.34120987895548 -0.0615509032694374 0.9936797462177936 -0.09387251069006822 -2.535076297859346 -0.9252058338732522 -0.09208586748286017 -0.36812274851852295 0.10606132684211839
-0.37406407643260503 0.064047670657185 0.9251886092067981 61.444688697367496 -0.06192531125423363 0.9936609827466402 -0.09382487512939673 -2.666941153738386 -0.9253330873521657 -0.09238910785568479 -0.36772670585768236 -0.3337967479321908
-0.37255557784192217 0.06386578717796267 0.9258096470911333 62.533888580617734 -0.06320787316038479 0.9935659974717854 -0.09397538740774751 -2.8040281601800423 -0.9258547975732557 -0.09352951350260884 -0.36612173373695445 -0.763091632236672
-0.370559646767033 0.06319478168293816 0.9266563374606228 63.71502580732868 -0.06286952825500555 0.9936879406215554 -0.09290693774032578 -2.9482251962333326 -0.926678461282492 -0.09268600882192246 -0.3642476261608001 -1.2409574616531696
-0.366415761830858 0.061170159867792714 0.9284383129878144 64.84537754430457 -0.06314083209234275 0.993901738708307 -0.0904022627774904 -3.0818527343656283 -0.9283063744285076 -0.09174718161530916 -0.36031892798054505 -1.690114396179732
-0.36233927252746834 0.060206704377447115 0.9300996744071411 65.98364676451926 -0.0631855289009629 0.994029013699444 -0.08896015322162835 -3.2136708302042996 -0.9299020596394937 -0.09100259706028557 -0.3563715572355809 -2.130283545410508
-0.3589288760813589 0.06079514853706216 0.9313828492243815 67.07140605059672 -0.06233151793365392 0.9940875106765943 -0.08890895899119546 -3.34258584204734 -0.9312812914404868 -0.08996649949380069 -0.35301725904234926 -2.541948756030666
-0.3561184505386522 0.06155708625688709 0.9324110543732896 68.18431293986664 -0.06179653569182118 0.9940920252903694 -0.08923134780210526 -3.4700973439795666 -0.9323952152185472 -0.08939670231978895 -0.3502104970612792 -2.95998897518854
-0.35450999666271554 0.06316946272898868 0.9329160097483215 69.2991822524205 -0.06077482390373081 0.9940491114747881 -0.09040345544089468 -3.599880207333701 -0.9330750682799717 -0.08874673489607503 -0.34856123421805535 -3.378392142752848
-0.35531691517232705 0.06488411846044764 0.9324912551675913 70.38213987751162 -0.06187069559094191 0.9937678044565732 -0.09272307076803547 -3.724858096287096 -0.9326960420305835 -0.09063995806029317 -0.3490880851351334 -3.777566693386411
-0.35802163864063086 0.06794062870688736 0.9312381957565896 71.43537921603999 -0.06223135699842963 0.9933952644262981 -0.09640076151949427 -3.8460230081922777 -0.9316371420629458 -0.09246577521611589 -0.3514289628679904 -4.171541722605537
-0.36250756974864207 0.0691459125539049 0.9294122361213131 72.36536335809583 -0.06274921321878779 0.9931702047333137 -0.09836402121919426 -3.9618256041014503 -0.9298660108399267 -0.09397758885540063 -0.35569286565458264 -4.520144959514836
-0.3673741271010604 0.0674109936816169 0.9276270849148321 73.31167664206191 -0.06188496245149614 0.9933879603977387 -0.09669856027468422 -4.084899150178613 -0.9280121239289457 -0.09293071649178665 -0.3607733080110176 -4.883486427773963
-0.3715189134765443 0.06388457103629837 0.9262248423102861 74.31735982365414 -0.06360179052062385 0.9935348851673242 -0.09403852507415097 -4.214369239901707 -0.9262443031791238 -0.09384664905610207 -0.36505382793385754 -5.2735363476169335
-0.3768552281616609 0.061839238507436514 0.9242056294938055 75.32415409164669 -0.06779324661573072 0.9932516167984311 -0.09410261123157218 -4.341508149951508 -0.9237879695690582 -0.09811796119020247 -0.37011978192384826 -5.666460276129983
-0.38248060139751233 0.06503507940268262 0.9216718656884795 76.22827895020754 -0.06600539965538425 0.9930479776714412 -0.097462819880163 -4.453739822819938 -0.9216028845283267 -0.09811295780755395 -0.3755289213087631 -6.03113646147451
-0.38759231287635604 0.06701054827381636 0.9193920738287872 77.0985670752918 -0.06499212880338508 0.9928860563688504 -0.09976623808641545 -4.565826691957821 -0.9195369607540325 -0.09842187504997887 -0.38047984482609004 -6.389135779443046
-0.39250321326033594 0.06854895741248096 0.9171926013755082 77.96038454969988 -0.06626986635786358 0.9925191285006582 -0.1025382093329325 -4.676906224430877 -0.9173600887291881 -0.1010288077627132 -0.38502421691216115 -6.745950427768284
-0.39519026948799374 0.06913920326575226 0.9159936798219641 78.7912508752551 -0.0665657162346449 0.9923865526194796 -0.10362401074168631 -4.786650170935467 -0.9161842916816341 -0.10192497609419084 -0.38757920858067624 -7.095934324859312
-0.39838565402294107 0.06847764193749699 0.9146582330156945 79.6251511602558 -0.06648442346583576 0.9924301592144056 -0.10325793198628733 -4.89393459937149 -0.9148052755122977 -0.101947004057742 -0.39081724150620856 -7.450751997653004
-0.3983204474224453 0.06333095706419599 0.9150573812841 80.44412189696986 -0.06425283017231799 0.9932364352904177 -0.09671068930801083 -5.005822169781358 -0.9149931119850204 -0.09731687155327333 -0.39155718807225814 -7.801550311054762
-0.3980106794804301 0.055885908986343734 0.9156769431389518 81.31771123498892 -0.06346425325113864 0.9940740059478352 -0.08825621370814754 -5.112002067369687 -0.9151829257469807 -0.09323966900194881 -0.39210531308005203 -8.174507636987336
-0.39962967820438844 0.05410656614657248 0.9150784664705438 82.2450820131865 -0.06344163832698235 0.9942304465717623 -0.08649264498269145 -5.2226872651628025 -0.9144786923841622 -0.09261910499211333 -0.39389138422389336 -8.568901775611662
-0.40154610073621233 0.05905220388914045 0.9139330206308215 83.22350443051482 -0.06427690875596162 0.9936411545763337 -0.0924431443265953 -5.332332745095798 -0.9135804332319751 -0.09586497352028699 -0.39519703802993444 -8.991992771746824
-0.40324276295824324 0.06485224981444634 0.912792123002716 84.17408478941843 -0.06431739486406149 0.9930101724081504 -0.09896499488119644 -5.449749264307798 -0.9128299660066514 -0.09861532937601274 -0.3962530378083659 -9.405615047749874
-0.4037541354739296 0.06718594434292824 0.9123971980286038 85.11585391713494 -0.06052627035368091 0.9931531779300373 -0.09991664408165303 -5.573090794286682 -0.912863170844774 -0.09556575772846437 -0.396923188117061 -9.819469588297693
-0.4039799912590758 0.06755101388200911 0.9122702599481297 86.12091186393867 -0.058897491219204 0.9932797868006678 -0.09963107277000822 -5.698671871282578 -0.9128697892856368 -0.0939793895315962 -0.397286574342587 -10.256360710631204
-0.40353111295465155 0.06389917477051087 0.9127319082519392 87.159416803803 -0.061384312437702614 0.9934201587321434 -0.0966868885172762 -5.830160165746529 -0.9129044895629185 -0.09504358835949635 -0.39695353537614464 -10.703717931566112
-0.40364108969814144 0.05940335910638164 0.9129869175591583 88.14138878939836 -0.061823545765222164 0.9938382375234525 -0.09199677616792773 -5.956921569221266 -0.912826226560299 -0.09357776746190612 -0.39748142288732596 -11.127790515599903
-0.4023596869213024 0.053019037114087016 0.9139451099732876 89.2384696002353 -0.06457569325099037 0.9941912272920603 -0.0861033298813667 -6.1036965622593975 -0.9132013262045493 -0.09366314792382602 -0.39659872987599726 -11.603707022903933
-0.40249318770105097 0.049088217834116946 0.9141058914174631 90.2411794765247 -0.07215247653004943 0.9937535106759802 -0.08513507003429324 -6.221482848881144 -0.9125750675888692 -0.10022128959973337 -0.3964371818159082 -12.024428895593164
-0.40107565855481025 0.04511844296153216 0.9149331353817884 91.29417198060466 -0.07995652308995195 0.993250113602077 -0.08403074583047428 -6.348982851295445 -0.9125487770690359 -0.10685755908772554 -0.39476092959615744 -12.46253801267279
-0.39910286559081387 0.04540650631338813 0.9157811702921231 92.39573367695753 -0.07783214843172889 0.9934904999750009 -0.08317922294613238 -6.470118690376132 -0.9135967706530621 -0.10447428221257762 -0.39297081953812424 -12.94769180951538
-0.393414768675082 0.048527209600453265 0.9180794789759343 93.40400402199532 -0.07489810235624371 0.9935948570822567 -0.08461403100622354 -6.582894423108322 -0.9163051315210273 -0.10205082022248615 -0.3872602949440503 -13.373933289904814
-0.3878060114274828 0.05137530022976434 0.9203081418889036 94.41379781390691 -0.07441465670266326 0.9934412759035657 -0.08681526478056074 -6.698291442167568 -0.9187322549951829 -0.10215189600489884 -0.38143942346599785 -13.785289381902167
-0.3812267902883785 0.052694942455982434 0.9229785357233282 95.45335796950083 -0.07140780057052612 0.9937131012108716 -0.08622759708788477 -6.815513370420321 -0.9217196213513643 -0.09878013728190155 -0.3750672261001598 -14.204246813846213
-0.3740351441405356 0.05477764123368229 0.9257953990859106 96.45059997495494 -0.06701158911755634 0.9940484899875032 -0.0858897344128103 -6.923787519954486 -0.9249903555560514 -0.094164800081757 -0.36813833344797786 -14.60506205839542
-0.3627479026136641 0.05496712070909111 0.930264787461257 97.39395027216722 -0.06796334018586102 0.9940400495524421 -0.0852371062188166 -7.032357018935511 -0.9294056937313061 -0.09414348371889097 -0.3568501939653426 -14.959941927545753
-0.34640783078350623 0.05407300868002279 0.9365242786517355 98.22857249320997 -0.06822605050859251 0.9942412229759275 -0.08264137321783444 -7.116757842901034 -0.9355997118446898 -0.0925229715671767 -0.34072375750527734 -15.261402621096146
-0.328422081054486 0.05273397589975878 0.9430578266795954 99.1261698451816 -0.06711156308091704 0.9946139106062747 -0.07898865063620177 -7.208121144171926 -0.9421438185206539 -0.08923170184578738 -0.3231141108169497 -15.566173744183374
-0.3084485486409384 0.05301807717940687 0.9497623788787881 100.08337595459463 -0.06753484805613398 0.9947054963866823 -0.07745979444949061 -7.2991410418678955 -0.9488406278924485 -0.08803441912298214 -0.3032348988990973 -15.875236378485218
-0.29641622944241836 0.05180641995125075 0.9536527217886874 101.24236100965547 -0.06646915275037818 0.9949874237997438 -0.07471196833837532 -7.409049446508767 -0.9527430244592656 -0.08553432838446878 -0.2914868916641563 -16.222952582745723
-0.28021559362361703 0.053096932999515234 0.9584674938651839 102.28918188258129 -0.06480338882774486 0.9951449538913503 -0.07407456743728622 -7.509118629472406 -0.9577472223330153 -0.08286879057055155 -0.27541427280148395 -16.517011302862848
-0.2637060337076361 0.05774344740812329 0.9628732118340451 103.39858776981634 -0.06484457437631207 0.9948873928549041 -0.07742258528572271 -7.616797715564677 -0.9624210663530512 -0.0828539064848204 -0.25861345908529737 -16.809308202835584
-0.2538509118169498 0.06680211792867209 0.9649337757638833 104.52088448090025 -0.06367036366639817 0.9942943787145946 -0.08558488912854478 -7.73433981406427 -0.9651454809303589 -0.08316348655991085 -0.24814921950896374 -17.094358663769178
-0.23037554867585047 0.07129232992563513 0.9704867388409141 105.4313192892151 -0.06504047890643896 0.993954390063032 -0.08845567578197489 -7.823559998017389 -0.9709257657905285 -0.08349894710832688 -0.22434590068882254 -17.303573336878685
-0.21439955169015915 0.06857453693363742 0.9743358584797099 106.6364808425962 -0.06532215021583954 0.9942925032480742 -0.0843530359611091 -7.946187479461502 -0.9745593101121347 -0.0817309664020563 -0.2086964307427129 -17.559817787176673
-0.19269916059119999 0.06701965041101209 0.9789664958343722 107.65510732480183 -0.0645205929937128 0.9946404396938574 -0.08079287595666002 -8.05047423524069 -0.9791343761645735 -0.07873221821080813 -0.18734223023231886 -17.753251111478487
-0.18396299774344171 0.06896224588226839 0.9805110015212054 108.8867705641412 -0.06513720452890405 0.994487730840892 -0.08216628136341339 -8.172205203431634 -0.9807725322659725 -0.07898330108197196 -0.1784569362697579 -17.969499358186514
-0.1796919600877253 0.07546045859586725 0.9808244076634359 110.12064291927851 -0.06888577153718824 0.993640715547577 -0.08906671031212254 -8.309161046156417 -0.981308081063006 -0.08356941781895239 -0.173351095888788 -18.19451294665642
-0.17183304619736295 0.08267101302349039 0.9816511130947707 111.31625996678707 -0.07211905556805201 0.9927430588618629 -0.09622921025116213 -8.441441078823514 -0.9824826950427721 -0.0873311095043456 -0.16462390851341394 -18.391861090384445
-0.16716787002912983 0.08614413937353563 0.982157874519934 112.47063955508133 -0.07443728692352075 0.9922296001489059 -0.09969709576414915 -8.571672219212392 -0.9831144356306599 -0.08977531865681865 -0.15945657281742043 -18.570946497342433
-0.1628070763240425 0.08622066716556245 0.9828834378767098 113.6213001471333 -0.07620982648071022 0.9920994927879117 -0.09965269066988088 -8.70743535491745 -0.9837102816615262 -0.09112953946713553 -0.15494995575962703 -18.752107994758514
-0.15728403473338354 0.08669228454130419 0.9837409111239579 114.69673365788682 -0.07695646105357329 0.9920343664851184 -0.09972722203379708 -8.831691553528078 -0.9845503722614192 -0.09139071896794523 -0.14935963633600755 -18.914761513577112
-0.1510135449175592 0.0837368717064956 0.9849787031038995 115.86098583386622 -0.0767062030592511 0.9924088867291861 -0.09612887159001228 -8.979746704341876 -0.985551149186924 -0.09007073807705816 -0.14344404650799814 -19.087230436143436
-0.1422752971081951 0.08181137765185828 0.9864403876157328 116.83141834078505 -0.07527026317319364 0.9927986088558385 -0.09319500917832903 -9.085787053491734 -0.9869610566352728 -0.08750897520035114 -0.13509275311715044 -19.221174253213157
-0.13574470812097025 0.07982946860974985 0.9875224707107353 117.85592672412301 -0.07535787410855657 0.9930291013624625 -0.09063329772825252 -9.195768574723337 -0.9878737596611181 -0.08672058457335304 -0.12878266647443048 -19.348286615072425
-0.1301079164823735 0.07997829074233206 0.9882688920929102 118.99954212112621 -0.08181892774498623 0.9924757942869019 -0.09109039914965121 -9.322774574592968 -0.9881182080759757 -0.09271068311967638 -0.12258521976244327 -19.478026450011637
-0.1231897807339624 0.08191239553263957 0.9889967833015536 120.2210266942806 -0.08564427958702406 0.9919919132005307 -0.09282834437158391 -9.456952805659 -0.9886806032772862 -0.09613742040877796 -0.11518793817239703 -19.61790195759457
-0.1151084934819924 0.08564263991020048 0.9896541683626231 121.33741531743091 -0.08353692901090475 0.991912764722187 -0.09555442780223887 -9.5854423928483 -0.9898341357115008 -0.09367179623770404 -0.10702326088224409 -19.735124367685014
-0.1077031132243575 0.08886692123515498 0.9902033678552923 122.4211475612584 -0.08228801341460737 0.9917825947945882 -0.09795900933956891 -9.708779039850528 -0.9907717811131176 -0.09203235829151125 -0.09950539069439536 -19.84194414102717
-0.100401595229607 0.08733190291729866 0.9911067845636973 123.51938622229574 -0.08032478959886348 0.9921771914355404 -0.09556332440314148 -9.835711780420754 -0.9916992728903501 -0.08920515415560501 -0.09260125604345905 -19.94318158024866
-0.08777706921166066 0.08369933604379316 0.9926175533741265 124.52068849618762 -0.07792105732276264 0.9928335614715731 -0.09060810141137224 -9.941580264326623 -0.9930878586239561 -0.08529912286476898 -0.08062607947920422 -20.029306970542564
-0.07873299467302633 0.081801254553187 0.9935339301218349 125.73233588517157 -0.07796128410775335 0.9930701853462413 -0.08794114598213287 -10.068347265940817 -0.9938426202020558 -0.08438105077507231 -0.07181005876621518 -20.111661824855478
-0.0703914963948174 0.08537278011137885 0.9938594093992116 126.7843576388873 -0.07939617111463289 0.9926903940293783 -0.0908957073471138 -10.182957483516482 -0.9943547079627243 -0.0853069165885766 -0.06309869043423384 -20.167862562464112
-0.06104650216063563 0.08791512150767919 0.9942556290935639 127.85101839215577 -0.07870963072056936 0.9925875139664241 -0.09260033018183231 -10.298941420762358 -0.9950266924086929 -0.08391041966432267 -0.05367422906734777 -20.22275746064003
-0.05351580840663279 0.08911274318735907 0.9945828156831414 128.98344526266848 -0.08043979923880472 0.9923884942721738 -0.0932443839307629 -10.432159219852922 -0.9953218057236594 -0.08499409060535029 -0.04594026135280603 -20.270620627859785
-0.04710009520927323 0.08877206701499706 0.9949377373228737 129.9967544720299 -0.08104533908562453 0.9924196884269857 -0.09238406266764732 -10.547498275511222 -0.9955969234804686 -0.08498636443788206 -0.039548499539905975 -20.301231286276124
-0.03417437964287179 0.08816113633603327 0.9955198269326241 130.93739452272766 -0.07833274339954462 0.9928010476771544 -0.09060938716625966 -10.646971534702239 -0.9963413536973794 -0.08107831874850009 -0.027022456242737018 -20.323367329170285
-0.025999385926484844 0.08849591194217885 0.9957371668773669 131.9795831367824 -0.07698989708548701 0.9929381430408665 -0.0902574087890902 -10.763186271895108 -0.9966928251363166 -0.07900833920591502 -0.01900249082913187 -20.33927936254879
-0.01759313858215622 0.08914645036450584 0.9958631391221563 133.00444070044895 -0.0781534279651997 0.9928472630442319 -0.09025715463532678 -10.874460213654123 -0.9967860969998117 -0.07941802473611155 -0.010500198802735849 -20.33972150255882
-0.011437879664071523 0.08922525877510713 0.9959457957666686 133.99651314260376 -0.08347895593182392 0.9924487523491448 -0.08987067306500769 -10.981385407770155 -0.996443896476527 -0.08416844513913777 -0.0039030779568344958 -20.328545548722698
-0.003613892497335708 0.08888441699554828 0.9960353910360699 135.0511615054662 -0.08815707750545765 0.9921355225453679 -0.08885625802005027 -11.09662551286427 -0.9961000298497713 -0.08812868612994568 0.004250319316837227 -20.316500680151574
0.0018749493287087229 0.08862296256710989 0.9960634794383543 136.15423608892917 -0.0857778138869782 0.9924082640220144 -0.08813628166414593 -11.220175904613868 -0.9963125268758727 -0.08527489669673807 0.009462599197627472 -20.301965165772565
0.00760571538230741 0.0889751151864808 0.9960048102148268 137.29741896324626 -0.08570881510083313 0.9924262356359517 -0.08800094224191313 -11.347714441397292 -0.9962911984492964 -0.08469708199817616 0.015174063182275443 -20.281837882838907
0.014576394729190575 0.09061078606837811 0.9957797016231886 138.38731205845792 -0.08574930816198491 0.9923299043476598 -0.08904165927869835 -11.459729195829256 -0.996210110803158 -0.08408951412294785 0.022234404604728714 -20.25311644870426
0.021133176504608144 0.08869920867733877 0.995834242849098 139.50478014016178 -0.08170580856762824 0.9928781032060962 -0.0867019781791235 -11.570625399010847 -0.996432411002942 -0.07953315380315935 0.02822990876690599 -20.22577250530775
0.028094755903129848 0.08680644388222743 0.9958289642259169 140.599204647883 -0.07820559751609091 0.9933594960127472 -0.08438481023531606 -11.680468982191357 -0.9965413033125599 -0.07550862852562466 0.03469694237659112 -20.190937936183133
0.033406652558768596 0.08700951116205238 0.9956471968183086 141.67924180585368 -0.0764410333031151 0.9935076261240225 -0.08425773116432612 -11.789541098204957 -0.9965143069682294 -0.0732935317797448 0.039840861020838704 -20.149866280038292
0.03762312378581708 0.08926820297656765 0.9952967841271912 142.68694753137717 -0.07804390203759481 0.9932222443813642 -0.08613200694742114 -11.889068086778359 -0.996239755235327 -0.07443628955945206 0.044334962335362806 -20.101911805588674
