0.9999006614388226 0.0009159176221746576 0.014065146608347224 0.00824586022645235 -0.0009194453101176592 0.9999995474575095 0.000244346266423945 -0.017604751512408257 -0.014064916442219418 -0.00025725412650257155 0.9999010510774492 0.9193575978279114
0.9992245818163319 0.0010636019628399052 0.039358656542637246 0.04317026528550674 -0.001133685423780108 0.9999978114603992 0.0017583605351998617 -0.028568033877226055 -0.03935670020894216 -0.001801617405689379 0.9992236007638065 1.2596867184564684
0.9981139241994353 0.0004237105948678012 0.061387415555108876 0.08252406898733311 -0.0007307114956459978 0.9999873393399781 0.004978676577294314 -0.0401860132779909 -0.061384528831896705 -0.005014142906117157 0.9981015970285805 1.6126457176855158
0.9957909507766997 -5.17619597336381e-05 0.09165358515593433 0.1803882209891211 -0.0007332248171411932 0.9999633413553518 0.008531021439850617 -0.05464413155493221 -0.09165066684211365 -0.008562316633901551 0.9957544084769381 2.7509030902456164
0.9911288112689132 -0.005314688583342461 0.13279846971231707 0.27202406896237635 0.00354087022310475 0.9999013847878724 0.01358981005599444 -0.06470824892271303 -0.13285759937141056 -0.012999030139089875 0.9910498895134942 3.1732681873759248
0.9862746882415528 -0.009278877272198378 0.16485187827439268 0.3705132059148193 0.006696018121004119 0.999846080873422 0.016216593457977935 -0.07075147210991611 -0.16497697619774368 -0.0148901644929003 0.9861850132333301 3.5309233812123106
0.979313025918418 -0.013004470272652746 0.20193286265350663 0.49395281425550186 0.00917944368347273 0.9997604907277767 0.019867032828710496 -0.07298899795859543 -0.2021428580983613 -0.01760241269493473 0.9791978451708025 3.993925268659886
0.972444286052176 -0.017047311523396932 0.23251128939107046 0.6503761973810678 0.011029864490239892 0.9995703566839301 0.027155922523230604 -0.07160032078902166 -0.23287432794063154 -0.02384305367575674 0.9722145114004491 4.602458003926139
0.9579893195106157 -0.021367491304474344 0.2860068076444001 0.8006297154315412 0.011527518041686943 0.9992837018751904 0.03604441003004525 -0.06517843913333729 -0.2865721201222936 -0.031233211201678553 0.9575494276989803 5.012682376289123
0.950893876121938 -0.029363737982099982 0.3081210918543472 1.0907618362579337 0.01519978517706037 0.9987187087707394 0.048269113125043776 -0.04430024120799088 -0.30914366059223614 -0.04121542967173382 0.9501218266478286 5.851610521802155
0.9333797329671056 -0.03273206238495892 0.3573945805105078 1.297348614723149 0.014233116030857803 0.9984248826837486 0.05426943933739253 -0.031174604242287213 -0.3586079927919996 -0.045567156263804164 0.9323754296289253 6.31927371635334
0.9096577320781758 -0.03561679269274761 0.41382877443294325 1.5390793372670046 0.011741960726338232 0.9981236335823865 0.06009441274024728 -0.015500436541406731 -0.4151926502585168 -0.04980618598704286 0.9083690918391779 6.76630988723288
0.8840883388349782 -0.03801252392040098 0.46577124982249624 1.7790792003016214 0.0088354096086601 0.9978677618690649 0.06466734384115935 0.00947207229954912 -0.4672362835579621 -0.0530563648172816 0.8825391081868944 7.135012199117065
0.85484039538217 -0.04132661376856628 0.5172426987568595 2.043979210583155 0.007098632563831594 0.9976614808813885 0.06797925405062309 0.033999567292948445 -0.5188424691932795 -0.05443969654562003 0.8531346972204574 7.517883964801139
0.8275583227700142 -0.04332383818813372 0.559705518517309 2.306785937123566 0.0030989993696661686 0.9973550197406612 0.07261790964364787 0.06090313329494086 -0.5613711950367494 -0.05836102845867784 0.8255037078900719 7.872397420935941
0.79341896434345 -0.0457093889968982 0.6069571638737759 2.6512292953805963 -0.00030466962848560864 0.9971463272742013 0.07549244452254907 0.09212152095754331 -0.6086758202825087 -0.06008205856246032 0.7911408800222071 8.272830255646126
0.7554946970244845 -0.0484797200170783 0.6533586147858985 2.9949618860526575 -0.0033481638744154137 0.9969597146149186 0.07784675480462501 0.12843548467903482 -0.6551462070153139 -0.06100036214652374 0.7530354594914109 8.617255560664795
0.7170201427156933 -0.05001291597600813 0.695255940769688 3.3379728216294633 -0.00786467859639815 0.9967787722662655 0.07981369550354657 0.16126382867826514 -0.6970080786981904 -0.06269599185700986 0.7143171220365105 8.920674300027787
0.676545138052159 -0.052115018454523765 0.7345547638055789 3.751068848815361 -0.012328148778660815 0.996551332480509 0.08205765338476828 0.20292734042139812 -0.736297964770837 -0.06457140685170351 0.673569477107978 9.270025971707401
0.6357802535496849 -0.05418798349456858 0.769965669131482 4.199109749488602 -0.01652204464325716 0.9963487376599557 0.08376284978569322 0.24339927581743653 -0.7716932624023 -0.06597617303395792 0.6325635567709288 9.614211853908369
0.597524305209304 -0.05677943641486069 0.7998379837720571 4.669514494899481 -0.019241250729644065 0.9961872675364436 0.08509231615507272 0.2855840462339845 -0.8016199092802636 -0.06623461027806138 0.5941535975207213 9.942610833701604
0.5576442432361987 -0.05961389240474832 0.8279366411857144 5.194338447785022 -0.022727598396986667 0.9959473635703657 0.08701899372174259 0.33246776895801944 -0.8297688559211132 -0.06734265238015563 0.5540294332558267 10.269646787636274
0.5181347069536308 -0.05984076329544616 0.8532030874875534 5.72923853649492 -0.028262565817532594 0.9958068136978876 0.08700584558678771 0.3803096692850371 -0.8548319441992591 -0.0691944567222021 0.514270818086574 10.567208161101549
0.48283741038979644 -0.059853922796365096 0.8736621446840661 6.263313290144932 -0.0324992706309982 0.9957494507143286 0.08617905087994111 0.42427746967154434 -0.8751067549370928 -0.07000385223686706 0.47883987734468186 10.839325299754428
0.4468815599309089 -0.059194007540971566 0.8926325900755342 6.834856249172276 -0.03609442642579239 0.9958029031158029 0.08410571043118059 0.4641963423855572 -0.8938646786704972 -0.0698043524243292 0.4428693809780814 11.105410099195785
0.41506639059512995 -0.05869783047545685 0.9078956196038206 7.348318532646949 -0.035843513255392215 0.9960867477395433 0.08078634497965193 0.5044012591953099 -0.9090847782004945 -0.06607386529585924 0.41133819463918325 11.313477652488134
0.38831837884050946 -0.05612371449170989 0.9198146363949269 7.85078736435357 -0.03653244233828331 0.9964214751279259 0.07622089320317456 0.5421813601273153 -0.9208008564893277 -0.06320104884843908 0.3848784355000656 11.505701719365941
0.36697436878474043 -0.05557423859869374 0.9285695001771364 8.393242641462024 -0.03700681920651869 0.9965514221329612 0.07426815183502392 0.5762602533104533 -0.9294946519411817 -0.06161791175420991 0.3636522032984162 11.709193459165661
0.3492337490262288 -0.05605846274318735 0.935357277886881 9.133601777431693 -0.03811642781218658 0.9965327850483142 0.07395638075710675 0.6157011330392822 -0.9362600741631165 -0.061480542277394315 0.34588613220155806 11.97805197584351
0.332831971295105 -0.05673617945912545 0.9412777936529664 9.852031547533741 -0.03947530773127466 0.9964750432258104 0.07402153948440886 0.6534184840013157 -0.942159529465863 -0.061793965469960396 0.3294190748395749 12.219504672529567
0.32069301937304495 -0.058723191483526706 0.9453610813373844 10.592544309171611 -0.040741454913163375 0.9962973723940892 0.07570785700436825 0.6989847618066608 -0.9463065682837456 -0.06279436712496006 0.3171131442883075 12.465189582361612
0.3088335217005666 -0.06008073976461679 0.9492166036176157 11.344408634970936 -0.04289854079793341 0.9961073192387239 0.07700599818489776 0.7408710298176883 -0.9501481837436909 -0.06450204080787553 0.30505395532624247 12.702845114554247
0.2963210521638407 -0.06104778245786145 0.9531353536101217 12.063301147595533 -0.04550846698983846 0.995919135390667 0.07793622517765592 0.7818606742227013 -0.9540035709979026 -0.06646987302293529 0.29233361507627786 12.923537105374171
0.2810731403328157 -0.06225968934038056 0.9576646703657227 12.892123798167137 -0.04821384439739129 0.9957171789091604 0.07888424959146409 0.824259802675669 -0.9584744727909421 -0.06834493915736248 0.27686757538524215 13.160912465613134
0.2657359729093788 -0.0629196121660629 0.9619903924191643 13.646335112208062 -0.04929530900943002 0.9956756474368152 0.07873993656934805 0.8661063636021964 -0.9627846930708711 -0.0683456473094841 0.2614851951493175 13.358235469793163
0.25193445400920034 -0.06358579035623747 0.9656530837458441 14.451968422895092 -0.05015504029154285 0.9956401680415013 0.07864558293792327 0.9077778195469935 -0.9664437401196411 -0.06824590132062647 0.24764691424787683 13.563568126612816
0.23866998265200412 -0.0660043612153378 0.9688550271745751 15.274946980464732 -0.052411642972138996 0.9953577870023494 0.0807210972097622 0.9483871899982619 -0.9696853402325177 -0.07004498664674062 0.23410262874176496 13.767230717769923
0.22875230882456385 -0.06909045964693158 0.9710298088077454 16.100447758474015 -0.05424697742558184 0.9950236928108304 0.08357700751575108 0.9954378411715985 -0.9719720400544556 -0.07179386555183688 0.22386601846083026 13.95258333958764
0.21380307311514513 -0.0721247561260012 0.9742105857976929 17.039200571640638 -0.05611905134706943 0.9947168981218933 0.08595897083297964 1.0480224345199325 -0.9752635018303644 -0.07305006601314558 0.20862595680559504 14.156839536962906
0.19965930478520436 -0.07312148536798743 0.9771332613263491 17.84076759832227 -0.05780734992187995 0.9945958725434936 0.08624013343250923 1.0915994005081209 -0.9781587152950684 -0.07370412944351816 0.19435336116279225 14.307797634184494
0.18451705343157132 -0.07263766000426926 0.9801414323157829 18.689554840658225 -0.058349445459365 0.9946964835303592 0.08470093191295833 1.1488627184415716 -0.9810957135812569 -0.07281947542686096 0.17930009701905186 14.451566849657578
0.16994305106756424 -0.07089152171933695 0.9829006824405829 19.494432330416448 -0.0596390716547551 0.9948410097800898 0.08206428207138258 1.1967699414354385 -0.983647569267574 -0.07256553870846166 0.16483841198563032 14.57558312699707
0.15131259375180553 -0.06912006287682852 0.9860663851283056 20.339701650866168 -0.0599248030512587 0.9950760628390867 0.07894711612168713 1.2519757501388902 -0.98666788584172 -0.07103552683387789 0.14642553389373175 14.687579425369185
0.1322032395447613 -0.06609118855756761 0.9890168139364053 21.15027137728165 -0.06268273064298768 0.9952201614248224 0.07488461506004046 1.303468753211329 -0.9892386864316466 -0.07189426325236142 0.12742855323039237 14.786383413656434
0.1069679905912164 -0.06412124686991635 0.9921926802233144 21.921089374088698 -0.06607970992761752 0.995253413900118 0.07144308263256871 1.347732773645998 -0.9920641717775922 -0.0732059274923102 0.10222314442058206 14.860903944098308
0.08080045770955165 -0.06257272282047882 0.9947642637292305 22.720009941045554 -0.0668569002981519 0.995439569914148 0.06804570178682225 1.3923053580153928 -0.9944855156896205 -0.07200497904985265 0.0762485545802692 14.911144385127564
0.05041389631836604 -0.06197054266242972 0.9968039380440493 23.517792843388136 -0.06630186095709599 0.9956636589024441 0.06525290472174687 1.426681116236314 -0.9965252140772092 -0.06937960927479674 0.046086522164832056 14.936504060033311
0.01868373192770168 -0.06053792306597671 0.9979910210177803 24.24053906833239 -0.06518754982794023 0.9959676891377125 0.06163558664535355 1.460321635498212 -0.9976981013857269 -0.06620817218852201 0.01466207443615767 14.92532136061318
-0.011577299556971388 -0.05774925494824827 0.9982639879750698 25.057757149197617 -0.06152877950998926 0.9964802560966753 0.05693249073698917 1.486381291305253 -0.9980381633118944 -0.06076284030909412 -0.015089791602016187 14.898842648168719
-0.0388029834294847 -0.054782383500067276 0.9977440648458014 25.875111559056162 -0.05975755632408422 0.9968361858355975 0.05240852097620977 1.5132594786177636 -0.9974584517357831 -0.057589140181040145 -0.04195387936846274 14.852615316970995
-0.06520027120004604 -0.050780439257550915 0.9965792851671414 26.714408905206657 -0.058015201356572475 0.9972079268183177 0.04701688103512354 1.5323478098606567 -0.9961843007430892 -0.05475123450229052 -0.06796426467989244 14.785889372883178
-0.0944298682916491 -0.04599141644039819 0.9944685965822289 27.468349776078178 -0.05384647272182845 0.9977059933312254 0.04102813968938797 1.5446093972091595 -0.9940742212480111 -0.04967434433145983 -0.09668972109485313 14.701509026430939
-0.1176055249648126 -0.0408013100155572 0.992221846967081 28.258528380116317 -0.04813129819584804 0.9982155367123282 0.035342897449171205 1.555279059138703 -0.9918933000236133 -0.04360040558452047 -0.11935948224222595 14.58842733574175
-0.14189900897599614 -0.035724211991406164 0.9892362973168867 29.084938087281426 -0.041847408401035756 0.9986716460240392 0.030062232747331316 1.5624997107475997 -0.988996190923781 -0.03713117430449623 -0.1432054825522479 14.448806609306972
-0.16616826060230777 -0.031969517577017346 0.9855790476234245 29.988784256893315 -0.03724325917687936 0.9989646888266964 0.026124511923998936 1.568222553457453 -0.9853938546663908 -0.03236511120444608 -0.16718687377433877 14.278492760005294
-0.1877778986697639 -0.028280096163374034 0.9818043068413166 30.90449127299626 -0.031512256133034135 0.9992442975798158 0.02275547115813031 1.5708344810840542 -0.9817058818630837 -0.026665894232385596 -0.18852716409104947 14.0918912963572
-0.20453417992303902 -0.01866922881761033 0.9786813726328737 31.843639060019314 -0.027867005527195544 0.9995239143914038 0.013242906124966852 1.5627690054931054 -0.9784626713606187 -0.02456429227645584 -0.2049570596461608 13.888417890481218
-0.2172729657174239 -0.002333987793356527 0.9761080938448035 32.90818654134595 -0.022562073522922724 0.9997419804270425 -0.0026316174042971315 1.546845762328716 -0.9758500966883707 -0.022594801897711757 -0.21726956464378996 13.642001812403462
-0.2201496172933659 0.014754876933153355 0.9753545199630093 33.926447227850666 -0.020584412431757657 0.9995926770061093 -0.01976770195548796 1.5288358600304417 -0.9752489056494373 -0.02442895172636771 -0.21975622481997456 13.411137217907985
-0.24213094993127107 0.030205940107640022 0.9697732746717628 34.788157326671204 -0.01641815899626755 0.999244601656931 -0.035223147426889465 1.4807237009841467 -0.970104657828502 -0.024450505959934126 -0.2414521186855686 13.182432639928335
-0.26242724674816537 0.04002052807234502 0.9641215159392453 35.57974236676949 -0.011015809370798752 0.9989502206462608 -0.04446468952657605 1.4274669534263935 -0.9648889014327426 -0.022289324879843708 -0.26171089753450716 12.954583014005276
-0.28725879578477376 0.044563430819231496 0.956815805094116 36.46289801316113 -0.006046965574911057 0.9988128823837908 -0.04833487551986999 1.3716691467357278 -0.957833920077807 -0.01967045037117986 -0.286648312275823 12.675142291531268
-0.31031981995957963 0.04411340139501604 0.9496081387380884 37.29229238350865 -0.002429891871197546 0.998882670023222 -0.04719647394430388 1.3137996640838803 -0.950629110098018 -0.016953446394266228 -0.3098658995268899 12.397233568753768
-0.3345187323672269 0.03913034264118515 0.9415763558948403 38.25410648874909 -0.0005419041344658692 0.9991294170757977 -0.04171467695772982 1.254443601530786 -0.9423889452000875 -0.014464584977183016 -0.334206301176542 12.057602664881138
-0.3537837983566365 0.03407266914130787 0.9347064123231089 39.19480250241912 0.002203866849450134 0.9993638508802114 -0.035595456518867766 1.1988174630485244 -0.9353246318745495 -0.010533127335396316 -0.3536338307307093 11.697263774099408
-0.364351249435248 0.033985569812624544 0.9306412563815795 40.06396020588367 0.004363082544665293 0.9993851965431156 -0.03478782029947681 1.1452163318190076 -0.9312513788154533 -0.008614521170179561 -0.3642755268739951 11.35326976735132
-0.3740792748414818 0.03699816940133334 0.9266584222867784 40.945525964467976 0.006371311473003193 0.9992828386347439 -0.03732579269358769 1.0919867168891793 -0.927374844668641 -0.008058776026230122 -0.37404672649920934 10.996149688684199
-0.3821111416443693 0.04044132071520919 0.9232310518012521 41.66374116932027 0.008883899732134751 0.9991565679469705 -0.04009026133592282 1.0475300079002592 -0.9240736722560527 -0.007117043434095111 -0.38214813349795584 10.696123999920003
-0.3905785025930343 0.042255705485622665 0.9195993087568604 42.517232386402625 0.005178144940130136 0.9990310033872718 -0.04370630487700784 0.9866791336246739 -0.9205550608883549 -0.012308924605149997 -0.3904188395145693 10.342534942508651
-0.39908522153547954 0.04121313017281978 0.9159871526682759 43.450183024852215 0.0049634200256858645 0.9990718080570522 -0.04278886312188202 0.9190138481525619 -0.9169004037591142 -0.012529973941423049 -0.39891935192392186 9.937068021466859
-0.4073773993361799 0.04254006063067868 0.9122685995646396 44.30107145297272 0.007419245967317832 0.9990357358224441 -0.0432730093590194 0.8577287469968271 -0.9132297680755747 -0.010860100885697005 -0.40730019507653786 9.55207274498501
-0.4125468592518129 0.04507324591119379 0.909820581996524 45.01928409620445 0.010701612840944133 0.9989459925878031 -0.04463607706074788 0.8045480419679544 -0.9108735172372002 -0.008677925777484316 -0.4125943882315094 9.221345831844454
-0.4142918541405883 0.04801583795392223 0.9088766356873391 45.734573820143574 0.011959621811964869 0.998808400914251 -0.047315385544589444 0.7524321625801882 -0.9100655070042314 -0.008732557970093353 -0.4143724356088748 8.893545548115892
-0.41309376139917464 0.049733453616390894 0.9093294935745062 46.47643065596105 0.011587161479662184 0.9987139236437171 -0.04935824560311359 0.6973672183123959 -0.9106147824310379 -0.009853035651987379 -0.41313876083770584 8.557316743605423
-0.40961325966090767 0.04931387547141292 0.9109254191183577 47.146746371921836 0.012819881731545895 0.9987504212899878 -0.04830369142687497 0.6480498670021884 -0.9121691883320526 -0.008107876359660827 -0.4097336137035646 8.243244824013283
-0.4015017212775237 0.048559650604185135 0.9145700236419215 47.86733956460868 0.01251556717113896 0.998791065917063 -0.047537008978723684 0.5928709643867605 -0.9157727493158829 -0.007639828365742195 -0.4016240837312574 7.928267366024432
-0.39245809847644475 0.046944221503218544 0.9185711083022967 48.687186321647445 0.01012581136283572 0.9988566528770231 -0.04672103324581078 0.5399227691717703 -0.9197141452019199 -0.009034770100485808 -0.3924847309701797 7.5883205391046635
-0.3848868173646995 0.04615641355962654 0.9218089407822995 49.57775774952223 0.008561169937855656 0.9988843421404721 -0.046441117513397884 0.482966335782395 -0.9229240728186517 -0.00998281092231988 -0.384852568262084 7.226770544558093
-0.3769177677164145 0.04454703167387689 0.9251748798733791 50.42738423655285 0.006010299246744114 0.998939406402896 -0.04565017676193662 0.4296739296429383 -0.9262272251897157 -0.011645784837359494 -0.3767857521362542 6.890424785493027
-0.3714468828287884 0.042372161053754805 0.9274868264317346 51.25500176170694 0.002990756726271531 0.9990074976309719 -0.044441816471761215 0.37625262324824027 -0.9284493893643213 -0.013733886731006012 -0.37120494574329116 6.570393294330561
-0.3684877935360339 0.040068182910509675 0.9287686938808793 52.23075825253758 0.0002602504861427372 0.9990751230755937 -0.042998031596497226 0.3159998535328472 -0.929632550142598 -0.015602537285289427 -0.36815741544294855 6.195000022639163
-0.3662737782914573 0.037772231319481486 0.9297401668623592 53.335477388369995 -0.0016414280267371577 0.9991479753749677 -0.0412386835160555 0.2467748912631393 -0.9305056824383898 -0.016630749990662597 -0.3658997036137294 5.766036324373519
-0.36613940793571764 0.03670369246669099 0.9298358849365796 54.55179165863698 -0.0017784541544815227 0.9991924135465603 -0.04014172158517224 0.16728348999947446 -0.9305583114761281 -0.016351136667266997 -0.36577844287544636 5.291966597540962
-0.36569004544885025 0.03611527944116307 0.930035739770523 55.731960740889555 0.0002801871470521766 0.999251110425756 -0.03869289092401781 0.09350925942882646 -0.9307366502694415 -0.013889020979968768 -0.36542630302352064 4.827604708108192
-0.36478826708667655 0.035733886256744785 0.9304045408148486 56.890898221492115 0.0005516048205396859 0.9992713914391338 -0.038162573071286954 0.02718231637493866 -0.9310903371467356 -0.013408043268478106 -0.3645421902162897 4.370761299804141
-0.3639270952914997 0.03510813654071265 0.9307655387160237 58.04682057900154 0.0011985300693186352 0.9993061966218163 -0.0372248427654812 -0.042369578215162976 -0.9314266653034821 -0.012431578414687814 -0.3637166796006959 3.9189997010937248
-0.36326582616755493 0.03557311943762815 0.9310061722202917 59.28453812109018 0.002045636682860167 0.999298866779861 -0.03738435799969455 -0.1207466426096832 -0.9316832910970152 -0.011675959316639782 -0.36308389810713326 3.4369417130173394
-0.3628658490386559 0.0348920766302576 0.9311879072399314 60.50907030258095 0.0018896990947924 0.9993242182076402 -0.03670879923154574 -0.19050446250992348 -0.9318394736427441 -0.011560704654951636 -0.36268656643043024 2.9570814685780094
-0.36156641074443796 0.034792248839166505 0.9316969625592311 61.745087949832296 0.002456689844552284 0.9993355661080091 -0.036364694232110084 -0.2660918947083227 -0.9323431210109246 -0.010859361505203698 -0.3614116475313264 2.4776637827903194
-0.360614421477905 0.034509848146998125 0.9320763431195034 62.81145686618653 0.0013795508940783552 0.9993339310501199 -0.03646630076175762 -0.32992036313027395 -0.9327139625102041 -0.011864427200140876 -0.3604218355007455 2.0708733822121013
-0.35913333240732936 0.03346471143584712 0.9326861008091207 63.984135350238105 0.0015421940079310944 0.9993768508120504 -0.03526374481861737 -0.3970605241967121 -0.9332849892672915 -0.011226003273923466 -0.3589611478403279 1.6238755050910574
-0.35558344798150276 0.03135144502936971 0.9341185676433988 65.05055832473089 0.0011623732097991483 0.999451312303078 -0.033101710290833045 -0.45599732669083737 -0.9346438147284275 -0.010684625881494726 -0.35542478579815706 1.2162012439090515
-0.35371362691083275 0.030649117863097174 0.934851486446803 66.19921713326102 0.0007605939092279539 0.9994720986599459 -0.032479924525631435 -0.5174773557017617 -0.9353534581293264 -0.010777549559127225 -0.3535502125455612 0.7817065591118848
-0.35070648603639515 0.03072294634512147 0.9359813359356466 67.38710999574914 0.00047769454088178616 0.9994674559503763 -0.03262784553123485 -0.5795438819656588 -0.9364853081922477 -0.010995683878654133 -0.3505343955678411 0.3390805934376644
-0.34836994275402106 0.031042497419401058 0.9368429678123894 68.38271183235584 0.0003150676968383344 0.9994553016457419 -0.0330000112813193 -0.6367245434318772 -0.937357073754664 -0.011201043084787572 -0.3481899667076962 -0.02666065289825964
-0.34645551787912254 0.03191150053056799 0.9375234558479034 69.40774629625638 0.00014315418797369205 0.9994229943168971 -0.03396554044215894 -0.6943556286255314 -0.9380663908476776 -0.01163333849490442 -0.34626017934130954 -0.40290445233823124
-0.3452719730133627 0.034051586883968914 0.9378847232374256 70.35847946409162 0.0001245967426171379 0.9993432136182703 -0.03623707867312092 -0.7472898537105461 -0.9385026633564296 -0.012394790268243309 -0.34504944580030134 -0.7531862553564908
-0.3463886649032023 0.03673355783234679 0.9373716117717422 71.39066495469895 -0.0004832362895613752 0.9992259206342774 -0.039336065071012574 -0.8044570952743575 -0.9380909653702385 -0.014078539042106437 -0.34610278159699137 -1.1315131047867233
-0.3503726170165378 0.0381588097068131 0.93583274920615 72.48656761277833 -0.0005676047358837246 0.999160890661841 -0.0409535394893037 -0.8714205431915261 -0.9366102215275288 -0.014880181907402118 -0.35005695696065897 -1.5367828005919504
-0.3544690519844973 0.03688505475179586 0.9343399723447392 73.49606809314503 9.49692775826649e-05 0.999223102915569 -0.0394104247708686 -0.9360120312012619 -0.935067742019822 -0.013881042314646114 -0.35419716895849307 -1.9162197402684624
-0.35764167611988795 0.03577319951049805 0.9331734617416734 74.61627450525728 0.002030282477226073 0.9992934465514999 -0.0375297965926972 -1.002578160010768 -0.9338566857153299 -0.011527613630264335 -0.3574616128604187 -2.3423661781413103
-0.3614598225836612 0.03425102040133573 0.9317583722506896 75.76624997548092 0.000432546111271494 0.9993311039687659 -0.03656716483993895 -1.0728884273278234 -0.9323875854823735 -0.012814532454870292 -0.36123285868856625 -2.780039121129718
-0.36487911033152215 0.037746108593332814 0.9302894528746074 76.77913639005207 0.0024228202470249357 0.9992129773522923 -0.03959237089162615 -1.1363667215974216 -0.9310517519374142 -0.012192504944834015 -0.3646833942441623 -3.1749596195607475
-0.3688728143778324 0.03901468955760192 0.9286607027390037 77.74707995675217 0.0027775146241787803 0.9991604787969527 -0.040873255592855005 -1.2023640752961502 -0.9294757297667812 -0.01249766414056334 -0.3686715016997387 -3.556572292044869
-0.3720709430979558 0.040634654784763635 0.9273144224763896 78.55334592551908 0.002202270694543028 0.9990771308342736 -0.04289564835441785 -1.2525733882914567 -0.9282016824516031 -0.013918026960779838 -0.3718170588065235 -3.879511293112412
-0.37425582737577967 0.041522700772297895 0.9263954020804746 79.39492064204143 0.0022459260717835 0.9990346714122665 -0.043871187951396884 -1.306810077624552 -0.9273227763251324 -0.014338432158395639 -0.37398780444272356 -4.220091770333492
-0.37724456547755475 0.04063191619984695 0.9252219113291571 80.26499160220467 0.0029388486720227872 0.9990845827809484 -0.042677390008098844 -1.3628517385168832 -0.9261090113945196 -0.013380726263885466 -0.3770186403594889 -4.573918917548699
-0.37669938050923174 0.0345761395888975 0.9256900492578978 81.12133838242946 0.005620825474443597 0.9993700729794257 -0.035040884036869446 -1.4188169708959 -0.9263185105809706 -0.007996737098876962 -0.3766564338370248 -4.922195660007956
-0.37807014837362196 0.025739033195292943 0.9254190753809424 81.994885381287 0.005210581014172381 0.9996567604667564 -0.025675106593876135 -1.4694466740588632 -0.9257622873903661 -0.0048850202951225665 -0.3780744950700517 -5.2753466415487695
-0.3785353746646042 0.024444540276771048 0.9252639810228129 83.10260089349516 0.006506947239759085 0.9996967782930852 -0.023748918039506878 -1.5270398953522137 -0.9255639522826866 -0.002969161680598971 -0.3785796538560521 -5.7303285569936335
-0.3785776013049212 0.029990095053878438 0.9250835605440575 84.06851086283694 0.007787250934134925 0.999542753952015 -0.029217148131068627 -1.5769915988736631 -0.9255367947915963 -0.003857100035431102 -0.3786380385885922 -6.124068645371323
-0.3777450751863545 0.03570981962775882 0.9252207666036294 84.99960236316745 0.010241203428059405 0.9993560185609793 -0.03438991012339429 -1.6317251802526194 -0.9258529990904608 -0.003515245098560865 -0.37786752589644035 -6.502965653979887
-0.3759124753242072 0.038475605381574234 0.9258560572173992 85.92155219121541 0.015125312920211216 0.99925929299996 -0.03538488748446448 -1.6847498918601165 -0.9265317241221119 0.0007022419411323824 -0.3762159898935233 -6.887624166207764
-0.3762400171075528 0.03950200257466807 0.925679772556092 86.80495480445956 0.017929839986739485 0.9992140542773433 -0.03535243375902833 -1.7333170247064726 -0.9263487304276713 0.0032962899186015295 -0.37665257746073466 -7.250452774276271
-0.3767810239579651 0.03665378439364042 0.9255768796133634 87.64729545568 0.01601062007953142 0.9993252283566599 -0.03305673932166897 -1.7810653772929526 -0.926163981177122 0.0023639076835576325 -0.3771136326236535 -7.58732691036654
-0.3742635905828961 0.032319206611305995 0.9267589943712512 88.51115545195256 0.01484198677199933 0.9994732348513177 -0.028861189242737555 -1.8260074850327639 -0.9272035807699722 0.002953252420809944 -0.37454612280396304 -7.934206127767768
-0.37430209552428817 0.025705992121660633 0.9269504535061011 89.49112206249141 0.011563746963952128 0.9996673612199758 -0.02305312706871821 -1.876196945923066 -0.9272347173409118 0.002090186722256155 -0.37447484572022494 -8.321081560119724
-0.37401894133319213 0.022785446243008933 0.9271411192280837 90.61986365187866 0.0054476028797847955 0.9997348759475756 -0.022371889436349462 -1.9338564123417614 -0.9274050653014909 -0.003316813771532991 -0.3740439059783532 -8.763167207331701
-0.3707052516837877 0.020606819135532264 0.9285219304783133 91.65940790755243 0.0008997784559820943 0.999761322489776 -0.02182861544457221 -1.9817603083255368 -0.9287501315062033 -0.007256518353337615 -0.3706353142491935 -9.17129798787239
-0.36943170970099676 0.021053049015473013 0.9290193652419465 92.6341854034856 0.002224309104889457 0.9997604953604399 -0.021771641317473063 -2.0305767792115055 -0.9292552202255334 -0.005976708442184799 -0.36939005758113364 -9.563728675448672
-0.3678323397025313 0.023802651293447954 0.9295874373400077 93.63846358888628 0.0037656845405015984 0.9997022694710254 -0.02410792472249834 -2.076486184550504 -0.9298845033061381 -0.005367141314213449 -0.36781245806145646 -9.965706973736857
-0.36321419248457926 0.026621445640630098 0.9313252648832074 94.56984226913606 0.004869644238190376 0.9996323026907373 -0.02667481925356478 -2.121588068194461 -0.9316929413399936 -0.005153450224836155 -0.36321027657269295 -10.325907647584382
-0.3555650031545408 0.026695971716442952 0.9342702251628406 95.48603768915903 0.006749643377351586 0.9996392846790205 -0.02599505415838694 -2.1711594281909536 -0.9346271828092688 -0.0029369406759023223 -0.3556169336989968 -10.663972702624822
-0.3467697194094687 0.027405530477264618 0.937549837928596 96.43218953238241 0.009177838067667315 0.9996243363574955 -0.025825441917674677 -2.2230453805445247 -0.9379053944770136 -0.00035080065454134275 -0.346890974154444 -11.00808904757966
-0.33524075735149905 0.026964142963213374 0.9417465527437047 97.34081531597437 0.009162594756386564 0.9996363933090638 -0.025359969033494682 -2.2724191503165807 -0.9420879372265224 0.00012714680081511677 -0.33536592308397667 -11.328698522257428
-0.3231773095398974 0.025694390712157823 0.9459895479784558 98.13539570789469 0.009408459972552437 0.99966916694537 -0.023938202516021995 -2.3105011062852174 -0.9462916608950428 0.0011640209122589316 -0.32331213644992957 -11.595204602786279
-0.31100856335471366 0.022394628418394253 0.9501432282230073 98.96393170498693 0.009595331867179912 0.9997453846249957 -0.02042291672072377 -2.346460664065365 -0.9503586707798252 0.0027652376073280037 -0.3111442596844421 -11.860356306342169
-0.3004073591780103 0.021712823016331845 0.9535638268455626 99.86380382885297 0.009306105389730151 0.9997599963307195 -0.019832955888582988 -2.376292373356104 -0.9537655974893253 0.002915999565275862 -0.3005373221288271 -12.145635847515399
-0.28909677761026215 0.021185641033746913 0.9570654218961996 100.68240842114737 0.009983706355432614 0.9997674411285475 -0.01911515803461827 -2.403951446812986 -0.9572478147182013 0.004028929543830678 -0.28924105680895285 -12.39340620750911
-0.2759005771268954 0.02142938673085984 0.9609472685456699 101.6218615031558 0.01018021715308335 0.9997605145831142 -0.01937205872451833 -2.4395987678036724 -0.961132267026637 0.004437889684226352 -0.2760526587725405 -12.656988059693877
-0.2652378695553148 0.026018236215264893 0.9638318960991088 102.63817303179573 0.009015341153010059 0.9996590700308103 -0.02450443488500855 -2.4795092787388966 -0.9641408590956267 0.0021897692539292555 -0.26538200529229944 -12.942163479676909
-0.2613317425549931 0.03577067973934338 0.9645860142072116 103.79005012540928 0.005792731447350114 0.9993532222495485 -0.035490582438536485 -2.527792278633831 -0.9652316636929967 -0.003687228014782306 -0.26136992893984085 -13.26177663083533
-0.2568522817069208 0.042270621818214935 0.9655258152494157 104.78708857878307 0.00480641126695409 0.9990865514178884 -0.04246129044961954 -2.5742721269620015 -0.9664387222129925 -0.006265565179255387 -0.25682083034735154 -13.529048098442278
-0.2461672893617501 0.03899806593012714 0.9684424693816338 105.80448530390764 0.0039055098312412505 0.9992219942773208 -0.03924478494545519 -2.6273547604874925 -0.9692194863090852 -0.0058785207464461435 -0.2461280771317795 -13.797725119372878
-0.23673758756600483 0.03584951833413224 0.9709120076858858 107.01959734547867 0.003256066379545529 0.9993426847329068 -0.03610535282421404 -2.689497105262929 -0.9715681719082613 -0.0053861401801009534 -0.2366987047467733 -14.107101918699795
-0.22429517670757967 0.03692850061830931 0.9738213180803744 108.00377324994652 0.0024283130757986188 0.9992998413543283 -0.03733537685389976 -2.7326297038346548 -0.9745182281524147 -0.006009401908703653 -0.22422780846134632 -14.339855411754696
-0.22063000633894145 0.04255051828660106 0.9744289885345258 109.32686237314716 0.00015374292205329578 0.9990494569236608 -0.043590813064852615 -2.81373180125983 -0.9753575634945335 -0.009467629802787453 -0.2204268298549994 -14.640100855361226
-0.21688904706992473 0.048717115975145345 0.9749798889577993 110.58157188457734 -0.0020995612793223615 0.998728377575462 -0.05037082159268557 -2.891628759375221 -0.976194003824821 -0.012971909518340714 -0.21651096152369215 -14.926247918031928
-0.21372459873271968 0.051379441704617584 0.9755418744813869 111.89450269851272 -0.0034811578056680023 0.9985695441392045 -0.05335491596802963 -2.9861261022663634 -0.9768877506842175 -0.014799273216792126 -0.2132400151833253 -15.223342679257863
-0.20792827271114656 0.050521812124880765 0.9768384615211338 113.16951840901544 -0.004718160788275879 0.998601790933936 -0.05265170559738524 -3.0659594192399946 -0.9781326967064004 -0.01555665912578901 -0.20739917548223044 -15.50064694319865
-0.20183071360171528 0.05059321567399874 0.9781128204735817 114.37340054604661 -0.005041965815295064 0.9985980190957299 -0.052693214352553024 -3.148618004577865 -0.9794074441353505 -0.015566720459073698 -0.20129266153143618 -15.756707926444845
-0.196024942471655 0.045924080287020136 0.9795229455090749 115.5656280206707 -0.004976112127278755 0.9988432998503832 -0.04782573211249951 -3.2362358236804853 -0.980586283932771 -0.01424925239411315 -0.1955696770185189 -15.999226544488035
-0.18916056413540736 0.04187594453631333 0.9810528457963743 116.82868353270479 -0.003316577328905168 0.9990573060260707 -0.043283941488198405 -3.329741431712049 -0.9819405691236082 -0.011441352416737863 -0.1888433588032161 -16.250360626135222
-0.17860121867457335 0.03932493587903868 0.9831353691664567 117.89609661622869 -0.003820108839882066 0.9991657326057538 -0.040660122415714164 -3.3941068331200777 -0.9839141280906625 -0.011017631529457521 -0.1783019919660811 -16.443953224577918
-0.17074956976513264 0.038897314035970236 0.9845463845780998 119.02185230461181 -0.009177964736556212 0.9991143398358316 -0.041064594210913845 -3.462136544424722 -0.9852717134822843 -0.01604789379325514 -0.17024134549657377 -16.628574901223246
-0.16093480365981003 0.039964999379529596 0.9861555596332513 120.1617919650202 -0.014222893936429297 0.9989821639407015 -0.04280590399032366 -3.536996065577226 -0.986862552870992 -0.020914945683647355 -0.1602025804661043 -16.804901673921503
-0.1526713317883125 0.04421412904352684 0.9872874835846466 121.25402933096221 -0.011532361127219526 0.9988510049701442 -0.04651531486474626 -3.6043369789092234 -0.9882097293068989 -0.018487310866035594 -0.15198601988383073 -16.97719323922565
-0.14656491572904962 0.04772956924796697 0.9880488923614754 122.33606937885793 -0.009506494195906942 0.9987211718935505 -0.04965528551602953 -3.6787362551378484 -0.9891553730559418 -0.016670603797665544 -0.14592374352236692 -17.144356340948967
-0.1400012592618755 0.04616447057779755 0.9890745619321928 123.28253087887448 -0.009304195447638561 0.9988070879131541 -0.04793571822262768 -3.745125638616608 -0.9901076099859858 -0.015913603951295048 -0.13940472681053573 -17.276603199416087
-0.13194264770529407 0.04044673051562289 0.9904318248658569 124.39035375184875 -0.006311969238073239 0.9991126537062357 -0.04164209707043365 -3.8129125544108655 -0.9912372555351489 -0.011745943754436047 -0.13157027036706803 -17.430844203036067
-0.12601732421324705 0.03853192962544112 0.9912794380987993 125.36975601669654 -0.004631661229700846 0.9992116374900213 -0.03942906565930492 -3.8713400376597558 -0.9920172285360705 -0.009560015891856016 -0.12573951003467776 -17.560633562834727
-0.11930794971834864 0.04288794476149602 0.9919305607390754 126.40093031045426 -0.0031538380764836184 0.9990451849641477 -0.043574897651529915 -3.9379202628133583 -0.992852288328627 -0.008327220069677694 -0.11905877106084987 -17.691716139480658
-0.11433569252288654 0.04509084540686517 0.9924183417671218 127.59196033989863 -0.002766454895841256 0.9989510864971834 -0.04570638372709346 -4.010681204253458 -0.9934383202507446 -0.007971351616458469 -0.11409102248111191 -17.835769934242848
-0.10655997222212368 0.04574284989622026 0.9932535245361024 128.66448060057053 -0.0044311351021345145 0.9989094524332282 -0.04647871428145803 -4.072082593427613 -0.9942964031724779 -0.009354011060643073 -0.1062410707558547 -17.95348472453612
-0.09878179594987904 0.044964804147843374 0.9940927135719587 129.583205227595 -0.0035921494028946727 0.9989559787951493 -0.04554172693360375 -4.134687892403447 -0.995102634531526 -0.008069623124639944 -0.09851714536588313 -18.044165829870128
-0.09199349788215697 0.043924570251827263 0.9947903439798739 130.81490945897906 -0.0022214167357934972 0.9990150698652346 -0.044316537430726374 -4.2160208133859705 -0.995757129854008 -0.00628667721100085 -0.09180531593842034 -18.16425226580671
-0.08572239544799179 0.04423577935052037 0.9953365595334617 131.7452194544034 -0.0018508193729005803 0.999005074840679 -0.04455821933404826 -4.277518961017422 -0.9963173417071025 -0.0056618254851525125 -0.08555523564264594 -18.244353062406383
-0.07771693621422623 0.04384249286740398 0.9960110007648729 132.80183401872026 -0.002084998030664191 0.9990232777569835 -0.0441377761436643 -4.345746220225871 -0.9969732848018981 -0.005506933708309716 -0.07754961684267868 -18.3272915291277
-0.0708560695269956 0.042728496702032034 0.996570967357954 133.83819982326006 -0.005463510647780666 0.9990504990251535 -0.04322326282219341 -4.414060286444469 -0.9974715872958928 -0.008507406607142328 -0.07055534402321062 -18.396331741169032
-0.06186914297071659 0.04140998660620857 0.9972248603787116 134.90014563396883 -0.00705770084914079 0.9990958098931226 -0.04192554725620826 -4.476889317852381 -0.9980593158759622 -0.00963201242119915 -0.06152094220608786 -18.461493662024232
-0.057533055264084115 0.040877193247135894 0.9975063922723575 136.0575697047331 -0.00574489033916712 0.9991313026872835 -0.04127512841174708 -4.547590162989786 -0.9983270725503599 -0.008105249080168258 -0.057248241461005996 -18.52862387278138
-0.05338907474416284 0.040736655872666006 0.9977425176699007 137.27173716901297 -0.0053460730573931916 0.9991415644631243 -0.04107984499786624 -4.620195022076924 -0.9985594755450613 -0.007527219307000543 -0.053125462526712276 -18.594188199282748
-0.0487024617314478 0.0413533883674573 0.9979568966101818 138.38364628477964 -0.005467171775584165 0.9991165431683491 -0.04166825170447701 -4.692131562981238 -0.9987983681675064 -0.00748534821245051 -0.04843334913120552 -18.642636993293173
-0.04295943933526682 0.03866065930484874 0.9983285230795081 139.4882743458305 -0.0031323511313200115 0.9992408913094672 -0.0388307804641419 -4.755369996253878 -0.9990719067956971 -0.004795264036387635 -0.04280572969161581 -18.690447681130447
-0.03827621872393184 0.035198928528331466 0.9986470680428864 140.38930472870342 0.0013509818415368313 0.9993803257130154 -0.03517299284698434 -4.805737333439527 -0.9992662837943959 2.864887643339465e-06 -0.03830005304866887 -18.727337830443386
-0.032417469739010725 0.034210431232964494 0.9988887595976707 141.4307140476132 0.002445064418678159 0.99941375981727 -0.03414906071767586 -4.861974928352419 -0.9994714249620693 0.0013353212218787946 -0.03248211202378256 -18.761101076369414
